Ehad energy: 
[   0.           0.           0.           0.           0.
    0.           0.           0.           0.           0.
    0.           0.           0.           0.           0.
    0.           0.           0.           0.           0.
    0.           0.           0.           0.           0.
    0.           0.           0.           0.           0.
    0.           0.           0.           0.           0.
    0.           0.           0.           0.           0.
    0.           0.           0.           0.           0.
    0.           0.           0.           0.           0.
    0.           0.           0.           0.           0.
    0.           0.           0.           0.           0.
    0.           0.           0.           0.           0.
    0.           0.           0.           0.           0.
    0.           0.           0.           0.           0.
    0.           0.           0.           0.           0.
    0.           0.           0.           0.           0.
    0.           0.           0.           0.           0.
    0.           0.           0.           0.           0.
    0.           0.           0.           0.           0.
    0.           0.           0.           0.           0.
    0.           0.           0.           0.           0.
    0.           0.           0.           0.           0.
    0.           0.           0.           0.           0.
    0.           0.           0.           0.           0.
    0.           0.           0.           0.           0.
    0.           0.           0.          28.010706    32.443966
   17.669418    22.520712    27.620588     4.198968    18.970432
    7.2419457   14.504735     4.3269677    6.130931     5.261177
   23.429922    56.933758    28.279581    24.870272     6.2776637
  128.83345    539.93207     11.165388     4.0255413    6.3901
    4.151506    33.025173    48.337738     3.8873415    6.0317554
  564.4131     125.737656     6.286202    69.256485    11.514099
    9.010186    10.067973     5.041552    23.945381     4.0900326
    6.098538     4.6402693    5.417768    10.978093  1863.1321
   17.516352    14.1538       3.9435642    4.753537     8.816624
   36.366802    30.907045   292.52777      9.8886385    6.6046844
    5.7639394  161.85352      6.416352    16.616674     4.475935
   20.724087     4.1648445    4.9518285   14.470928    64.58844
    7.2829394   24.837961     4.588484   177.90541      5.865897
    3.9256358   14.205289     7.72477      4.472555    29.292816
    4.0591545    3.48729      2.098677     2.2091758    3.324475
    3.594419    18.473269    13.315118     6.153305    12.112591
    6.02294     48.755566     6.2710567    5.0111303   45.14961
    0.           0.       ]
 Eem energy: 
[1.71297455e+01 1.26503725e+01 3.04462767e+00 1.26403685e+01
 9.54592228e-01 9.00520992e+00 3.17941260e+00 8.01165009e+00
 1.16063797e+00 9.79055405e-01 2.24974275e+00 1.40792215e+00
 9.58213866e-01 3.05883098e+00 5.16628087e-01 1.47387495e+01
 3.58168945e+01 8.48776722e+00 1.66828537e+02 3.00792885e+00
 1.52373040e+00 1.46368849e+00 8.33424509e-01 5.38493872e-01
 7.21346807e+00 7.96744466e-01 7.34842181e-01 6.45644784e-01
 1.40047112e+01 1.21103048e+00 5.60681164e-01 1.51597815e+01
 1.13889664e+02 2.31518993e+01 7.22400427e+00 1.11582398e+00
 2.43184795e+01 2.97987628e+00 9.12604570e-01 4.48643875e+00
 4.26158810e+00 1.48995981e+01 1.20471144e+00 1.45305634e+00
 1.53157926e+00 5.37488222e+00 4.44063234e+00 1.18190730e+00
 3.07100258e+01 1.30928015e+03 9.85940838e+00 4.40146255e+00
 5.01494551e+00 2.47388363e+01 2.71259308e+01 7.22765064e+00
 1.71632779e+00 1.19466281e+00 1.35390675e+00 8.93579900e-01
 2.64567318e+01 1.86195049e+01 2.89234018e+00 1.32704449e+00
 1.95652568e+00 6.10932693e+01 1.22446527e+01 5.86425552e+01
 1.13720345e+00 8.29013348e-01 5.62534094e-01 6.42513096e-01
 2.68444920e+00 1.08049428e+00 7.91540444e-01 1.05499923e+00
 4.13891840e+00 5.79282939e-01 3.57894421e+00 5.75874925e-01
 7.27578938e-01 1.42579484e+00 6.88769836e+01 5.18639088e+00
 2.36179137e+00 8.36919594e+00 4.67232800e+00 1.20135641e+00
 1.46128283e+01 1.50339568e+00 1.84100795e+00 4.63056135e+00
 2.83623886e+01 4.31333542e+00 1.24959111e+00 4.77074146e+00
 3.26239395e+00 3.08213482e+01 4.30215359e+00 5.09340572e+00
 3.88439369e+00 1.85167015e+00 1.74684489e+00 1.66631877e+00
 1.38608992e+00 1.44236147e+00 1.96517551e+00 1.36748469e+00
 7.93992937e-01 6.53027713e-01 1.18792355e+00 7.20520973e-01
 6.32930517e-01 2.47531557e+00 1.61665654e+00 1.17446959e+00
 3.10742307e+00 5.40776682e+00 4.19331360e+01 2.13462901e+00
 3.03669238e+00 1.41987288e+00 3.53918076e+00 3.57618356e+00
 1.89523995e+00 1.25777922e+01 3.20925283e+00 5.73197067e-01
 3.54162025e+00 3.32796907e+00 1.05305159e+00 6.88131511e-01
 8.86176682e+00 0.00000000e+00 0.00000000e+00 0.00000000e+00
 0.00000000e+00 0.00000000e+00 0.00000000e+00 0.00000000e+00
 0.00000000e+00 0.00000000e+00 0.00000000e+00 0.00000000e+00
 0.00000000e+00 0.00000000e+00 0.00000000e+00 0.00000000e+00
 0.00000000e+00 0.00000000e+00 0.00000000e+00 0.00000000e+00
 0.00000000e+00 0.00000000e+00 0.00000000e+00 0.00000000e+00
 0.00000000e+00 0.00000000e+00 0.00000000e+00 0.00000000e+00
 0.00000000e+00 0.00000000e+00 0.00000000e+00 0.00000000e+00
 0.00000000e+00 0.00000000e+00 0.00000000e+00 0.00000000e+00
 0.00000000e+00 0.00000000e+00 0.00000000e+00 0.00000000e+00
 0.00000000e+00 0.00000000e+00 0.00000000e+00 0.00000000e+00
 0.00000000e+00 0.00000000e+00 0.00000000e+00 0.00000000e+00
 0.00000000e+00 0.00000000e+00 0.00000000e+00 0.00000000e+00
 0.00000000e+00 0.00000000e+00 0.00000000e+00 0.00000000e+00
 0.00000000e+00 0.00000000e+00 0.00000000e+00 0.00000000e+00
 0.00000000e+00 0.00000000e+00 0.00000000e+00 0.00000000e+00
 0.00000000e+00 0.00000000e+00 0.00000000e+00 0.00000000e+00
 0.00000000e+00 0.00000000e+00 0.00000000e+00 0.00000000e+00
 0.00000000e+00 0.00000000e+00 0.00000000e+00 0.00000000e+00
 0.00000000e+00 0.00000000e+00 0.00000000e+00 0.00000000e+00
 0.00000000e+00 0.00000000e+00 0.00000000e+00 0.00000000e+00
 0.00000000e+00 0.00000000e+00 0.00000000e+00 0.00000000e+00
 0.00000000e+00 0.00000000e+00]
 Eta: 
[-4.2384577  -4.3441796  -4.2934403  -4.309354   -3.9451613  -3.8578553
 -3.7617736  -3.4168549  -3.278361   -2.9180365  -2.7417173  -2.6687462
 -2.454603   -2.4077864  -2.2241988  -2.0444171  -2.0349581  -1.983626
 -1.9556291  -1.9257474  -1.7861661  -1.765163   -1.7650268  -1.6169553
 -1.1433955  -1.1203592  -0.93801886 -0.9188467  -0.9066422  -0.8988913
 -0.8989892  -0.8561501  -0.85081136 -0.81938434 -0.8252337  -0.81279516
 -0.803586   -0.7891646  -0.785218   -0.7973909  -0.772596   -0.76768875
 -0.7001778  -0.68847895 -0.5472004  -0.5112381  -0.51840913 -0.5180173
 -0.39699224 -0.3788278  -0.38263953 -0.33255592 -0.3187757  -0.33059537
 -0.3029579  -0.30372754 -0.31197295 -0.21502644  0.05782897  0.06415362
  0.05811067  0.08119015  0.08815663  0.0962228   0.11514154  0.10804909
  0.12499489  0.13279207  0.20752265  0.21222714  0.23209755  0.25115666
  0.26706493  0.40343198  0.41903922  0.41863415  0.47902277  0.4701658
  0.4861304   0.4960699   0.49365023  0.50513446  0.5353212   0.5293078
  0.5248239   0.56417894  0.5600943   0.57928145  0.58191305  0.58778834
  0.5849048   0.6013156   0.60014987  0.62200296  0.6211168   0.6422637
  0.6397469   0.6274601   0.64390254  0.65389997  0.6573074   0.6762261
  0.68838096  0.6811697   0.7055441   0.7292586   0.74071646  0.757422
  0.75478333  0.8385451   0.8974919   2.0236797   2.0188744   2.5715704
  2.6698663   2.7988093   2.9511588   3.0207028   3.215162    3.2691472
  3.4086008   3.4094923   3.3220131   3.659723    3.7155228   3.7084863
  3.9069507   3.9048629   3.9101741   3.8897061   4.045511    4.205664
  4.7850986  -4.890184   -4.7895217  -4.612135   -4.1690936  -4.014131
 -3.7780337  -3.158639   -3.0831091  -2.7953088  -2.5285094  -2.5138898
 -2.2359803  -2.1616879  -2.184444   -2.104514   -2.1641743  -2.084657
 -1.9436725  -1.9488404  -1.9371693  -1.2294674  -1.1738755  -1.0422056
 -0.94514424 -0.9797714  -0.97815096 -0.84011465 -0.8114673  -0.8467858
 -0.8279682  -0.708114   -0.765689   -0.7807915  -0.7511117  -0.6377965
 -0.6361458  -0.67955244 -0.59065574 -0.50566113 -0.49279723 -0.45198205
 -0.3919278  -0.2640581  -0.25682193 -0.13007262 -0.11523923 -0.18743832
  0.09379894  0.09829173  0.12414696  0.36779645  0.473114    0.4228436
  0.59194404  0.5246936   0.5330387   0.50012404  0.56778705  0.5697434
  0.50124896  0.6036149   0.6168238   0.64500004  0.6511111   0.61405957
  0.61770844  0.6716776   0.64569056  0.65798175  0.67308277  0.74588186
  0.74047834  1.2292292   2.6717367   2.6113334   2.9455512   2.957865
  3.1780148   3.6636744   3.648301    3.6648667   3.8028622   3.9832463
  4.0244756   4.1506877   4.2497206   4.45275    -1.66791     0.6334409 ]
 Phi: 
[ 0.6728312   0.84441113  0.9067829   1.3749769  -0.75111634  0.5017352
 -1.7356014  -2.3889976  -1.9103589  -2.4446146   2.1500292  -2.08589
 -1.2626274   2.2848685  -2.5423105  -2.4171126  -2.411715   -2.4097998
 -2.4335449   2.1336958   2.2988894  -3.0118244   2.2521868   1.910594
 -0.05899463  0.04609104 -1.9474983  -1.9731766  -1.8493829  -1.8884703
  2.5960248  -1.955355   -1.9340994  -1.9315511  -1.8699456  -1.9351732
 -1.8805197  -1.9873093  -1.9336667  -1.8896998  -2.0398505  -2.0216908
 -1.9702452  -1.8644824  -2.3949256  -2.3344061  -2.2903454  -0.22906512
  2.5794728   2.557668    2.581868    2.523983    2.549511    2.566579
  2.5738568   2.5966415   2.6776052  -1.744422   -0.06937097 -0.03029937
  0.26554662  0.27519903 -0.13481103  2.0322154  -0.01512914  0.21259287
  0.21798316  0.231676    2.0247655  -2.2347999   1.9207824   1.7360972
  2.051347    2.5925407   1.8479605   2.3698292  -2.9261436  -0.17009036
  2.6157334  -3.0756645  -0.54673994  1.9417442  -2.8376162  -2.768158
 -0.0501616  -2.8213606  -0.15074138 -2.944552   -2.8233342  -0.09206656
  1.8855697  -1.5477762  -1.5017475   2.7445104   3.0778384  -3.1250343
 -0.10578365 -0.09593145 -3.094132   -2.859845   -0.07762143  2.7249484
 -2.9379284  -0.1547367  -3.070672    3.0177767  -1.4293336  -0.20842431
  0.2936529  -1.533407   -0.18114863  0.38511103  1.2423965   2.045666
 -0.6004269   1.1322225   0.02344511 -0.76910317 -0.8622812   0.70221084
 -0.5782922  -0.21815063  1.7318623   1.1683743   2.704189    2.947674
  0.28561023  0.51844466  1.0951023   1.8146669  -1.0341482   2.6943557
  3.0347183   2.0506966   2.3398283   1.6839802   0.7464684   2.7886794
  1.3187475   1.1691083   2.7909448  -2.3388982   1.8940876   3.0249496
  1.2649995  -2.600301   -2.2877607  -2.103356    1.9438068  -2.2878907
 -2.4589324  -2.4414      1.9329063  -1.2451909  -1.7545534  -0.95627606
 -1.9905754  -1.8788728  -1.5715847  -2.21103    -2.035765   -1.8810023
  0.14496943 -2.010642   -1.8936795  -0.26417267 -0.15009952 -2.3595796
 -2.0145054  -0.00441647 -2.371622   -2.0998142  -0.6573921   2.5646417
  2.5635967  -0.3442654   2.7241101  -2.3960192  -1.8921148  -0.20640124
 -0.06105245  0.22665681  0.28250945 -0.29507867 -0.34821433  2.1034958
 -2.8301938  -2.7315836  -1.5127257  -1.3375762  -0.3040459   2.543285
  2.7718446  -2.9951956  -2.9328673  -1.6702276  -1.5487441  -1.3314254
 -0.06608687  0.15802093  2.7807965   2.917533    2.9888875  -3.047121
  3.1350665   2.3211477  -1.4440713   1.3116122  -2.7145793   0.45826516
  0.66777676 -0.8694475  -0.6154495   2.181109   -0.87632275  0.85713327
  1.9479777  -2.59491     0.6670137  -3.0706062   0.3892674  -0.09894766]
 -------------- -------------- 

 Track energy: 
[9.4484282e+00 3.8578037e+01 2.6927626e+00 3.7693582e+00 1.2649378e+01
 9.9347085e-01 2.4264181e+00 5.6993854e-01 1.8578146e+00 5.2516727e+00
 1.3460743e+00 3.1575977e+01 2.7232168e+01 1.2166402e+01 1.0201768e+00
 4.6179379e+01 2.2409167e+02 9.1295713e-01 2.3662333e+00 3.1794260e+01
 7.7923427e+00 9.2978439e+00 3.6579206e+00 1.1950141e+00 2.2461212e+01
 1.6559359e+00 4.4059796e+00 6.5424484e-01 2.7984598e+00 2.8771395e+01
 3.6637396e-01 6.2357860e+00 1.7410328e+01 1.2979861e+01 1.4692010e+01
 1.5385422e+00 2.1138802e-01 2.3046648e+01 2.4217739e+00 2.1129184e+00
 3.7111108e+00 1.4694345e+01 4.6953142e-01 7.3902220e-01 1.6918837e+02
 6.5821375e+02 2.8396075e+00 2.0182784e+00 3.0616200e+00 3.9377375e+00
 4.5177650e+00 3.5936844e+00 1.3594900e+01 1.1509134e+01 5.2381794e+01
 1.9619244e+01 6.4990311e+01 4.5118155e+00 4.0203710e+00 1.4126043e+00
 1.2251902e+00 8.0209726e-01 1.5954546e+00 4.1679353e-01 1.7205208e+01
 5.7884507e+00 3.5446305e+00 8.7838858e-01 9.0033853e-01 2.1911650e+00
 9.0063200e+00 3.3357127e+00 2.5899096e+01 6.7668175e+01 1.0786129e+00
 5.2530587e-01 4.3604228e-01 5.2441233e-01 6.9420636e-01 6.3318825e-01
 2.3292947e+00 4.5417559e-01 1.6881554e+00 1.5491921e+00 1.7468038e+00
 2.0074254e-01 3.8579845e-01 5.2912748e-01 2.0681410e+01 2.7415037e+01
 4.0531448e-01 3.7010379e+00 1.0215676e+00 1.5339788e+00 3.6560177e+01
 9.8799086e+00 7.1038139e+01 4.9451451e+00 4.8890176e+00 1.3719195e+00
 1.9162643e+00 5.9068794e+00 1.6484102e+00 1.1628535e+01 2.6739962e+00
 9.7988434e+01 1.0475959e+02 1.3703415e+01 8.6202604e-01 3.4166121e+00
 2.5095563e+00 2.6893773e+00 4.2037868e+01 7.4588141e+00 2.8898251e+00
 1.8318580e+00 1.3820082e+02 6.5029289e+01 1.6825329e+00 1.8167423e+01
 3.7382348e+00 6.4106574e+00 1.0809246e+00 9.1862698e+00 1.3880812e+01
 3.5154111e+00 1.2604446e+00 9.6643095e+00 3.8776100e-01 5.1891069e+00
 1.2001955e+01 5.8898191e+00 1.6500998e+01 1.0551575e+01 4.6506076e+00
 2.6992311e+00 2.2261817e+00 1.5676193e+00 1.4626554e+00 7.5299591e-01
 9.9715722e-01 8.0170381e-01 9.6700943e+01 7.9429859e-01 7.2105610e-01
 5.2166444e-01 1.2968240e+00 6.0254878e-01 1.1561441e+00 2.5955033e+00
 3.8032668e+00 1.8985679e+00 4.6941599e-01 3.2227975e-01 1.3692371e+00
 1.0636411e+00 1.6868174e+01 1.0452583e+01 2.1452212e+00 5.3945708e+00
 8.1525936e+00 2.5723107e+00 1.3329868e+00 9.3536787e+00 1.3465440e+01
 6.7453609e+00 5.0931007e-01 9.4377697e-01 2.3457867e+01 1.0945654e+02]
 Track Eta: 
[-0.38015154 -0.34569547 -0.55005836 -0.8886699  -0.9441952  -0.48118156
  0.57309055  0.23831241  0.9373128   0.5145174  -2.1998858  -0.83273673
  0.01629051  0.03534515  0.35949838 -0.81935453 -0.8183115  -0.75634193
 -1.2411634  -0.8192874  -0.92679894 -0.8076356  -0.8872023   0.6901648
  0.6318287   0.59109014  0.6676548  -0.83648735 -0.27729705  0.51438624
  2.363994   -0.29471624 -0.38159907 -0.38005316  0.6067081  -0.24064568
 -0.927717    0.51048446  0.5074323   0.28665197  0.44092643 -1.9560323
 -0.86886764 -1.1528687  -0.3671777  -0.36667654 -0.6119798  -0.6609325
 -0.7166707  -0.7397994   0.48455653 -2.1306248  -2.1122801  -0.8274034
 -0.8148078  -0.8398577  -0.82369035 -0.9350381  -0.81349164 -1.0525191
 -1.0723541  -0.20528758  1.5381124   0.7421949  -0.93654925 -0.8799622
  0.5626226  -0.5327661   0.19225994  0.6333999  -0.8363471   0.14396203
  0.10823042  0.12577009  1.3513933   1.1416937   0.6352035  -1.1362967
 -0.4316827   1.139424    0.712384    0.9146041   0.37507635  0.61437494
  0.6488854   1.4617141   0.9693932   0.6794304   0.60080415  0.5863405
 -1.1619288  -0.35550764  0.54706     0.5758435   0.52584946 -0.30045524
  0.61918217  0.6466887   0.52185106 -0.45788574 -0.2952589   0.57149434
  0.38753876  0.5904316   0.55009663 -1.9569187  -1.9570768   0.71842915
  0.5958879   0.78853446 -0.92467594 -0.80827636 -0.37959114 -0.3667081
 -1.9327328  -2.1763248  -0.3700208  -0.36984685 -2.005845   -0.72500426
 -0.753794    0.7363338   0.6348415  -0.9133585  -0.8564871  -0.7611798
 -0.40225148 -0.40842512 -0.97581714 -0.78553975 -0.74485904  0.09606109
 -0.6935818  -0.7287682  -0.59812105 -0.5530388  -0.6102001  -0.6178938
 -0.4014271  -0.77376395 -0.912709   -0.6030257   0.12093275 -0.18155602
 -0.58021826 -0.7917645   0.3279741   0.30934882  0.56818664  0.6631811
  0.5257172   0.6591637  -0.20105986 -1.3488516   0.5539774   0.85572064
  0.6311389   0.651035    0.5431586  -0.21465604 -0.18033437 -0.09064882
 -0.30124944  0.53421295  0.61500764  0.6290766  -0.23421323 -0.90871423
 -1.66791     0.6334409 ]
 Track Phi: 
[ 2.5256817   2.5674734  -2.411403   -1.9436375  -1.9160051  -1.052353
 -0.36315513 -0.26273322  1.7935121   2.677048    1.546266   -1.9500691
 -0.04406574  0.21210086  0.30671465 -1.9592259  -1.9561799  -0.95641094
 -1.0670251  -1.9104266  -1.9729496  -1.8563399  -0.03697737 -1.3939608
 -2.8982067  -3.1112676  -2.8959882  -2.72803     2.5965123  -2.8358965
  1.5279781   2.569053    2.5081773   2.5596101  -0.09602811 -0.25535744
  1.4086765  -2.825256   -2.869831    2.0095875  -1.5417135  -2.4414465
 -0.30985716 -1.4135796   2.556957    2.5573769  -0.16187991 -0.21098559
 -0.10758273 -0.16813484 -0.33304113 -2.3425741  -2.4352276  -1.9408972
 -1.9233061  -1.9445716  -1.9508629  -2.0629928  -2.1554296  -2.15131
 -1.1487747  -0.12829621  2.179799    1.6846787  -1.92093    -1.9382625
  2.5757916  -2.3798733   2.1103766  -0.28498274 -1.9936844   0.2186702
  0.23533654  0.22343935  2.2439399   3.0661774   1.7047445  -2.9530761
 -0.07403734 -1.7594376  -1.6529336  -0.46834287 -1.5293331   2.9436824
  2.5240505  -0.16542843 -1.8973505   2.8522465  -2.8906248  -2.8783998
  2.2924254   2.5569816   2.8925319  -2.8895633  -2.8309371   2.6176348
 -0.10088406  0.00417622 -0.176362   -0.285      -0.15525971 -2.9191186
 -2.9133756  -1.5312694  -1.524378   -2.4349058  -2.4383037   3.0345433
  2.9905105   3.116765    0.04483049  0.23467591  2.5582728   2.5562296
  1.9800787   2.1575334   2.5559914   2.5593874  -2.4474034  -2.001088
 -1.9198123   2.954855    3.0565982  -1.9498148  -1.8859484  -1.8437505
  2.5911489   2.5505254  -1.5928079  -1.9501958  -1.9978896  -0.16370274
 -2.0248253  -1.9569145  -2.2911198  -2.2835548  -2.5386884  -2.6546485
 -2.3807242  -1.9921894  -2.0205898  -2.4136555   0.22026066 -2.2405405
 -1.2873365  -1.1199923  -1.3971983  -1.2972156  -1.7077757  -1.4016256
 -1.5674567   2.70441    -2.7401183   1.8265371  -2.5528266  -3.0388918
 -0.09298571 -0.09707924 -0.04434272 -0.20632787 -0.20268379 -0.19815496
 -0.45221102 -2.910267   -1.5227629  -1.4990494  -2.0563178   0.1462503
  0.3892674  -0.09894766]