Ehad energy: 
[   0.         0.         0.         0.         0.         0.
    0.         0.         0.         0.         0.         0.
    0.         0.         0.         0.         0.         0.
    0.         0.         0.         0.         0.         0.
    0.         0.         0.         0.         0.         0.
    0.         0.         0.         0.         0.         0.
    0.         0.         0.         0.         0.         0.
    0.         0.         0.         0.         0.         0.
    0.         0.         0.         0.         0.         0.
    0.         0.         0.         0.         0.         0.
    0.         0.         0.         0.         0.         0.
    0.         0.         0.         0.         0.         0.
    0.         0.         0.         0.         0.         0.
    0.         0.         0.         0.         0.         0.
    0.         0.         0.         0.         0.         0.
    0.         0.         0.         0.         0.         0.
    0.         0.         0.         0.         0.         0.
    0.         0.         0.         0.         0.         0.
    0.         0.         0.         0.         0.         0.
    0.         0.         0.         0.         0.         0.
    0.         0.         0.         0.         0.         0.
    0.         0.         0.         0.         0.         0.
    0.         0.         0.         0.         0.         0.
    0.         0.         0.         0.         0.         0.
    0.         0.         0.         0.         0.         0.
    0.         0.         0.         0.         0.         0.
    0.         0.         0.         0.        32.49425   29.49498
   24.66822   22.0036    23.55424    5.82323    9.45445    4.08449
    2.42404    2.25991    6.99263    2.18498    7.67443    7.2743
    4.22847   10.4983     9.19886    6.67283    2.05322   36.34843
   10.59525    4.33655   24.42255   57.70402   14.43467   15.17875
   18.11805   13.40327   13.64918    7.47839  431.46042    5.18475
   72.79604    4.03685   65.97382    4.38338  575.9759  2256.851
   23.59879  619.98663   10.36671    9.64936   31.49109    8.62747
    4.28591    6.23132    5.39764    6.27175   15.24305   12.35599
  538.2632  1971.3182    48.94032   10.86615   12.11196    4.85193
   13.63588  563.5605     4.72647    5.77923    8.82279   14.05545
   11.61845    3.97878    6.95235    4.99829   20.43969    6.63051
    6.65429    7.82124    3.10719    4.81047    2.76143    4.48024
    5.63748    2.85605    2.23787    7.05534    7.85325    2.8724
    8.04322    7.65766   16.93304    8.87912   20.00179   11.35058
    5.67724   29.72083   26.9472    37.125  ]
 Eem energy: 
[  2.4843    0.55906   5.9654    6.56792   8.99421   7.8848    5.42935
   0.781     1.29577   8.57524   1.83095   1.47932   6.61194   1.31086
   4.71228   0.93007   2.74927   2.60477   5.9864    0.94039   0.86443
   3.86884   1.77686   2.37667   7.71153   5.67766   6.83971  18.20138
   5.93675   3.36762   1.14608   0.82654   0.91293   1.15431   1.56239
   1.34427   0.62814   2.31714   4.99468 147.08847  48.53608 100.82463
  72.70273  13.2329    2.21609   1.69294  10.91641  46.81253   1.91355
   0.88439   0.8343    5.48162 159.53944   6.9219   14.82198   5.8726
  14.41554   2.58368  22.32613  19.25963   0.92798   1.3692   40.87731
  11.47111   3.37675   1.3471    0.63937  36.07118  15.47092  10.24218
   4.774     1.0972    6.32517  15.91211   8.61651  18.9187   17.88376
   7.13814  21.78525   4.66312  49.45312  60.2618   89.64349   6.7848
   1.25858   4.92207   0.67374   5.17098   1.09349   0.7911    1.24754
   0.62204   1.07546   0.60408   0.61406   1.55004   4.72855   1.80175
   1.32872   1.40312   2.87817   4.37642   0.83495   2.5393    0.54862
   0.68049  53.11782  58.77545 144.5545    2.21341   2.07769   1.04023
  28.15295 801.19714   0.89272   5.96226   2.07393   1.30184   1.2866
   0.84435   2.90823   1.06602  93.17503   0.69799   7.24457   0.54755
   7.50752   2.78581   6.96394   1.39391   1.49868   1.30345   1.6389
   1.11351  11.42362   3.48706   4.11922   1.39055   7.46536   3.18812
   0.80374   6.09713   0.76418   3.56307   0.54639   2.30798   0.64841
   2.15337   0.88496   2.50887   1.12018   1.52323   6.23112   6.72235
  10.87143   8.92275  12.87228  14.17429  11.88018   3.07581   0.
   0.        0.        0.        0.        0.        0.        0.
   0.        0.        0.        0.        0.        0.        0.
   0.        0.        0.        0.        0.        0.        0.
   0.        0.        0.        0.        0.        0.        0.
   0.        0.        0.        0.        0.        0.        0.
   0.        0.        0.        0.        0.        0.        0.
   0.        0.        0.        0.        0.        0.        0.
   0.        0.        0.        0.        0.        0.        0.
   0.        0.        0.        0.        0.        0.        0.
   0.        0.        0.        0.        0.        0.        0.
   0.        0.        0.        0.        0.        0.        0.
   0.        0.        0.        0.        0.        0.        0.
   0.        0.        0.        0.        0.     ]
 Eta: 
[-4.99569 -4.80663 -4.81901 -4.52515 -4.2154  -4.17013 -4.1174  -3.89997
 -3.79329 -3.65775 -3.48469 -3.38266 -3.20727 -3.06253 -2.8872  -2.8603
 -2.85282 -2.7996  -2.73179 -2.68197 -2.58679 -2.49571 -2.32111 -2.24485
 -2.2176  -2.07868 -2.08793 -2.06211 -2.05631 -1.9591  -1.94544 -1.94859
 -1.94406 -1.9379  -1.42663 -1.23378 -1.07156 -1.00909 -0.88858 -0.87804
 -0.86991 -0.85999 -0.86801 -0.83823 -0.51847 -0.43447 -0.43355 -0.40492
 -0.41182 -0.39925 -0.38216 -0.3789  -0.37281 -0.37336 -0.36263 -0.34099
 -0.3363  -0.33108 -0.34101 -0.34621 -0.31581 -0.32415 -0.32653 -0.31707
 -0.30943 -0.30622 -0.31065 -0.30682 -0.30581 -0.30761 -0.27961 -0.28855
 -0.27996 -0.2796  -0.26328 -0.27552 -0.27733 -0.27652 -0.26864 -0.26046
 -0.25881 -0.25856 -0.2345  -0.2412  -0.21923 -0.21376 -0.19934 -0.19717
 -0.2041  -0.18746 -0.16495 -0.1565  -0.10997 -0.06939 -0.05443 -0.02504
  0.03382  0.06209  0.07007  0.07983  0.12204  0.13899  0.16654  0.16355
  0.20678  0.22619  0.32512  0.33697  0.33842  0.34073  0.35668  0.35234
  0.3819   0.38126  0.36547  0.3667   0.39166  0.43355  0.49753  0.52588
  0.76935  0.81499  0.82657  0.85098  0.85247  0.93894  0.96752  0.98138
  1.00735  1.50384  1.49814  1.53287  1.58483  1.58502  1.60686  1.62067
  1.6354   1.68035  1.69895  1.72302  1.86113  1.90873  1.98029  1.9676
  2.14044  2.14263  2.27203  2.36812  2.5801   2.72403  2.7427   2.92449
  3.18707  3.25832  3.195    3.40966  3.48044  3.95968  4.05797  4.56868
 -4.59451 -4.49053 -4.43886 -4.20466 -3.96836 -3.81688 -3.62426 -3.08106
 -3.16373 -3.01441 -2.76582 -2.77166 -2.57345 -2.35032 -2.24168 -2.16314
 -2.17771 -2.03456 -1.92862 -1.85238 -1.65406 -1.56377 -1.44087 -1.43424
 -1.47425 -1.38261 -1.32107 -1.31141 -1.28028 -0.84311 -0.85307 -0.85616
 -0.74739 -0.47515 -0.44843 -0.34149 -0.34788 -0.35445 -0.23477 -0.21889
 -0.261   -0.26518 -0.29529  0.03388  0.01096  0.19751  0.17091  0.21584
  0.2946   0.23008  0.3336   0.33943  0.35128  0.46129  0.43337  0.48979
  0.5347   0.82453  0.89432  0.83506  0.95888  0.93442  1.0562   1.38727
  1.51174  1.5306   1.61226  1.62447  1.60192  1.71225  1.75732  1.75629
  1.84162  2.21956  2.22777  2.76412  2.75747  2.66318  2.87619  3.02129
  3.31397  3.38223  3.69314  3.55665  4.12253  4.1075   4.49855  4.33447
  4.68627  4.68933]
 Phi: 
[ 1.06805  2.66743  3.06386  0.93254  0.72478 -0.5067   0.0995  -2.4851
  0.35271  1.03045  1.04612  1.92553  0.50704  0.45657  1.77885  1.1305
 -0.53617  1.83774  1.92878  1.38696  1.39808  0.95167  0.91954  0.23649
  0.38291  0.50751  0.66374  0.49537  0.5469   0.54368  0.41169  0.51452
  0.73765  0.76921 -1.79388  0.56487 -0.62244  0.05142 -0.10856 -0.11404
 -0.14605 -0.11878 -0.10091 -0.11256  2.40374  2.63186  2.66217  2.63286
  2.66872  2.56628 -1.82778  2.61431  2.63147  2.67254  2.59523  2.52715
  2.53108  2.57135  2.60544  2.64698 -1.78869 -1.72076  2.58382  2.60682
 -1.78553 -1.63915 -1.60972  2.58927  2.61111  2.685   -1.76066 -1.67139
 -1.59091  2.5998  -1.73564 -1.68383 -1.66935 -1.61467  2.63298 -1.72342
 -1.7053  -1.68744 -1.72597 -1.69006 -1.90056 -1.69375 -2.52161 -1.67875
 -1.58421 -1.70109 -1.61534 -1.74758 -1.5277  -2.8738  -1.59341 -1.40243
 -1.51687 -1.44789 -1.61692 -1.46042 -1.6585  -1.46321 -1.87793 -1.6688
 -2.84853  2.23124 -1.63248 -1.63802 -1.61807  0.12064 -1.6405  -1.5032
  0.11748  0.12586  0.14238  0.20554 -1.60121 -1.69185 -3.1365  -2.0483
 -2.66369 -2.55448 -2.6033  -2.6106  -2.54179 -2.50427 -2.55596 -2.64082
 -2.55916 -3.08852 -2.92826 -2.85239 -2.97646 -2.90528 -2.80855 -3.10003
 -2.99622 -1.88921 -3.13813 -2.86317 -3.10792 -2.87596 -3.08733 -1.44964
  2.28489  2.50274  1.64262 -0.8261   2.11961 -0.70201 -0.47213 -0.67694
 -0.20287  2.11642  2.32406 -2.0822  -2.26661  2.24252 -3.02611  2.45014
  1.32563 -1.11186  3.09358  0.84171  1.85326 -2.39757  0.98164 -1.50525
  1.26989  2.82862  0.57339  1.53024  0.50398  0.34413  0.89045 -0.11333
  0.68644 -0.04618 -0.53822  0.4632   0.11813  0.65297  0.0061   0.21188
  0.41457 -0.8733   0.08709  0.32374  0.18387 -0.29138 -0.16252  0.13248
 -0.09164 -1.90741  2.72166 -1.56201  2.49486  2.77415 -1.78999 -1.72282
 -1.40697  2.25975  2.53899 -1.51616  2.25457 -1.66016 -1.44413 -1.96217
 -1.60734 -1.28666 -1.60353  0.05082  0.22417 -1.71869 -1.52556  0.17718
 -1.71995 -2.77354 -2.34606 -1.70003 -2.90876 -2.47742 -2.92114 -2.8655
 -3.02454 -2.95619 -2.87305 -2.7543   2.8799  -2.9296  -2.77427  2.14925
 -2.72175 -1.80718 -1.09047 -1.83824 -1.34933  2.5159  -1.12912  1.39647
 -2.61357  2.75294 -2.81397 -1.76988 -0.82457  2.50615 -1.69631  0.46518
 -0.25779  2.30293]
 -------------- -------------- 

 Track energy: 
[  0.43633  74.4959   49.32312   6.45533  89.18377  98.37305 128.91728
  39.81143   2.80144   2.65627   4.9326    0.58834   2.11524   2.20518
   0.71601  22.60865  52.04296   3.08291   5.33022   8.66876   9.82326
   3.09361   1.89882   0.35381  11.94214  10.24409   2.1376    1.60757
  82.55916  76.89774  85.40303  48.92905  11.73237   0.42119   0.50712
  12.39324   1.28324   0.44745   0.5863    7.88026   7.58605  20.03042
  10.8831   29.86889  21.44277   7.0187  127.82032 106.88187   9.89635
 273.74677  82.58232   0.76786   6.491    25.03253   3.22068  34.26611
   0.45774   2.05373   6.95001   3.62855   0.89544   3.1922  254.02492
  26.11123  78.77848   0.73242   5.50403 414.17902 280.93372   6.96701
   5.69738   5.79422   2.05541   0.31464   2.06588   5.30353   1.81563
 112.22052  39.48111   0.87635   0.92753   0.42795  53.92217   9.92093
  20.51008  48.78449  65.83855  53.33372   0.25778   0.33473   1.96723
   2.94047  15.09952  13.82298  10.45581   4.64048   2.54523   2.65394
   1.4664    1.8113    1.26594   3.0673   95.31368  58.07347   1.91726
   1.37901   1.5525   35.97459   0.61928   0.42259   5.03618   0.61918
   4.505     1.09407   0.50596   1.83747  87.57561  30.5888   68.55772
   2.16583   1.11887   3.49676   1.88218   3.49058   5.41799   1.74718
   7.16604   1.0609    0.25291   2.32499 245.09853 135.60985  90.51891
 176.89516  80.30808  75.08405 185.92863 270.53613  13.13883   7.92278
   2.4154    0.83905   1.34656   1.76214   0.41885   1.06879   1.3428
  15.41634  10.63902  21.51249  24.1652    1.78983  44.65168   3.71668
  63.33283 122.721     4.69344   2.42155   2.31805   2.02932  86.1218
  35.82669   1.16943   3.67011   1.29584   2.92551   1.35794   1.23367
   1.98172   1.09185  68.11858 128.6024   76.2207    3.51838   3.7491
   0.80879]
 Track Eta: 
[ 0.52817  0.38682  0.36463  0.35664  0.37695 -0.37151 -0.31239 -0.31255
 -0.25903 -0.26886  0.96468  1.38287  1.6203   1.65924  1.80351  0.85437
  0.82431 -1.66571 -1.29545 -1.37768 -0.73355  1.05856  1.30922 -2.21066
 -0.30659  0.51608  0.21094  0.28124 -0.87647 -0.88052  0.33784  0.32563
  0.31764 -1.4375  -1.40943 -0.26466 -2.20414 -1.12191  0.37774  0.26182
 -0.27727 -0.82946 -0.77521  0.36289  0.34951  0.94793  0.37712  0.38005
 -1.41682 -0.37441 -0.37379  1.8247  -0.33434 -0.76703 -0.79532 -0.24398
 -1.8241  -1.20081  1.65433  1.57028 -0.34537  0.88571  0.83317  0.84029
  0.826    0.9836  -0.27372 -0.37334 -0.37437 -1.40777 -1.37842 -1.43087
  0.3769   1.26059  0.274    0.48463 -0.31811 -0.31157 -0.33019 -1.3072
 -0.09978  0.47243 -0.86344 -0.86638 -0.87601  0.34145  0.32808  0.34145
 -2.09474 -1.4378  -0.24833 -0.33308 -0.39697 -0.38689  0.45157  0.35727
 -0.38007 -0.47211  0.16965  0.07398  0.3086  -0.25399 -0.2559  -0.24662
 -0.07651 -0.00499  0.21333  0.34218  0.49531  1.95489 -0.87898 -0.84519
 -0.79072 -0.69304  0.8354   1.73491 -0.31291 -0.29239 -0.22425 -1.85822
 -2.11547  1.70939  1.44567  1.63798 -0.38589 -0.27682 -0.37074  0.23011
 -0.26226 -0.04422  0.37434  0.37585  0.37161  0.37704  0.37766  0.37751
  0.37589  0.37665 -0.21439 -0.22687  0.55558 -1.99502 -2.42102  2.26398
  1.60191  2.25245 -0.30933 -0.30713 -0.3346  -0.32285 -0.31804  0.25226
 -0.86076 -0.89051  0.34866  0.34964  0.02312  0.16646  0.1599   0.22288
 -0.38894 -0.39327  0.47677 -0.35952 -0.38756 -0.23816  0.27054  0.21197
 -0.01867  0.19377 -0.25008 -0.25119 -0.25447 -0.08576  0.05158  0.59999]
 Track Phi: 
[-0.49971  0.11252  0.11517  0.14493  0.12511  2.62823  2.57751  2.56704
  2.3532  -1.68697 -2.79954 -2.94268  2.94367 -2.92201  3.13473 -2.60694
 -2.6188   0.10788  0.27773 -0.01229 -0.07529 -2.94602 -2.74643  2.68067
  2.58212 -1.62985 -1.52831 -1.62455 -0.11225 -0.11754 -1.6313  -1.61315
 -1.64047  0.13134 -0.7515  -1.73309  0.80734  1.26113 -1.83963 -1.59392
 -1.69607 -0.09096 -0.08611  0.14152  0.1591  -2.58741  0.12446  0.12105
  0.27881  2.62968  2.62597  3.07932  2.5626  -0.11615 -0.17523 -1.7242
  0.04747  0.15077 -3.02499 -2.77021  2.08011 -2.44733 -2.62027 -2.60792
 -2.62389 -3.12194 -1.76361  2.62993  2.63019  0.20965  0.36632  0.30206
  0.1215   0.67113  0.02116  0.16123 -1.76511  2.57242  2.59559 -0.89465
 -1.0787  -2.11806 -0.10174 -0.09557 -0.10147 -1.62688 -1.61056 -1.6334
  1.88772 -0.27856 -1.94213 -1.53504  2.61231  2.62752 -1.66014 -1.6898
 -1.68829 -1.70573 -1.51315 -1.87932 -1.58779 -1.62082 -1.6927  -1.70245
  2.47733  2.11046  2.4767   0.16785  1.45515 -1.26138 -0.05308  0.5371
 -0.02841 -0.11083 -2.35036 -2.79161  2.5767   2.56783 -1.72758  0.24082
  0.42906 -2.96924 -2.97032 -2.88832  2.60443  2.93216  2.57475  2.18696
  3.06687  2.32357  0.12505  0.12403  0.12185  0.1184   0.12685  0.13123
  0.12447  0.11992 -1.72997 -1.78328  0.05759  0.31757  0.01174 -1.27665
  3.01658 -2.14443  2.6394   2.58834  2.58453  2.5772   2.57261 -1.43814
 -0.11558 -0.16409 -1.62261 -1.62372 -1.50057 -1.60006 -1.54492 -1.55315
  2.63187  2.64156 -1.3577  -1.58302 -1.68165 -1.59054 -1.74641 -1.61618
 -1.64864 -1.76242 -1.68829 -1.69278 -1.69143  2.13288  2.16827  2.40422]