Testing model resnet18_1703078471_SPH_9_BH_n2_M10_BH_n4_M8_BH_n4_M10_BH_n4_M12_BH_n6_M10_CUT. 
Number of events in data: 
15000 
Classes in data: 
6 
Number of events detected: 
[ 2  3  4  5  6  7  8  9 10 11 12 13 14 15 16 17 18 19 20 21 22 23 24 25
 26 27 28 29 30 31 32 33 34 35 36 37 38 39 40 41 42 43 44 45 46 47 48 49] 
Number of samples for each n number of events: 3000 
p_values: 
[[[8.69857855e-01 8.54544068e-01 8.48117122e-01 8.38389976e-01
   8.26095905e-01 8.16786120e-01 8.07031326e-01 8.01813282e-01
   7.95904460e-01 7.85594701e-01 7.83149318e-01 7.77772539e-01
   7.70557159e-01 7.66978865e-01 7.61522200e-01 7.54753074e-01
   7.47060827e-01 7.42421343e-01 7.37419530e-01 7.31061633e-01
   7.24460876e-01 7.18965147e-01 7.11777176e-01 7.05960810e-01
   6.99502383e-01 6.95105778e-01 6.93446010e-01 6.85624986e-01
   6.80030328e-01 6.76523059e-01 6.70316671e-01 6.65129764e-01
   6.61895537e-01 6.58561417e-01 6.55283849e-01 6.52737719e-01
   6.49598206e-01 6.45065672e-01 6.42436282e-01 6.39213603e-01
   6.35929024e-01 6.32001955e-01 6.29352444e-01 6.26658921e-01
   6.23225720e-01 6.20332685e-01 6.18546353e-01 6.16609230e-01]
  [2.54432578e-02 5.05139343e-03 8.35515786e-04 8.69621462e-05
   3.02449130e-06 2.76757856e-08 1.46168685e-08 1.98303160e-10
   8.23278593e-13 5.05027020e-13 3.34521300e-15 2.34257058e-17
   0.00000000e+00 0.00000000e+00 0.00000000e+00 0.00000000e+00
   0.00000000e+00 0.00000000e+00 0.00000000e+00 0.00000000e+00
   0.00000000e+00 0.00000000e+00 0.00000000e+00 0.00000000e+00
   0.00000000e+00 0.00000000e+00 0.00000000e+00 0.00000000e+00
   0.00000000e+00 0.00000000e+00 0.00000000e+00 0.00000000e+00
   0.00000000e+00 0.00000000e+00 0.00000000e+00 0.00000000e+00
   0.00000000e+00 0.00000000e+00 0.00000000e+00 0.00000000e+00
   0.00000000e+00 0.00000000e+00 0.00000000e+00 0.00000000e+00
   0.00000000e+00 0.00000000e+00 0.00000000e+00 0.00000000e+00]
  [6.72785515e-02 2.13086057e-02 6.49012025e-03 1.38898821e-03
   3.29230960e-04 7.18017073e-05 1.10060466e-05 2.38397948e-06
   3.98776781e-07 3.64536581e-07 3.47000087e-08 2.92836142e-09
   2.21201635e-10 2.20390842e-11 1.52027761e-12 1.57869377e-12
   1.11137581e-13 9.42231478e-15 7.06027829e-16 7.71605002e-17
   4.07081776e-18 7.40148683e-20 3.70074342e-20 0.00000000e+00
   0.00000000e+00 0.00000000e+00 0.00000000e+00 0.00000000e+00
   0.00000000e+00 0.00000000e+00 0.00000000e+00 0.00000000e+00
   0.00000000e+00 0.00000000e+00 0.00000000e+00 0.00000000e+00
   0.00000000e+00 0.00000000e+00 0.00000000e+00 0.00000000e+00
   0.00000000e+00 0.00000000e+00 0.00000000e+00 0.00000000e+00
   0.00000000e+00 0.00000000e+00 0.00000000e+00 0.00000000e+00]
  [4.98211935e-03 7.78579826e-04 1.15497007e-04 4.14899524e-07
   1.24387570e-10 4.72007618e-15 1.97926860e-14 1.11022302e-18
   0.00000000e+00 0.00000000e+00 0.00000000e+00 0.00000000e+00
   0.00000000e+00 0.00000000e+00 0.00000000e+00 0.00000000e+00
   0.00000000e+00 0.00000000e+00 0.00000000e+00 0.00000000e+00
   0.00000000e+00 0.00000000e+00 0.00000000e+00 0.00000000e+00
   0.00000000e+00 0.00000000e+00 0.00000000e+00 0.00000000e+00
   0.00000000e+00 0.00000000e+00 0.00000000e+00 0.00000000e+00
   0.00000000e+00 0.00000000e+00 0.00000000e+00 0.00000000e+00
   0.00000000e+00 0.00000000e+00 0.00000000e+00 0.00000000e+00
   0.00000000e+00 0.00000000e+00 0.00000000e+00 0.00000000e+00
   0.00000000e+00 0.00000000e+00 0.00000000e+00 0.00000000e+00]
  [1.57249646e-09 4.52045808e-16 3.10492373e-17 0.00000000e+00
   0.00000000e+00 0.00000000e+00 0.00000000e+00 0.00000000e+00
   0.00000000e+00 0.00000000e+00 0.00000000e+00 0.00000000e+00
   0.00000000e+00 0.00000000e+00 0.00000000e+00 0.00000000e+00
   0.00000000e+00 0.00000000e+00 0.00000000e+00 0.00000000e+00
   0.00000000e+00 0.00000000e+00 0.00000000e+00 0.00000000e+00
   0.00000000e+00 0.00000000e+00 0.00000000e+00 0.00000000e+00
   0.00000000e+00 0.00000000e+00 0.00000000e+00 0.00000000e+00
   0.00000000e+00 0.00000000e+00 0.00000000e+00 0.00000000e+00
   0.00000000e+00 0.00000000e+00 0.00000000e+00 0.00000000e+00
   0.00000000e+00 0.00000000e+00 0.00000000e+00 0.00000000e+00
   0.00000000e+00 0.00000000e+00 0.00000000e+00 0.00000000e+00]
  [3.35422016e-03 3.10070057e-04 4.22124567e-05 2.65153075e-08
   8.67301601e-13 2.22044605e-18 2.64233080e-17 0.00000000e+00
   0.00000000e+00 0.00000000e+00 0.00000000e+00 0.00000000e+00
   0.00000000e+00 0.00000000e+00 0.00000000e+00 0.00000000e+00
   0.00000000e+00 0.00000000e+00 0.00000000e+00 0.00000000e+00
   0.00000000e+00 0.00000000e+00 0.00000000e+00 0.00000000e+00
   0.00000000e+00 0.00000000e+00 0.00000000e+00 0.00000000e+00
   0.00000000e+00 0.00000000e+00 0.00000000e+00 0.00000000e+00
   0.00000000e+00 0.00000000e+00 0.00000000e+00 0.00000000e+00
   0.00000000e+00 0.00000000e+00 0.00000000e+00 0.00000000e+00
   0.00000000e+00 0.00000000e+00 0.00000000e+00 0.00000000e+00
   0.00000000e+00 0.00000000e+00 0.00000000e+00 0.00000000e+00]]

 [[1.63043565e-02 1.86935227e-03 7.21563327e-05 6.08506291e-07
   1.77838825e-08 1.69451767e-10 1.56374913e-15 2.85186689e-15
   6.77236045e-18 0.00000000e+00 0.00000000e+00 0.00000000e+00
   0.00000000e+00 0.00000000e+00 0.00000000e+00 0.00000000e+00
   0.00000000e+00 0.00000000e+00 0.00000000e+00 0.00000000e+00
   0.00000000e+00 0.00000000e+00 0.00000000e+00 0.00000000e+00
   0.00000000e+00 0.00000000e+00 0.00000000e+00 0.00000000e+00
   0.00000000e+00 0.00000000e+00 0.00000000e+00 0.00000000e+00
   0.00000000e+00 0.00000000e+00 0.00000000e+00 0.00000000e+00
   0.00000000e+00 0.00000000e+00 0.00000000e+00 0.00000000e+00
   0.00000000e+00 0.00000000e+00 0.00000000e+00 0.00000000e+00
   0.00000000e+00 0.00000000e+00 0.00000000e+00 0.00000000e+00]
  [5.89599040e-01 5.59952766e-01 5.53779060e-01 5.44510639e-01
   5.34416675e-01 5.27385067e-01 5.27673088e-01 5.22514991e-01
   5.15801284e-01 5.14118631e-01 5.13725836e-01 5.14362752e-01
   5.12565157e-01 5.12730924e-01 5.13146301e-01 5.12060606e-01
   5.08746974e-01 5.06694074e-01 5.06959935e-01 5.06350655e-01
   5.06144582e-01 5.07640097e-01 5.08547980e-01 5.07472836e-01
   5.04385767e-01 5.01817158e-01 5.02113831e-01 5.03773337e-01
   5.01000892e-01 5.02259268e-01 5.02801057e-01 5.03220636e-01
   5.04828060e-01 5.05134894e-01 5.07048201e-01 5.07318089e-01
   5.05750068e-01 5.06149056e-01 5.05146842e-01 5.05186761e-01
   5.05978267e-01 5.06724053e-01 5.06258236e-01 5.06997176e-01
   5.08982547e-01 5.07430436e-01 5.08638578e-01 5.08308165e-01]
  [1.40803228e-01 7.65017339e-02 4.57577886e-02 2.61795736e-02
   1.45450141e-02 8.03007157e-03 4.20221599e-03 1.93948029e-03
   1.05882888e-03 5.28485070e-04 2.90605183e-04 1.53768848e-04
   8.91992069e-05 5.98667112e-05 4.38447431e-05 2.92823713e-05
   2.49756193e-05 1.45395299e-05 1.82003243e-05 1.10300978e-05
   7.34279332e-06 6.10934716e-06 3.12664134e-06 1.22212664e-06
   9.91589652e-07 3.83529115e-07 1.23460391e-07 9.25358101e-08
   2.76214494e-08 3.59538484e-09 2.13173715e-09 6.51961364e-10
   2.19100500e-10 1.36501690e-10 6.48044519e-11 2.66955354e-11
   1.12450045e-11 3.98845549e-12 1.18556098e-12 3.59029510e-13
   2.42845484e-13 8.29848412e-14 2.90749647e-14 1.69362302e-14
   7.08907007e-15 3.40483197e-15 1.97371749e-15 1.07658327e-15]
  [5.62956671e-01 5.08931294e-01 4.79218170e-01 4.57592312e-01
   4.36235441e-01 4.21940866e-01 4.15856979e-01 4.03234295e-01
   3.88874176e-01 3.80717393e-01 3.72546477e-01 3.62385041e-01
   3.51105637e-01 3.42692646e-01 3.35136978e-01 3.28121407e-01
   3.19233162e-01 3.11831078e-01 3.07247498e-01 2.97357584e-01
   2.89684860e-01 2.84920016e-01 2.78311599e-01 2.71444240e-01
   2.63000935e-01 2.55351307e-01 2.48598810e-01 2.41257954e-01
   2.33272918e-01 2.28786943e-01 2.24122851e-01 2.18803725e-01
   2.11901867e-01 2.06121986e-01 2.01146567e-01 1.95435820e-01
   1.88111460e-01 1.83974168e-01 1.79617514e-01 1.74727895e-01
   1.69985513e-01 1.64812332e-01 1.61611755e-01 1.58441002e-01
   1.55925275e-01 1.51938346e-01 1.48369598e-01 1.44481904e-01]
  [8.55697451e-03 1.94236588e-03 9.50083236e-04 7.17428930e-04
   5.29232468e-04 2.35224100e-04 9.42646567e-06 2.79202154e-08
   2.58315589e-08 9.47225634e-10 1.76986818e-12 1.13845970e-15
   5.51410769e-18 1.07321559e-18 1.48029737e-19 7.40148683e-20
   0.00000000e+00 0.00000000e+00 0.00000000e+00 0.00000000e+00
   0.00000000e+00 0.00000000e+00 0.00000000e+00 0.00000000e+00
   0.00000000e+00 0.00000000e+00 0.00000000e+00 0.00000000e+00
   0.00000000e+00 0.00000000e+00 0.00000000e+00 0.00000000e+00
   0.00000000e+00 0.00000000e+00 0.00000000e+00 0.00000000e+00
   0.00000000e+00 0.00000000e+00 0.00000000e+00 0.00000000e+00
   0.00000000e+00 0.00000000e+00 0.00000000e+00 0.00000000e+00
   0.00000000e+00 0.00000000e+00 0.00000000e+00 0.00000000e+00]
  [5.20562789e-01 4.59244040e-01 4.16712974e-01 3.84380632e-01
   3.52937131e-01 3.32012775e-01 3.19533390e-01 3.02413455e-01
   2.84863517e-01 2.71947670e-01 2.59787191e-01 2.46483183e-01
   2.31691755e-01 2.20219318e-01 2.09278410e-01 1.99574815e-01
   1.89439439e-01 1.80705320e-01 1.73754153e-01 1.63415052e-01
   1.54555072e-01 1.47953930e-01 1.40401272e-01 1.33304139e-01
   1.25045898e-01 1.17773958e-01 1.10262076e-01 1.02601849e-01
   9.58261218e-02 9.16546883e-02 8.73865370e-02 8.25308463e-02
   7.68360335e-02 7.24389010e-02 6.82051252e-02 6.39545470e-02
   5.91364655e-02 5.63257747e-02 5.35578376e-02 5.05936277e-02
   4.77087613e-02 4.46288411e-02 4.24438896e-02 4.02664266e-02
   3.83122447e-02 3.60836259e-02 3.41155653e-02 3.19132196e-02]]

 [[2.32558190e-02 5.03528572e-03 1.42919719e-03 2.67377691e-04
   1.26463623e-04 1.16026438e-04 2.60628337e-05 6.05421056e-08
   5.39650617e-12 1.58676187e-12 1.71188989e-15 3.70074342e-20
   0.00000000e+00 0.00000000e+00 0.00000000e+00 0.00000000e+00
   0.00000000e+00 0.00000000e+00 0.00000000e+00 0.00000000e+00
   0.00000000e+00 0.00000000e+00 0.00000000e+00 0.00000000e+00
   0.00000000e+00 0.00000000e+00 0.00000000e+00 0.00000000e+00
   0.00000000e+00 0.00000000e+00 0.00000000e+00 0.00000000e+00
   0.00000000e+00 0.00000000e+00 0.00000000e+00 0.00000000e+00
   0.00000000e+00 0.00000000e+00 0.00000000e+00 0.00000000e+00
   0.00000000e+00 0.00000000e+00 0.00000000e+00 0.00000000e+00
   0.00000000e+00 0.00000000e+00 0.00000000e+00 0.00000000e+00]
  [8.20108602e-02 4.12601657e-02 2.35485397e-02 1.38013108e-02
   7.42739630e-03 4.49374043e-03 2.55805910e-03 1.37991559e-03
   5.37503923e-04 1.76329173e-04 7.23640131e-05 1.60245248e-05
   4.05029474e-06 9.40082953e-07 5.24568464e-07 6.93165281e-08
   9.16156644e-08 1.11822027e-09 9.66839013e-11 4.33604153e-13
   8.46626843e-14 2.15224135e-14 3.52865885e-16 7.92588217e-16
   2.00950367e-16 1.68790907e-16 3.00130291e-17 8.05651842e-17
   7.40148683e-19 1.66533454e-18 2.59052039e-19 0.00000000e+00
   0.00000000e+00 0.00000000e+00 0.00000000e+00 0.00000000e+00
   0.00000000e+00 0.00000000e+00 0.00000000e+00 0.00000000e+00
   0.00000000e+00 0.00000000e+00 0.00000000e+00 0.00000000e+00
   0.00000000e+00 0.00000000e+00 0.00000000e+00 0.00000000e+00]
  [6.14305652e-01 5.96558518e-01 5.89314669e-01 5.79033862e-01
   5.71588390e-01 5.60063918e-01 5.53843226e-01 5.49248719e-01
   5.43699624e-01 5.41281232e-01 5.35869669e-01 5.33925470e-01
   5.30927090e-01 5.31816730e-01 5.29440112e-01 5.28988463e-01
   5.28280718e-01 5.27024627e-01 5.24818995e-01 5.23797908e-01
   5.24770358e-01 5.24644398e-01 5.25142507e-01 5.23911774e-01
   5.23814999e-01 5.22168419e-01 5.20435333e-01 5.20247328e-01
   5.22621909e-01 5.24677827e-01 5.23649594e-01 5.21455839e-01
   5.21260148e-01 5.22112112e-01 5.21312755e-01 5.21228446e-01
   5.18852407e-01 5.18754611e-01 5.19028628e-01 5.18671147e-01
   5.18369423e-01 5.18558223e-01 5.17724068e-01 5.17456075e-01
   5.16723121e-01 5.13146060e-01 5.12008447e-01 5.11513507e-01]
  [8.30292580e-02 4.33979798e-02 2.71753922e-02 1.57050481e-02
   8.63338389e-03 5.46579477e-03 3.08389173e-03 1.85059003e-03
   9.61450589e-04 4.05225015e-04 7.80857186e-05 1.97906609e-05
   6.64713140e-06 5.67227285e-06 1.34205710e-06 3.11152497e-08
   5.17921309e-09 9.52685718e-10 1.17984119e-10 1.14372474e-12
   2.08505879e-13 3.39499762e-13 5.63342262e-13 6.15041314e-13
   8.69600688e-15 8.79333643e-16 2.50910404e-17 9.30736969e-17
   1.11170332e-16 3.84877315e-18 3.70074342e-20 3.70074342e-20
   0.00000000e+00 0.00000000e+00 0.00000000e+00 0.00000000e+00
   0.00000000e+00 0.00000000e+00 0.00000000e+00 0.00000000e+00
   0.00000000e+00 0.00000000e+00 0.00000000e+00 0.00000000e+00
   0.00000000e+00 0.00000000e+00 0.00000000e+00 0.00000000e+00]
  [1.90093853e-05 1.06429581e-06 4.43224307e-10 1.01914477e-13
   3.70074342e-20 0.00000000e+00 0.00000000e+00 0.00000000e+00
   0.00000000e+00 0.00000000e+00 0.00000000e+00 0.00000000e+00
   0.00000000e+00 0.00000000e+00 0.00000000e+00 0.00000000e+00
   0.00000000e+00 0.00000000e+00 0.00000000e+00 0.00000000e+00
   0.00000000e+00 0.00000000e+00 0.00000000e+00 0.00000000e+00
   0.00000000e+00 0.00000000e+00 0.00000000e+00 0.00000000e+00
   0.00000000e+00 0.00000000e+00 0.00000000e+00 0.00000000e+00
   0.00000000e+00 0.00000000e+00 0.00000000e+00 0.00000000e+00
   0.00000000e+00 0.00000000e+00 0.00000000e+00 0.00000000e+00
   0.00000000e+00 0.00000000e+00 0.00000000e+00 0.00000000e+00
   0.00000000e+00 0.00000000e+00 0.00000000e+00 0.00000000e+00]
  [8.51786226e-02 4.77928106e-02 2.90422227e-02 1.58366451e-02
   8.72776713e-03 5.52229286e-03 3.09189798e-03 1.93609588e-03
   1.12193034e-03 5.19678743e-04 7.54046869e-05 2.72852745e-05
   1.42419042e-05 1.30033270e-05 1.93497735e-06 7.40787066e-08
   3.52835627e-09 3.57488613e-09 2.62372713e-10 5.49544599e-12
   1.64295877e-12 3.61400709e-12 1.00953121e-11 6.83184857e-12
   6.17190373e-14 1.67414231e-15 4.20663504e-16 1.16810265e-15
   2.68507439e-15 1.25085127e-17 3.70074342e-20 7.40148683e-20
   3.70074342e-20 0.00000000e+00 0.00000000e+00 0.00000000e+00
   0.00000000e+00 0.00000000e+00 0.00000000e+00 0.00000000e+00
   0.00000000e+00 0.00000000e+00 0.00000000e+00 0.00000000e+00
   0.00000000e+00 0.00000000e+00 0.00000000e+00 0.00000000e+00]]

 [[7.30350411e-03 5.57332879e-04 2.18215363e-05 2.14490682e-09
   4.41074466e-12 1.80596279e-17 0.00000000e+00 0.00000000e+00
   0.00000000e+00 0.00000000e+00 0.00000000e+00 0.00000000e+00
   0.00000000e+00 0.00000000e+00 0.00000000e+00 0.00000000e+00
   0.00000000e+00 0.00000000e+00 0.00000000e+00 0.00000000e+00
   0.00000000e+00 0.00000000e+00 0.00000000e+00 0.00000000e+00
   0.00000000e+00 0.00000000e+00 0.00000000e+00 0.00000000e+00
   0.00000000e+00 0.00000000e+00 0.00000000e+00 0.00000000e+00
   0.00000000e+00 0.00000000e+00 0.00000000e+00 0.00000000e+00
   0.00000000e+00 0.00000000e+00 0.00000000e+00 0.00000000e+00
   0.00000000e+00 0.00000000e+00 0.00000000e+00 0.00000000e+00
   0.00000000e+00 0.00000000e+00 0.00000000e+00 0.00000000e+00]
  [5.38508506e-01 5.10616130e-01 4.84285904e-01 4.59337811e-01
   4.42692260e-01 4.22346386e-01 4.10842611e-01 4.00516994e-01
   3.93214237e-01 3.86356999e-01 3.77197823e-01 3.64028861e-01
   3.55758729e-01 3.46906120e-01 3.38012293e-01 3.24598486e-01
   3.14915753e-01 3.07901586e-01 3.01209782e-01 2.93943440e-01
   2.85700554e-01 2.79693076e-01 2.73229270e-01 2.65512150e-01
   2.58183585e-01 2.53758955e-01 2.46443639e-01 2.39877952e-01
   2.35240657e-01 2.29963869e-01 2.23422004e-01 2.18992820e-01
   2.13664888e-01 2.07579672e-01 2.01402871e-01 1.96673802e-01
   1.92069864e-01 1.87559707e-01 1.82749252e-01 1.78264158e-01
   1.74619903e-01 1.70044414e-01 1.66802440e-01 1.63543358e-01
   1.59831497e-01 1.56141017e-01 1.52841042e-01 1.48711464e-01]
  [1.42797415e-01 7.97300631e-02 4.60972826e-02 2.71336035e-02
   1.53019970e-02 8.62989186e-03 5.21351952e-03 3.13248265e-03
   1.60654473e-03 7.71934313e-04 4.21567494e-04 2.08127998e-04
   9.40614461e-05 5.14091654e-05 2.89750821e-05 1.42033690e-05
   8.93668897e-06 5.24281825e-06 2.45539192e-06 1.64025162e-06
   1.04506143e-06 5.15195328e-07 2.02545578e-07 1.06966552e-07
   6.23074714e-08 3.17160901e-08 1.73219883e-08 8.40946762e-09
   3.10931584e-09 1.41106450e-09 6.78378391e-10 2.98621048e-10
   1.52182522e-10 6.10470803e-11 2.63787543e-11 1.09048338e-11
   4.45472777e-12 1.33356396e-12 9.70228194e-13 3.57195902e-13
   1.24504370e-13 6.79829156e-14 3.01538424e-14 1.93561093e-14
   7.00469312e-15 6.05530441e-15 2.10631512e-15 1.04668126e-15]
  [5.96791161e-01 5.69029858e-01 5.49041049e-01 5.38363960e-01
   5.31606634e-01 5.26622314e-01 5.24164600e-01 5.24614649e-01
   5.24006080e-01 5.25398810e-01 5.23488770e-01 5.18420957e-01
   5.18913695e-01 5.17667636e-01 5.16266748e-01 5.12448645e-01
   5.11779508e-01 5.12689363e-01 5.12643674e-01 5.10067873e-01
   5.07605971e-01 5.07735158e-01 5.07566104e-01 5.06960938e-01
   5.07207959e-01 5.09806610e-01 5.08379125e-01 5.07657184e-01
   5.07338554e-01 5.08036076e-01 5.08857632e-01 5.10579571e-01
   5.09750628e-01 5.09980383e-01 5.11366234e-01 5.12774545e-01
   5.12664071e-01 5.14246437e-01 5.14985568e-01 5.17959246e-01
   5.16730805e-01 5.15605604e-01 5.16406463e-01 5.16161901e-01
   5.14606053e-01 5.15763984e-01 5.15908516e-01 5.15916850e-01]
  [1.22593497e-02 3.06473266e-03 6.05286657e-04 9.33392063e-05
   6.94501455e-05 1.60767536e-06 9.18695109e-09 6.61719291e-11
   1.46322310e-10 3.78772942e-11 1.78402589e-13 1.17968598e-14
   4.63703150e-17 6.29126381e-19 0.00000000e+00 0.00000000e+00
   0.00000000e+00 0.00000000e+00 0.00000000e+00 0.00000000e+00
   0.00000000e+00 0.00000000e+00 0.00000000e+00 0.00000000e+00
   0.00000000e+00 0.00000000e+00 0.00000000e+00 0.00000000e+00
   0.00000000e+00 0.00000000e+00 0.00000000e+00 0.00000000e+00
   0.00000000e+00 0.00000000e+00 0.00000000e+00 0.00000000e+00
   0.00000000e+00 0.00000000e+00 0.00000000e+00 0.00000000e+00
   0.00000000e+00 0.00000000e+00 0.00000000e+00 0.00000000e+00
   0.00000000e+00 0.00000000e+00 0.00000000e+00 0.00000000e+00]
  [5.89973543e-01 5.58346749e-01 5.35155607e-01 5.23506137e-01
   5.12816860e-01 5.06692550e-01 5.00586551e-01 4.98669430e-01
   4.94785331e-01 4.93091438e-01 4.87954159e-01 4.82456479e-01
   4.81873810e-01 4.79005290e-01 4.76061295e-01 4.72444986e-01
   4.71126548e-01 4.69862895e-01 4.68732072e-01 4.65461231e-01
   4.61425247e-01 4.58912412e-01 4.57426489e-01 4.55111848e-01
   4.53500640e-01 4.53305040e-01 4.49900882e-01 4.46775780e-01
   4.45144010e-01 4.43129568e-01 4.41699239e-01 4.41722282e-01
   4.39073850e-01 4.37737955e-01 4.37493094e-01 4.36545352e-01
   4.33734323e-01 4.34436145e-01 4.33546790e-01 4.34262277e-01
   4.30844675e-01 4.27738877e-01 4.25405675e-01 4.23305459e-01
   4.19283984e-01 4.18680591e-01 4.17372821e-01 4.16060966e-01]]

 [[7.37965992e-08 0.00000000e+00 0.00000000e+00 0.00000000e+00
   0.00000000e+00 0.00000000e+00 0.00000000e+00 0.00000000e+00
   0.00000000e+00 0.00000000e+00 0.00000000e+00 0.00000000e+00
   0.00000000e+00 0.00000000e+00 0.00000000e+00 0.00000000e+00
   0.00000000e+00 0.00000000e+00 0.00000000e+00 0.00000000e+00
   0.00000000e+00 0.00000000e+00 0.00000000e+00 0.00000000e+00
   0.00000000e+00 0.00000000e+00 0.00000000e+00 0.00000000e+00
   0.00000000e+00 0.00000000e+00 0.00000000e+00 0.00000000e+00
   0.00000000e+00 0.00000000e+00 0.00000000e+00 0.00000000e+00
   0.00000000e+00 0.00000000e+00 0.00000000e+00 0.00000000e+00
   0.00000000e+00 0.00000000e+00 0.00000000e+00 0.00000000e+00
   0.00000000e+00 0.00000000e+00 0.00000000e+00 0.00000000e+00]
  [4.73440917e-02 1.07968840e-02 2.07108245e-03 6.32130452e-04
   1.58743849e-04 2.73235265e-05 3.12346917e-06 2.21211077e-07
   8.56830797e-08 2.86387500e-09 1.63870863e-10 5.97856805e-12
   1.47917715e-13 3.32182430e-15 4.41539398e-15 6.08772292e-17
   2.33146835e-18 0.00000000e+00 1.11022302e-19 0.00000000e+00
   0.00000000e+00 0.00000000e+00 0.00000000e+00 0.00000000e+00
   0.00000000e+00 0.00000000e+00 0.00000000e+00 0.00000000e+00
   0.00000000e+00 0.00000000e+00 0.00000000e+00 0.00000000e+00
   0.00000000e+00 0.00000000e+00 0.00000000e+00 0.00000000e+00
   0.00000000e+00 0.00000000e+00 0.00000000e+00 0.00000000e+00
   0.00000000e+00 0.00000000e+00 0.00000000e+00 0.00000000e+00
   0.00000000e+00 0.00000000e+00 0.00000000e+00 0.00000000e+00]
  [1.04652454e-03 2.29994963e-04 1.60247671e-07 3.42280289e-08
   1.01888868e-15 0.00000000e+00 0.00000000e+00 0.00000000e+00
   0.00000000e+00 0.00000000e+00 0.00000000e+00 0.00000000e+00
   0.00000000e+00 0.00000000e+00 0.00000000e+00 0.00000000e+00
   0.00000000e+00 0.00000000e+00 0.00000000e+00 0.00000000e+00
   0.00000000e+00 0.00000000e+00 0.00000000e+00 0.00000000e+00
   0.00000000e+00 0.00000000e+00 0.00000000e+00 0.00000000e+00
   0.00000000e+00 0.00000000e+00 0.00000000e+00 0.00000000e+00
   0.00000000e+00 0.00000000e+00 0.00000000e+00 0.00000000e+00
   0.00000000e+00 0.00000000e+00 0.00000000e+00 0.00000000e+00
   0.00000000e+00 0.00000000e+00 0.00000000e+00 0.00000000e+00
   0.00000000e+00 0.00000000e+00 0.00000000e+00 0.00000000e+00]
  [5.33749076e-02 1.20386216e-02 2.56625035e-03 7.66474163e-04
   2.51205359e-04 6.36787470e-05 8.25174196e-06 5.25335022e-07
   3.24267906e-07 1.32034464e-08 7.24860379e-10 2.20056222e-11
   5.68990299e-13 1.79274003e-14 2.42401284e-14 4.26103597e-16
   2.00950367e-17 7.03141249e-19 1.25825276e-18 7.40148683e-20
   0.00000000e+00 0.00000000e+00 0.00000000e+00 0.00000000e+00
   0.00000000e+00 0.00000000e+00 0.00000000e+00 0.00000000e+00
   0.00000000e+00 0.00000000e+00 0.00000000e+00 0.00000000e+00
   0.00000000e+00 0.00000000e+00 0.00000000e+00 0.00000000e+00
   0.00000000e+00 0.00000000e+00 0.00000000e+00 0.00000000e+00
   0.00000000e+00 0.00000000e+00 0.00000000e+00 0.00000000e+00
   0.00000000e+00 0.00000000e+00 0.00000000e+00 0.00000000e+00]
  [8.52454013e-01 7.88908231e-01 7.64944951e-01 7.48445779e-01
   7.38523175e-01 7.24804560e-01 7.14822204e-01 7.06650592e-01
   6.95249557e-01 6.85689869e-01 6.82632306e-01 6.75012492e-01
   6.68343127e-01 6.58714617e-01 6.54214162e-01 6.47617728e-01
   6.40949577e-01 6.35900021e-01 6.31540348e-01 6.28058506e-01
   6.24202209e-01 6.20256014e-01 6.14094797e-01 6.10438209e-01
   6.04839508e-01 6.00331709e-01 5.99347352e-01 5.93358138e-01
   5.92058651e-01 5.87711029e-01 5.84998546e-01 5.82136630e-01
   5.78805225e-01 5.76969329e-01 5.75993330e-01 5.71819298e-01
   5.69545235e-01 5.68361729e-01 5.64516628e-01 5.63688616e-01
   5.61297927e-01 5.57771959e-01 5.55798630e-01 5.54613914e-01
   5.51264693e-01 5.50967360e-01 5.48326067e-01 5.47648416e-01]
  [5.10131858e-02 1.09864513e-02 2.36115271e-03 7.17302353e-04
   2.54158679e-04 6.61237680e-05 8.06338498e-06 4.40841528e-07
   3.24483685e-07 1.24372167e-08 5.91269279e-10 1.50143467e-11
   3.34587025e-13 1.01418873e-14 1.38793421e-14 2.29853174e-16
   1.06951485e-17 3.70074342e-19 6.66133815e-19 0.00000000e+00
   0.00000000e+00 0.00000000e+00 0.00000000e+00 0.00000000e+00
   0.00000000e+00 0.00000000e+00 0.00000000e+00 0.00000000e+00
   0.00000000e+00 0.00000000e+00 0.00000000e+00 0.00000000e+00
   0.00000000e+00 0.00000000e+00 0.00000000e+00 0.00000000e+00
   0.00000000e+00 0.00000000e+00 0.00000000e+00 0.00000000e+00
   0.00000000e+00 0.00000000e+00 0.00000000e+00 0.00000000e+00
   0.00000000e+00 0.00000000e+00 0.00000000e+00 0.00000000e+00]]

 [[4.85223258e-03 1.38501197e-05 2.16645025e-07 7.07768844e-10
   3.59641946e-15 3.58972111e-18 0.00000000e+00 0.00000000e+00
   0.00000000e+00 0.00000000e+00 0.00000000e+00 0.00000000e+00
   0.00000000e+00 0.00000000e+00 0.00000000e+00 0.00000000e+00
   0.00000000e+00 0.00000000e+00 0.00000000e+00 0.00000000e+00
   0.00000000e+00 0.00000000e+00 0.00000000e+00 0.00000000e+00
   0.00000000e+00 0.00000000e+00 0.00000000e+00 0.00000000e+00
   0.00000000e+00 0.00000000e+00 0.00000000e+00 0.00000000e+00
   0.00000000e+00 0.00000000e+00 0.00000000e+00 0.00000000e+00
   0.00000000e+00 0.00000000e+00 0.00000000e+00 0.00000000e+00
   0.00000000e+00 0.00000000e+00 0.00000000e+00 0.00000000e+00
   0.00000000e+00 0.00000000e+00 0.00000000e+00 0.00000000e+00]
  [4.95876840e-01 4.55542689e-01 4.19177284e-01 3.88859766e-01
   3.64328517e-01 3.44533899e-01 3.26314549e-01 3.10289232e-01
   2.94446460e-01 2.80673728e-01 2.67969550e-01 2.54806876e-01
   2.40217776e-01 2.28379444e-01 2.15684546e-01 2.04873778e-01
   1.93897362e-01 1.85089113e-01 1.75906698e-01 1.65608610e-01
   1.56482146e-01 1.47489425e-01 1.39528043e-01 1.31998405e-01
   1.24582362e-01 1.18384102e-01 1.12911971e-01 1.06500815e-01
   1.00475828e-01 9.71199028e-02 9.21127101e-02 8.84868815e-02
   8.39568410e-02 7.85859938e-02 7.38554598e-02 7.07984594e-02
   6.63121024e-02 6.31618544e-02 6.00287243e-02 5.62464916e-02
   5.26265709e-02 4.97356283e-02 4.71637996e-02 4.41843124e-02
   4.18991801e-02 4.01649434e-02 3.74596979e-02 3.62189171e-02]
  [1.41970398e-01 7.69017685e-02 4.55540651e-02 2.58013343e-02
   1.49657652e-02 8.37934149e-03 4.59272985e-03 2.59961443e-03
   1.40617345e-03 8.53728508e-04 5.33119468e-04 2.82322851e-04
   1.50390112e-04 8.07674557e-05 4.15603288e-05 2.08932004e-05
   9.79785030e-06 5.14133205e-06 2.87868830e-06 2.22738329e-06
   1.12517124e-06 4.24027751e-07 1.39038136e-07 6.24936134e-08
   3.10268066e-08 2.39593819e-08 1.34124302e-08 4.66646606e-09
   1.38759321e-09 7.36764861e-10 1.01743735e-09 6.18856254e-10
   2.72730350e-10 1.48019621e-10 5.02624047e-11 2.09451992e-11
   8.93413584e-12 5.13356554e-12 3.33822644e-12 2.07396400e-12
   9.45315011e-13 5.39485863e-13 2.12847998e-13 9.76588810e-14
   9.42964225e-14 4.23432030e-14 1.55098157e-14 9.99966776e-15]
  [5.89036164e-01 5.62563341e-01 5.39537669e-01 5.23700929e-01
   5.16623552e-01 5.06217929e-01 5.02432480e-01 5.00135840e-01
   4.96202568e-01 4.97235915e-01 4.93795403e-01 4.90218422e-01
   4.87211965e-01 4.86702219e-01 4.80727850e-01 4.78861831e-01
   4.76628593e-01 4.71154244e-01 4.69421842e-01 4.67178919e-01
   4.65917716e-01 4.64565535e-01 4.61562689e-01 4.59445581e-01
   4.56764673e-01 4.54421577e-01 4.52324985e-01 4.48754252e-01
   4.46974380e-01 4.46299511e-01 4.42941846e-01 4.41119491e-01
   4.38049029e-01 4.36981544e-01 4.34735713e-01 4.34494469e-01
   4.32019623e-01 4.32202494e-01 4.29724986e-01 4.28985565e-01
   4.28537606e-01 4.26984717e-01 4.27790535e-01 4.25764428e-01
   4.23645779e-01 4.20086694e-01 4.19224070e-01 4.16053946e-01]
  [1.28065672e-02 2.29333069e-03 4.69049779e-04 9.20995167e-05
   1.50762050e-06 8.93431433e-08 3.50708933e-08 3.16602306e-09
   1.41390305e-10 7.26307089e-12 1.03305512e-14 1.87627691e-17
   4.37427872e-17 1.11022302e-19 1.62832710e-18 0.00000000e+00
   0.00000000e+00 0.00000000e+00 0.00000000e+00 0.00000000e+00
   0.00000000e+00 0.00000000e+00 0.00000000e+00 0.00000000e+00
   0.00000000e+00 0.00000000e+00 0.00000000e+00 0.00000000e+00
   0.00000000e+00 0.00000000e+00 0.00000000e+00 0.00000000e+00
   0.00000000e+00 0.00000000e+00 0.00000000e+00 0.00000000e+00
   0.00000000e+00 0.00000000e+00 0.00000000e+00 0.00000000e+00
   0.00000000e+00 0.00000000e+00 0.00000000e+00 0.00000000e+00
   0.00000000e+00 0.00000000e+00 0.00000000e+00 0.00000000e+00]
  [5.97269535e-01 5.71626608e-01 5.51314581e-01 5.36751366e-01
   5.30405669e-01 5.18638992e-01 5.16242940e-01 5.14868421e-01
   5.12713106e-01 5.15499701e-01 5.13068870e-01 5.10741620e-01
   5.10560456e-01 5.12067767e-01 5.07651458e-01 5.06738108e-01
   5.06897718e-01 5.02794261e-01 5.03121300e-01 5.03257002e-01
   5.05376464e-01 5.05707954e-01 5.05518383e-01 5.04615403e-01
   5.04115228e-01 5.03087053e-01 5.01480816e-01 4.99530255e-01
   5.00860426e-01 5.01521198e-01 4.99394957e-01 4.98514014e-01
   4.97529209e-01 4.98848299e-01 4.99853179e-01 5.00931118e-01
   4.99746417e-01 5.01709748e-01 5.00911504e-01 5.02958000e-01
   5.04549521e-01 5.04151621e-01 5.06548103e-01 5.06146770e-01
   5.05929167e-01 5.03848300e-01 5.04461797e-01 5.02088253e-01]]] 
Error up: 
[[[1.29329683e-01 1.43292315e-01 1.47590247e-01 1.37385202e-01
   1.51941044e-01 1.63220694e-01 1.73236837e-01 1.77477157e-01
   1.81133395e-01 1.88129656e-01 1.73539456e-01 1.65537424e-01
   1.70445093e-01 1.74320314e-01 1.80777738e-01 1.72172846e-01
   1.81120744e-01 1.87880461e-01 1.94588616e-01 1.94322882e-01
   2.01533288e-01 2.01276176e-01 2.08777396e-01 2.16769038e-01
   2.24859625e-01 2.32194414e-01 2.36108082e-01 2.45332194e-01
   2.47360922e-01 2.45550153e-01 2.51668816e-01 2.52540461e-01
   2.68174277e-01 2.66912269e-01 2.69979243e-01 2.73573121e-01
   2.72990158e-01 2.71860693e-01 2.69121555e-01 2.67327455e-01
   2.70903795e-01 2.75103520e-01 2.78104765e-01 2.80734262e-01
   2.81240429e-01 2.84470869e-01 2.86292487e-01 2.89393187e-01]
  [2.39532782e-01 3.01562823e-01 1.12531893e-01 2.72267284e-02
   3.90051036e-04 1.98323897e-06 1.92861455e-05 8.33187547e-08
   2.24661919e-10 4.65903195e-10 4.02708042e-12 1.48626303e-14
   0.00000000e+00 0.00000000e+00 0.00000000e+00 0.00000000e+00
   0.00000000e+00 0.00000000e+00 0.00000000e+00 0.00000000e+00
   0.00000000e+00 0.00000000e+00 0.00000000e+00 0.00000000e+00
   0.00000000e+00 0.00000000e+00 0.00000000e+00 0.00000000e+00
   0.00000000e+00 0.00000000e+00 0.00000000e+00 0.00000000e+00
   0.00000000e+00 0.00000000e+00 0.00000000e+00 0.00000000e+00
   0.00000000e+00 0.00000000e+00 0.00000000e+00 0.00000000e+00
   0.00000000e+00 0.00000000e+00 0.00000000e+00 0.00000000e+00
   0.00000000e+00 0.00000000e+00 0.00000000e+00 0.00000000e+00]
  [3.74054426e-01 1.42748418e-01 1.05221802e-01 3.25207254e-02
   1.19749160e-02 2.85849713e-03 7.02404681e-04 2.43927469e-04
   4.29198614e-05 2.06923179e-04 1.72348444e-05 1.15395981e-06
   6.47928191e-08 4.76388425e-09 2.27566107e-10 9.98826397e-10
   4.77986180e-11 2.23558966e-12 1.44683646e-13 1.54109166e-14
   1.13168128e-15 2.21970590e-16 1.10985295e-16 0.00000000e+00
   0.00000000e+00 0.00000000e+00 0.00000000e+00 0.00000000e+00
   0.00000000e+00 0.00000000e+00 0.00000000e+00 0.00000000e+00
   0.00000000e+00 0.00000000e+00 0.00000000e+00 0.00000000e+00
   0.00000000e+00 0.00000000e+00 0.00000000e+00 0.00000000e+00
   0.00000000e+00 0.00000000e+00 0.00000000e+00 0.00000000e+00
   0.00000000e+00 0.00000000e+00 0.00000000e+00 0.00000000e+00]
  [1.51141592e-01 4.88597360e-02 6.44604187e-02 1.25868784e-04
   1.54622198e-08 3.20889721e-13 2.50852799e-11 4.30625507e-16
   0.00000000e+00 0.00000000e+00 0.00000000e+00 0.00000000e+00
   0.00000000e+00 0.00000000e+00 0.00000000e+00 0.00000000e+00
   0.00000000e+00 0.00000000e+00 0.00000000e+00 0.00000000e+00
   0.00000000e+00 0.00000000e+00 0.00000000e+00 0.00000000e+00
   0.00000000e+00 0.00000000e+00 0.00000000e+00 0.00000000e+00
   0.00000000e+00 0.00000000e+00 0.00000000e+00 0.00000000e+00
   0.00000000e+00 0.00000000e+00 0.00000000e+00 0.00000000e+00
   0.00000000e+00 0.00000000e+00 0.00000000e+00 0.00000000e+00
   0.00000000e+00 0.00000000e+00 0.00000000e+00 0.00000000e+00
   0.00000000e+00 0.00000000e+00 0.00000000e+00 0.00000000e+00]
  [1.57087464e-06 5.08373990e-13 9.31166625e-14 0.00000000e+00
   0.00000000e+00 0.00000000e+00 0.00000000e+00 0.00000000e+00
   0.00000000e+00 0.00000000e+00 0.00000000e+00 0.00000000e+00
   0.00000000e+00 0.00000000e+00 0.00000000e+00 0.00000000e+00
   0.00000000e+00 0.00000000e+00 0.00000000e+00 0.00000000e+00
   0.00000000e+00 0.00000000e+00 0.00000000e+00 0.00000000e+00
   0.00000000e+00 0.00000000e+00 0.00000000e+00 0.00000000e+00
   0.00000000e+00 0.00000000e+00 0.00000000e+00 0.00000000e+00
   0.00000000e+00 0.00000000e+00 0.00000000e+00 0.00000000e+00
   0.00000000e+00 0.00000000e+00 0.00000000e+00 0.00000000e+00
   0.00000000e+00 0.00000000e+00 0.00000000e+00 0.00000000e+00
   0.00000000e+00 0.00000000e+00 0.00000000e+00 0.00000000e+00]
  [4.69689706e-01 2.35698565e-02 2.31159427e-02 7.75991174e-06
   1.06395455e-10 1.48637262e-16 3.23402400e-14 0.00000000e+00
   0.00000000e+00 0.00000000e+00 0.00000000e+00 0.00000000e+00
   0.00000000e+00 0.00000000e+00 0.00000000e+00 0.00000000e+00
   0.00000000e+00 0.00000000e+00 0.00000000e+00 0.00000000e+00
   0.00000000e+00 0.00000000e+00 0.00000000e+00 0.00000000e+00
   0.00000000e+00 0.00000000e+00 0.00000000e+00 0.00000000e+00
   0.00000000e+00 0.00000000e+00 0.00000000e+00 0.00000000e+00
   0.00000000e+00 0.00000000e+00 0.00000000e+00 0.00000000e+00
   0.00000000e+00 0.00000000e+00 0.00000000e+00 0.00000000e+00
   0.00000000e+00 0.00000000e+00 0.00000000e+00 0.00000000e+00
   0.00000000e+00 0.00000000e+00 0.00000000e+00 0.00000000e+00]]

 [[2.85217300e-01 1.46625004e-01 1.55504667e-02 1.27125017e-04
   2.27340820e-05 3.58223119e-07 8.11736167e-13 8.54431111e-12
   2.03103090e-14 0.00000000e+00 0.00000000e+00 0.00000000e+00
   0.00000000e+00 0.00000000e+00 0.00000000e+00 0.00000000e+00
   0.00000000e+00 0.00000000e+00 0.00000000e+00 0.00000000e+00
   0.00000000e+00 0.00000000e+00 0.00000000e+00 0.00000000e+00
   0.00000000e+00 0.00000000e+00 0.00000000e+00 0.00000000e+00
   0.00000000e+00 0.00000000e+00 0.00000000e+00 0.00000000e+00
   0.00000000e+00 0.00000000e+00 0.00000000e+00 0.00000000e+00
   0.00000000e+00 0.00000000e+00 0.00000000e+00 0.00000000e+00
   0.00000000e+00 0.00000000e+00 0.00000000e+00 0.00000000e+00
   0.00000000e+00 0.00000000e+00 0.00000000e+00 0.00000000e+00]
  [2.73885635e-01 2.38467987e-01 2.46491698e-01 2.53894498e-01
   2.54826231e-01 2.60181921e-01 2.58413343e-01 2.58729666e-01
   2.60706387e-01 2.54053177e-01 2.54017752e-01 2.54514803e-01
   2.54128023e-01 2.57504563e-01 2.60670722e-01 2.61464493e-01
   2.63896491e-01 2.67554793e-01 2.70729666e-01 2.67703046e-01
   2.69689575e-01 2.62557728e-01 2.65066491e-01 2.64291646e-01
   2.69356609e-01 2.71996999e-01 2.73308773e-01 2.75199774e-01
   2.79144049e-01 2.72293685e-01 2.72882974e-01 2.72255270e-01
   2.70037346e-01 2.71397324e-01 2.70554535e-01 2.72194198e-01
   2.76343154e-01 2.74214760e-01 2.74376203e-01 2.79102280e-01
   2.77335577e-01 2.73700472e-01 2.73869301e-01 2.76119558e-01
   2.76524510e-01 2.78696773e-01 2.80398629e-01 2.80078099e-01]
  [2.57196669e-01 2.76986744e-01 1.69948377e-01 1.35335532e-01
   1.20303988e-01 9.46278606e-02 5.98178935e-02 2.90324886e-02
   1.59997152e-02 8.39630154e-03 5.46895311e-03 3.45942172e-03
   2.24459738e-03 1.85893047e-03 1.94882142e-03 2.37602988e-03
   3.47170909e-03 2.01866696e-03 4.56291385e-03 2.87142445e-03
   2.45312533e-03 2.95031874e-03 1.29154847e-03 5.55189929e-04
   5.79965760e-04 1.83516448e-04 5.05703979e-05 5.76915590e-05
   1.40682818e-05 8.49898046e-07 5.68943992e-07 1.42929667e-07
   3.73660423e-08 3.68245134e-08 1.32301079e-08 6.57989075e-09
   1.93004973e-09 6.61225703e-10 1.53562106e-10 2.99002069e-11
   3.62229811e-11 9.91335609e-12 3.53965011e-12 1.98506918e-12
   7.69892158e-13 4.63266909e-13 2.95515876e-13 1.47608865e-13]
  [2.46914703e-01 3.22310495e-01 3.16638102e-01 3.53059179e-01
   3.07244154e-01 2.96141244e-01 2.90603130e-01 2.81974222e-01
   2.99046620e-01 2.99714703e-01 3.08387991e-01 3.19477782e-01
   3.25264020e-01 3.32045775e-01 3.29771059e-01 3.31524810e-01
   3.32227715e-01 3.32922294e-01 3.40081261e-01 3.32518439e-01
   3.40811722e-01 3.39691143e-01 3.46530233e-01 3.50623877e-01
   3.58015556e-01 3.53578209e-01 3.48017170e-01 3.34423838e-01
   3.35225291e-01 3.36948989e-01 3.36426259e-01 3.34438520e-01
   3.29530104e-01 3.29230332e-01 3.27199871e-01 3.23682847e-01
   3.21923593e-01 3.21894673e-01 3.21767565e-01 3.18669477e-01
   3.17908357e-01 3.16207071e-01 3.16717471e-01 3.16456983e-01
   3.16575472e-01 3.11769881e-01 3.12977994e-01 3.10146926e-01]
  [2.83431804e-01 2.32097041e-01 2.72557013e-01 4.45341394e-01
   6.65967687e-01 4.90734740e-01 1.63022358e-02 3.42344525e-05
   5.44792234e-05 2.84013220e-06 3.71898011e-09 1.15852926e-12
   4.50433549e-15 2.19874551e-15 4.43941180e-16 2.21970590e-16
   0.00000000e+00 0.00000000e+00 0.00000000e+00 0.00000000e+00
   0.00000000e+00 0.00000000e+00 0.00000000e+00 0.00000000e+00
   0.00000000e+00 0.00000000e+00 0.00000000e+00 0.00000000e+00
   0.00000000e+00 0.00000000e+00 0.00000000e+00 0.00000000e+00
   0.00000000e+00 0.00000000e+00 0.00000000e+00 0.00000000e+00
   0.00000000e+00 0.00000000e+00 0.00000000e+00 0.00000000e+00
   0.00000000e+00 0.00000000e+00 0.00000000e+00 0.00000000e+00
   0.00000000e+00 0.00000000e+00 0.00000000e+00 0.00000000e+00]
  [3.45320914e-01 3.27940104e-01 3.48810162e-01 3.50237941e-01
   3.24360515e-01 3.50075852e-01 3.14742962e-01 3.27020440e-01
   3.21768098e-01 3.20155383e-01 3.23080597e-01 3.39253439e-01
   3.38335595e-01 3.41970910e-01 3.45253877e-01 3.38283332e-01
   3.38570939e-01 3.33579045e-01 3.37684329e-01 3.27150930e-01
   3.18543680e-01 3.20369299e-01 3.27405475e-01 3.26638204e-01
   3.16040337e-01 3.04622930e-01 2.99950827e-01 2.80580388e-01
   2.78199527e-01 2.80462645e-01 2.75374122e-01 2.64543703e-01
   2.57851316e-01 2.54527099e-01 2.44093439e-01 2.38693357e-01
   2.29320033e-01 2.22667651e-01 2.18160452e-01 2.18392173e-01
   2.12154192e-01 2.04721099e-01 1.98396396e-01 1.92034720e-01
   1.82537246e-01 1.76821693e-01 1.75731807e-01 1.66482694e-01]]

 [[5.78492131e-01 3.24744064e-01 2.15030482e-01 5.01876332e-02
   8.84866681e-02 1.26420251e-01 3.17546537e-02 1.81556973e-04
   6.48117886e-09 4.75829517e-09 2.53995624e-12 1.10985295e-16
   0.00000000e+00 0.00000000e+00 0.00000000e+00 0.00000000e+00
   0.00000000e+00 0.00000000e+00 0.00000000e+00 0.00000000e+00
   0.00000000e+00 0.00000000e+00 0.00000000e+00 0.00000000e+00
   0.00000000e+00 0.00000000e+00 0.00000000e+00 0.00000000e+00
   0.00000000e+00 0.00000000e+00 0.00000000e+00 0.00000000e+00
   0.00000000e+00 0.00000000e+00 0.00000000e+00 0.00000000e+00
   0.00000000e+00 0.00000000e+00 0.00000000e+00 0.00000000e+00
   0.00000000e+00 0.00000000e+00 0.00000000e+00 0.00000000e+00
   0.00000000e+00 0.00000000e+00 0.00000000e+00 0.00000000e+00]
  [5.01282566e-01 3.90503499e-01 2.35594298e-01 2.13898344e-01
   2.12993007e-01 2.60608700e-01 1.78111013e-01 1.34797868e-01
   8.62212775e-02 1.86561864e-02 1.51301199e-02 3.94707534e-03
   1.51611259e-03 2.53161650e-04 1.98301833e-04 2.88269014e-05
   8.29833162e-05 7.08520721e-07 9.66376767e-08 2.88100068e-10
   6.95964338e-11 2.11356403e-11 2.24936874e-13 7.86046765e-13
   1.28067018e-13 1.44385322e-13 4.43401314e-14 1.18871237e-13
   6.56191379e-16 2.50188512e-15 7.76897065e-16 0.00000000e+00
   0.00000000e+00 0.00000000e+00 0.00000000e+00 0.00000000e+00
   0.00000000e+00 0.00000000e+00 0.00000000e+00 0.00000000e+00
   0.00000000e+00 0.00000000e+00 0.00000000e+00 0.00000000e+00
   0.00000000e+00 0.00000000e+00 0.00000000e+00 0.00000000e+00]
  [2.05846442e-01 2.12629928e-01 2.44659075e-01 2.56639420e-01
   2.31354088e-01 2.35314531e-01 2.43462357e-01 2.66624509e-01
   2.75286936e-01 2.72633319e-01 2.70500517e-01 2.77046835e-01
   2.79091223e-01 2.76115302e-01 2.71632940e-01 2.73024448e-01
   2.79806944e-01 2.84317818e-01 2.81782536e-01 2.76383886e-01
   2.79946977e-01 2.75409254e-01 2.77723067e-01 2.77861883e-01
   2.77208323e-01 2.74555735e-01 2.73663394e-01 2.73458956e-01
   2.70989896e-01 2.69605102e-01 2.70560770e-01 2.74075910e-01
   2.69662644e-01 2.68858298e-01 2.68528548e-01 2.69543100e-01
   2.68603934e-01 2.69791880e-01 2.65674360e-01 2.71339959e-01
   2.71006405e-01 2.71856836e-01 2.69017519e-01 2.71135262e-01
   2.68814258e-01 2.73243997e-01 2.70925144e-01 2.73827219e-01]
  [6.55589777e-01 2.74213265e-01 2.77262089e-01 2.60934380e-01
   3.15526277e-01 2.73437535e-01 1.90640326e-01 2.07649524e-01
   1.52159677e-01 4.83399746e-02 1.68566768e-02 4.63221876e-03
   1.84916228e-03 2.95588460e-03 1.50003413e-03 1.84120558e-05
   2.06782494e-06 6.65582012e-07 9.26716275e-08 4.79187340e-10
   6.69050843e-11 2.42768100e-10 6.70710158e-10 1.05882259e-09
   6.60344106e-12 4.88886862e-13 1.21618867e-14 6.94209185e-14
   1.64926115e-13 4.51375092e-15 1.10985295e-16 1.10985295e-16
   0.00000000e+00 0.00000000e+00 0.00000000e+00 0.00000000e+00
   0.00000000e+00 0.00000000e+00 0.00000000e+00 0.00000000e+00
   0.00000000e+00 0.00000000e+00 0.00000000e+00 0.00000000e+00
   0.00000000e+00 0.00000000e+00 0.00000000e+00 0.00000000e+00]
  [7.00734925e-03 5.30996782e-04 3.22178586e-07 1.74515871e-10
   1.10985295e-16 0.00000000e+00 0.00000000e+00 0.00000000e+00
   0.00000000e+00 0.00000000e+00 0.00000000e+00 0.00000000e+00
   0.00000000e+00 0.00000000e+00 0.00000000e+00 0.00000000e+00
   0.00000000e+00 0.00000000e+00 0.00000000e+00 0.00000000e+00
   0.00000000e+00 0.00000000e+00 0.00000000e+00 0.00000000e+00
   0.00000000e+00 0.00000000e+00 0.00000000e+00 0.00000000e+00
   0.00000000e+00 0.00000000e+00 0.00000000e+00 0.00000000e+00
   0.00000000e+00 0.00000000e+00 0.00000000e+00 0.00000000e+00
   0.00000000e+00 0.00000000e+00 0.00000000e+00 0.00000000e+00
   0.00000000e+00 0.00000000e+00 0.00000000e+00 0.00000000e+00
   0.00000000e+00 0.00000000e+00 0.00000000e+00 0.00000000e+00]
  [6.47275490e-01 2.95160102e-01 3.36246826e-01 2.82043146e-01
   2.45044790e-01 2.15626213e-01 1.86651748e-01 2.05512473e-01
   1.72825928e-01 6.03548421e-02 1.31306142e-02 3.99853403e-03
   5.39734255e-03 7.69814592e-03 2.07364413e-03 4.95596553e-05
   1.03487611e-06 3.06150539e-06 1.76075426e-07 2.05718680e-09
   8.31576574e-10 4.01363379e-09 1.72662871e-08 1.18069355e-08
   4.08878568e-11 5.83994988e-13 3.71170735e-13 1.65624235e-12
   8.04965150e-12 1.73528812e-14 1.10985295e-16 2.21970590e-16
   1.10985295e-16 0.00000000e+00 0.00000000e+00 0.00000000e+00
   0.00000000e+00 0.00000000e+00 0.00000000e+00 0.00000000e+00
   0.00000000e+00 0.00000000e+00 0.00000000e+00 0.00000000e+00
   0.00000000e+00 0.00000000e+00 0.00000000e+00 0.00000000e+00]]

 [[3.19241330e-01 1.80636246e-01 1.93594905e-02 1.16170354e-06
   4.97490890e-09 9.81521255e-15 0.00000000e+00 0.00000000e+00
   0.00000000e+00 0.00000000e+00 0.00000000e+00 0.00000000e+00
   0.00000000e+00 0.00000000e+00 0.00000000e+00 0.00000000e+00
   0.00000000e+00 0.00000000e+00 0.00000000e+00 0.00000000e+00
   0.00000000e+00 0.00000000e+00 0.00000000e+00 0.00000000e+00
   0.00000000e+00 0.00000000e+00 0.00000000e+00 0.00000000e+00
   0.00000000e+00 0.00000000e+00 0.00000000e+00 0.00000000e+00
   0.00000000e+00 0.00000000e+00 0.00000000e+00 0.00000000e+00
   0.00000000e+00 0.00000000e+00 0.00000000e+00 0.00000000e+00
   0.00000000e+00 0.00000000e+00 0.00000000e+00 0.00000000e+00
   0.00000000e+00 0.00000000e+00 0.00000000e+00 0.00000000e+00]
  [3.32951292e-01 2.78234463e-01 2.91166140e-01 3.39198357e-01
   3.07301533e-01 3.19204489e-01 3.15808606e-01 3.11115956e-01
   3.13699654e-01 3.12320492e-01 3.13800975e-01 3.16842954e-01
   3.23292792e-01 3.28880702e-01 3.38883537e-01 3.45486052e-01
   3.54503078e-01 3.47442106e-01 3.50025456e-01 3.50132407e-01
   3.59084177e-01 3.61542340e-01 3.57323689e-01 3.58627326e-01
   3.61759934e-01 3.55715742e-01 3.53173027e-01 3.54374632e-01
   3.52965122e-01 3.51119246e-01 3.48835932e-01 3.56560979e-01
   3.49356542e-01 3.49496245e-01 3.49108409e-01 3.52115631e-01
   3.48482698e-01 3.44734396e-01 3.43530856e-01 3.44355929e-01
   3.40610640e-01 3.36210986e-01 3.41835022e-01 3.42688480e-01
   3.37601571e-01 3.39190503e-01 3.36412962e-01 3.39089908e-01]
  [2.56109933e-01 2.68312643e-01 1.59828312e-01 1.49642554e-01
   1.35455805e-01 1.11902055e-01 8.34067163e-02 5.48275716e-02
   2.89414094e-02 1.28653353e-02 1.03016036e-02 4.27201158e-03
   1.93217391e-03 1.28554488e-03 7.31107248e-04 3.59097325e-04
   3.25644868e-04 2.50450639e-04 1.04395554e-04 9.30895282e-05
   7.59643334e-05 4.22286730e-05 1.74826516e-05 8.89071860e-06
   6.03684931e-06 3.10418606e-06 1.57234987e-06 9.42882159e-07
   2.92252760e-07 1.06258981e-07 6.82117316e-08 2.42388458e-08
   1.22453437e-08 4.98327710e-09 2.02333826e-09 8.67379897e-10
   3.17027066e-10 9.19576072e-11 1.41146166e-10 3.95325285e-11
   1.06280751e-11 5.27547057e-12 2.02655031e-12 2.43957041e-12
   7.29195761e-13 1.63704890e-12 4.43354070e-13 2.15483644e-13]
  [2.59583937e-01 2.88195715e-01 2.84947518e-01 2.95311555e-01
   2.77187198e-01 2.72570817e-01 2.44492846e-01 2.42903127e-01
   2.37228310e-01 2.36690314e-01 2.38651396e-01 2.46074240e-01
   2.54427895e-01 2.59733234e-01 2.62593691e-01 2.64411420e-01
   2.69220494e-01 2.67461177e-01 2.70308456e-01 2.69855087e-01
   2.75059660e-01 2.72328483e-01 2.73009486e-01 2.73219836e-01
   2.70444546e-01 2.73161745e-01 2.72618878e-01 2.74103290e-01
   2.75566694e-01 2.74268547e-01 2.72142314e-01 2.74788509e-01
   2.76114161e-01 2.79348818e-01 2.75660819e-01 2.77848657e-01
   2.76803665e-01 2.78694975e-01 2.77771033e-01 2.78083945e-01
   2.78927273e-01 2.79902299e-01 2.79721662e-01 2.76935522e-01
   2.78091802e-01 2.76912253e-01 2.75011618e-01 2.77681135e-01]
  [3.97226386e-01 2.83867370e-01 8.07286345e-02 2.65810475e-02
   3.49116571e-02 1.12497989e-03 2.99473599e-06 2.26303356e-08
   1.50504296e-07 7.98331733e-08 1.46323654e-10 9.70220059e-12
   5.68566272e-14 4.07437042e-16 0.00000000e+00 0.00000000e+00
   0.00000000e+00 0.00000000e+00 0.00000000e+00 0.00000000e+00
   0.00000000e+00 0.00000000e+00 0.00000000e+00 0.00000000e+00
   0.00000000e+00 0.00000000e+00 0.00000000e+00 0.00000000e+00
   0.00000000e+00 0.00000000e+00 0.00000000e+00 0.00000000e+00
   0.00000000e+00 0.00000000e+00 0.00000000e+00 0.00000000e+00
   0.00000000e+00 0.00000000e+00 0.00000000e+00 0.00000000e+00
   0.00000000e+00 0.00000000e+00 0.00000000e+00 0.00000000e+00
   0.00000000e+00 0.00000000e+00 0.00000000e+00 0.00000000e+00]
  [2.70062009e-01 2.92733404e-01 3.15987698e-01 2.85721217e-01
   3.01106404e-01 2.70794131e-01 2.72393453e-01 2.49384858e-01
   2.53734920e-01 2.60057319e-01 2.65221853e-01 2.74514210e-01
   2.73708013e-01 2.76165746e-01 2.81082484e-01 2.82915480e-01
   2.86845488e-01 2.87899119e-01 2.84925840e-01 2.88702715e-01
   2.94120363e-01 2.95040061e-01 2.96301497e-01 2.94435323e-01
   2.96598626e-01 2.98469848e-01 2.97151038e-01 2.94165354e-01
   2.95058621e-01 2.96555403e-01 2.97739409e-01 2.98355273e-01
   3.01234818e-01 3.05926800e-01 3.03972629e-01 3.05796733e-01
   3.08075804e-01 3.13006822e-01 3.13996873e-01 3.11052938e-01
   3.12971597e-01 3.12292151e-01 3.12051033e-01 3.12966285e-01
   3.14972330e-01 3.13759874e-01 3.16496814e-01 3.13508087e-01]]

 [[7.05272509e-05 0.00000000e+00 0.00000000e+00 0.00000000e+00
   0.00000000e+00 0.00000000e+00 0.00000000e+00 0.00000000e+00
   0.00000000e+00 0.00000000e+00 0.00000000e+00 0.00000000e+00
   0.00000000e+00 0.00000000e+00 0.00000000e+00 0.00000000e+00
   0.00000000e+00 0.00000000e+00 0.00000000e+00 0.00000000e+00
   0.00000000e+00 0.00000000e+00 0.00000000e+00 0.00000000e+00
   0.00000000e+00 0.00000000e+00 0.00000000e+00 0.00000000e+00
   0.00000000e+00 0.00000000e+00 0.00000000e+00 0.00000000e+00
   0.00000000e+00 0.00000000e+00 0.00000000e+00 0.00000000e+00
   0.00000000e+00 0.00000000e+00 0.00000000e+00 0.00000000e+00
   0.00000000e+00 0.00000000e+00 0.00000000e+00 0.00000000e+00
   0.00000000e+00 0.00000000e+00 0.00000000e+00 0.00000000e+00]
  [3.35762913e-01 1.64787070e-01 1.31546496e-01 7.31565588e-02
   6.61716689e-02 7.75069248e-03 5.94919368e-04 3.82899762e-05
   5.11981750e-05 1.39756251e-06 6.09814457e-08 2.49188491e-09
   4.45280011e-11 6.43303936e-13 3.38206237e-12 4.67382839e-14
   1.36302704e-15 0.00000000e+00 3.32955885e-16 0.00000000e+00
   0.00000000e+00 0.00000000e+00 0.00000000e+00 0.00000000e+00
   0.00000000e+00 0.00000000e+00 0.00000000e+00 0.00000000e+00
   0.00000000e+00 0.00000000e+00 0.00000000e+00 0.00000000e+00
   0.00000000e+00 0.00000000e+00 0.00000000e+00 0.00000000e+00
   0.00000000e+00 0.00000000e+00 0.00000000e+00 0.00000000e+00
   0.00000000e+00 0.00000000e+00 0.00000000e+00 0.00000000e+00
   0.00000000e+00 0.00000000e+00 0.00000000e+00 0.00000000e+00]
  [2.50795708e-01 6.89613287e-01 1.82479647e-04 1.02649858e-04
   1.10611236e-12 0.00000000e+00 0.00000000e+00 0.00000000e+00
   0.00000000e+00 0.00000000e+00 0.00000000e+00 0.00000000e+00
   0.00000000e+00 0.00000000e+00 0.00000000e+00 0.00000000e+00
   0.00000000e+00 0.00000000e+00 0.00000000e+00 0.00000000e+00
   0.00000000e+00 0.00000000e+00 0.00000000e+00 0.00000000e+00
   0.00000000e+00 0.00000000e+00 0.00000000e+00 0.00000000e+00
   0.00000000e+00 0.00000000e+00 0.00000000e+00 0.00000000e+00
   0.00000000e+00 0.00000000e+00 0.00000000e+00 0.00000000e+00
   0.00000000e+00 0.00000000e+00 0.00000000e+00 0.00000000e+00
   0.00000000e+00 0.00000000e+00 0.00000000e+00 0.00000000e+00
   0.00000000e+00 0.00000000e+00 0.00000000e+00 0.00000000e+00]
  [3.61438426e-01 1.50428531e-01 1.51527793e-01 8.68856564e-02
   9.16456162e-02 1.65750746e-02 1.39199565e-03 7.03435624e-05
   1.67610606e-04 5.53061529e-06 2.30482836e-07 7.07986822e-09
   1.89933574e-10 3.75639251e-12 1.52818357e-11 2.75635482e-13
   1.12297866e-14 2.13712426e-16 3.77350003e-15 1.10948288e-16
   0.00000000e+00 0.00000000e+00 0.00000000e+00 0.00000000e+00
   0.00000000e+00 0.00000000e+00 0.00000000e+00 0.00000000e+00
   0.00000000e+00 0.00000000e+00 0.00000000e+00 0.00000000e+00
   0.00000000e+00 0.00000000e+00 0.00000000e+00 0.00000000e+00
   0.00000000e+00 0.00000000e+00 0.00000000e+00 0.00000000e+00
   0.00000000e+00 0.00000000e+00 0.00000000e+00 0.00000000e+00
   0.00000000e+00 0.00000000e+00 0.00000000e+00 0.00000000e+00]
  [1.47000485e-01 2.09631615e-01 2.32143303e-01 2.46612591e-01
   2.53903280e-01 2.64376708e-01 2.38421800e-01 2.42632639e-01
   2.29558712e-01 2.39505824e-01 2.43082517e-01 2.42752497e-01
   2.50040729e-01 2.60303013e-01 2.65463958e-01 2.72484792e-01
   2.79318868e-01 2.84430107e-01 2.88348430e-01 2.76132270e-01
   2.59184308e-01 2.53342456e-01 2.48717952e-01 2.51898110e-01
   2.57793251e-01 2.59797704e-01 2.59534002e-01 2.63948878e-01
   2.67732584e-01 2.73434913e-01 2.67233096e-01 2.70521829e-01
   2.71599966e-01 2.72434485e-01 2.69892115e-01 2.68439049e-01
   2.71220102e-01 2.73285803e-01 2.77599914e-01 2.81115669e-01
   2.78450909e-01 2.76440662e-01 2.74398206e-01 2.70381930e-01
   2.70988450e-01 2.70959017e-01 2.72696127e-01 2.74226589e-01]
  [3.46874997e-01 1.40208860e-01 1.45372588e-01 8.24978870e-02
   8.85585542e-02 1.68665391e-02 1.31840860e-03 7.10220753e-05
   1.56274237e-04 4.96813000e-06 2.07045301e-07 5.14488949e-09
   1.21983396e-10 2.25653849e-12 1.18581111e-11 1.96877357e-13
   5.94520283e-15 1.10652228e-16 1.99773531e-15 0.00000000e+00
   0.00000000e+00 0.00000000e+00 0.00000000e+00 0.00000000e+00
   0.00000000e+00 0.00000000e+00 0.00000000e+00 0.00000000e+00
   0.00000000e+00 0.00000000e+00 0.00000000e+00 0.00000000e+00
   0.00000000e+00 0.00000000e+00 0.00000000e+00 0.00000000e+00
   0.00000000e+00 0.00000000e+00 0.00000000e+00 0.00000000e+00
   0.00000000e+00 0.00000000e+00 0.00000000e+00 0.00000000e+00
   0.00000000e+00 0.00000000e+00 0.00000000e+00 0.00000000e+00]]

 [[3.53969871e-01 2.21443466e-03 9.31643238e-05 2.12238009e-06
   1.07856620e-11 1.07655736e-14 0.00000000e+00 0.00000000e+00
   0.00000000e+00 0.00000000e+00 0.00000000e+00 0.00000000e+00
   0.00000000e+00 0.00000000e+00 0.00000000e+00 0.00000000e+00
   0.00000000e+00 0.00000000e+00 0.00000000e+00 0.00000000e+00
   0.00000000e+00 0.00000000e+00 0.00000000e+00 0.00000000e+00
   0.00000000e+00 0.00000000e+00 0.00000000e+00 0.00000000e+00
   0.00000000e+00 0.00000000e+00 0.00000000e+00 0.00000000e+00
   0.00000000e+00 0.00000000e+00 0.00000000e+00 0.00000000e+00
   0.00000000e+00 0.00000000e+00 0.00000000e+00 0.00000000e+00
   0.00000000e+00 0.00000000e+00 0.00000000e+00 0.00000000e+00
   0.00000000e+00 0.00000000e+00 0.00000000e+00 0.00000000e+00]
  [3.86140891e-01 3.09606221e-01 3.39914027e-01 3.60800307e-01
   3.47364751e-01 3.61616075e-01 3.26780026e-01 3.39176709e-01
   3.30502923e-01 3.22858829e-01 3.35613799e-01 3.36025800e-01
   3.40863742e-01 3.37732643e-01 3.36488008e-01 3.31464811e-01
   3.31807953e-01 3.22462881e-01 3.22981011e-01 3.16921579e-01
   3.12865763e-01 3.06608522e-01 3.09170895e-01 3.07932293e-01
   3.03983064e-01 2.98418652e-01 2.96872650e-01 2.92932588e-01
   2.84747672e-01 2.91118106e-01 2.84426197e-01 2.85696780e-01
   2.77083488e-01 2.71978323e-01 2.66866527e-01 2.67699034e-01
   2.53244828e-01 2.50190353e-01 2.45088102e-01 2.37000479e-01
   2.24424751e-01 2.22313674e-01 2.15443874e-01 2.09681272e-01
   2.06188820e-01 2.05621276e-01 2.00533962e-01 2.00537475e-01]
  [2.76686930e-01 2.89178077e-01 1.82639313e-01 1.48571638e-01
   1.34892139e-01 9.84548860e-02 6.97509991e-02 4.48852361e-02
   2.68331602e-02 2.88930225e-02 2.41326998e-02 1.68515435e-02
   9.24511298e-03 4.23733305e-03 1.89420776e-03 1.22089045e-03
   4.60712160e-04 1.91623202e-04 1.38803721e-04 2.39966015e-04
   1.21004381e-04 3.01872168e-05 4.97763007e-06 2.21818422e-06
   1.33133650e-06 2.61972168e-06 2.10264583e-06 4.53274797e-07
   7.07886059e-08 6.03539610e-08 2.50331007e-07 1.21716440e-07
   4.97081248e-08 2.34881839e-08 8.02564437e-09 3.04646784e-09
   1.04912465e-09 7.57611419e-10 6.76263058e-10 4.49556840e-10
   2.01583335e-10 1.23969375e-10 3.73451034e-11 1.89638858e-11
   2.36850678e-11 1.19005089e-11 3.52489929e-12 2.21911128e-12]
  [2.36415819e-01 2.91310206e-01 2.95858630e-01 3.12839249e-01
   2.87464526e-01 2.90073364e-01 2.68423672e-01 2.62143875e-01
   2.60745892e-01 2.60358724e-01 2.64031427e-01 2.70855988e-01
   2.77382454e-01 2.77315781e-01 2.86850737e-01 2.89537317e-01
   2.85313197e-01 2.94885405e-01 2.90936540e-01 2.92382277e-01
   2.87810838e-01 2.90565994e-01 2.93516903e-01 2.93633074e-01
   2.95947675e-01 2.97692414e-01 2.99052950e-01 3.03311323e-01
   3.06375569e-01 3.03523574e-01 3.05360691e-01 3.08280578e-01
   3.07734632e-01 3.06068083e-01 3.08773638e-01 3.09801627e-01
   3.07126973e-01 3.06047053e-01 3.09521372e-01 3.12207997e-01
   3.16387625e-01 3.11962354e-01 3.14096533e-01 3.16631698e-01
   3.17013948e-01 3.19768422e-01 3.19551508e-01 3.22301333e-01]
  [4.35241129e-01 2.37224601e-01 8.82430940e-02 3.10376445e-02
   2.34057191e-04 3.54904300e-05 2.19133697e-05 3.80977729e-06
   1.11751374e-07 6.08449560e-09 6.29758293e-12 1.37742543e-14
   4.23254395e-14 1.75436352e-16 2.69268948e-15 0.00000000e+00
   0.00000000e+00 0.00000000e+00 0.00000000e+00 0.00000000e+00
   0.00000000e+00 0.00000000e+00 0.00000000e+00 0.00000000e+00
   0.00000000e+00 0.00000000e+00 0.00000000e+00 0.00000000e+00
   0.00000000e+00 0.00000000e+00 0.00000000e+00 0.00000000e+00
   0.00000000e+00 0.00000000e+00 0.00000000e+00 0.00000000e+00
   0.00000000e+00 0.00000000e+00 0.00000000e+00 0.00000000e+00
   0.00000000e+00 0.00000000e+00 0.00000000e+00 0.00000000e+00
   0.00000000e+00 0.00000000e+00 0.00000000e+00 0.00000000e+00]
  [2.55319685e-01 2.90293555e-01 2.94121576e-01 2.91581544e-01
   2.77538459e-01 2.65230964e-01 2.65836344e-01 2.53467441e-01
   2.52465595e-01 2.52589359e-01 2.55667678e-01 2.59479749e-01
   2.64992013e-01 2.67923035e-01 2.69566962e-01 2.71397007e-01
   2.73457629e-01 2.74964375e-01 2.74409923e-01 2.76548214e-01
   2.73252312e-01 2.73674147e-01 2.75451659e-01 2.79482529e-01
   2.79186573e-01 2.77483322e-01 2.77572675e-01 2.77940079e-01
   2.78752558e-01 2.76878897e-01 2.72813626e-01 2.73796514e-01
   2.75787090e-01 2.77681899e-01 2.80129037e-01 2.77058753e-01
   2.80624398e-01 2.77751455e-01 2.76149268e-01 2.81898381e-01
   2.82551663e-01 2.82120481e-01 2.84220932e-01 2.83226644e-01
   2.81651060e-01 2.81310810e-01 2.79062764e-01 2.79184876e-01]]] 
Error down: 
[[[7.09011213e-01 5.60892639e-01 5.15235413e-01 7.66455660e-01
   6.92473014e-01 6.18103763e-01 5.47609029e-01 4.92991321e-01
   4.56926631e-01 4.34417852e-01 4.83124342e-01 5.42529693e-01
   5.28096305e-01 5.11529885e-01 4.96877909e-01 6.23538797e-01
   5.98449745e-01 5.82300701e-01 5.65964916e-01 6.16210004e-01
   5.92660687e-01 6.24696297e-01 6.06692163e-01 5.90447744e-01
   5.73263262e-01 5.55416641e-01 5.46362323e-01 5.28202069e-01
   5.33916909e-01 5.51280967e-01 5.37352977e-01 5.44631667e-01
   4.90781587e-01 5.00363748e-01 4.95383402e-01 4.88923293e-01
   4.94470913e-01 5.05570442e-01 5.16332205e-01 5.24780272e-01
   5.18120875e-01 5.08331156e-01 4.99614325e-01 4.92469691e-01
   4.93979301e-01 4.87180020e-01 4.82651900e-01 4.76470534e-01]
  [2.54152840e-02 4.87688863e-03 8.29511178e-04 8.55759682e-05
   3.01803991e-06 2.76623379e-08 1.45346807e-08 1.98073313e-10
   8.22685063e-13 5.04436108e-13 3.34054985e-15 2.34257058e-17
   0.00000000e+00 0.00000000e+00 0.00000000e+00 0.00000000e+00
   0.00000000e+00 0.00000000e+00 0.00000000e+00 0.00000000e+00
   0.00000000e+00 0.00000000e+00 0.00000000e+00 0.00000000e+00
   0.00000000e+00 0.00000000e+00 0.00000000e+00 0.00000000e+00
   0.00000000e+00 0.00000000e+00 0.00000000e+00 0.00000000e+00
   0.00000000e+00 0.00000000e+00 0.00000000e+00 0.00000000e+00
   0.00000000e+00 0.00000000e+00 0.00000000e+00 0.00000000e+00
   0.00000000e+00 0.00000000e+00 0.00000000e+00 0.00000000e+00
   0.00000000e+00 0.00000000e+00 0.00000000e+00 0.00000000e+00]
  [5.55083505e-02 2.07514527e-02 5.81201616e-03 1.29786416e-03
   3.23857070e-04 7.00121501e-05 1.05654183e-05 2.34340713e-06
   3.93357837e-07 3.60590263e-07 3.44309016e-08 2.90942120e-09
   2.19945655e-10 2.19478300e-11 1.51471034e-12 1.57393114e-12
   1.10853474e-13 9.40944143e-15 7.02986974e-16 7.71605002e-17
   4.07081776e-18 7.40148683e-20 3.70074342e-20 0.00000000e+00
   0.00000000e+00 0.00000000e+00 0.00000000e+00 0.00000000e+00
   0.00000000e+00 0.00000000e+00 0.00000000e+00 0.00000000e+00
   0.00000000e+00 0.00000000e+00 0.00000000e+00 0.00000000e+00
   0.00000000e+00 0.00000000e+00 0.00000000e+00 0.00000000e+00
   0.00000000e+00 0.00000000e+00 0.00000000e+00 0.00000000e+00
   0.00000000e+00 0.00000000e+00 0.00000000e+00 0.00000000e+00]
  [4.96460637e-03 7.78545891e-04 1.15160327e-04 4.14886712e-07
   1.24383697e-10 4.71923661e-15 1.97926860e-14 1.11022302e-18
   0.00000000e+00 0.00000000e+00 0.00000000e+00 0.00000000e+00
   0.00000000e+00 0.00000000e+00 0.00000000e+00 0.00000000e+00
   0.00000000e+00 0.00000000e+00 0.00000000e+00 0.00000000e+00
   0.00000000e+00 0.00000000e+00 0.00000000e+00 0.00000000e+00
   0.00000000e+00 0.00000000e+00 0.00000000e+00 0.00000000e+00
   0.00000000e+00 0.00000000e+00 0.00000000e+00 0.00000000e+00
   0.00000000e+00 0.00000000e+00 0.00000000e+00 0.00000000e+00
   0.00000000e+00 0.00000000e+00 0.00000000e+00 0.00000000e+00
   0.00000000e+00 0.00000000e+00 0.00000000e+00 0.00000000e+00
   0.00000000e+00 0.00000000e+00 0.00000000e+00 0.00000000e+00]
  [1.57244730e-09 4.52045808e-16 3.10492373e-17 0.00000000e+00
   0.00000000e+00 0.00000000e+00 0.00000000e+00 0.00000000e+00
   0.00000000e+00 0.00000000e+00 0.00000000e+00 0.00000000e+00
   0.00000000e+00 0.00000000e+00 0.00000000e+00 0.00000000e+00
   0.00000000e+00 0.00000000e+00 0.00000000e+00 0.00000000e+00
   0.00000000e+00 0.00000000e+00 0.00000000e+00 0.00000000e+00
   0.00000000e+00 0.00000000e+00 0.00000000e+00 0.00000000e+00
   0.00000000e+00 0.00000000e+00 0.00000000e+00 0.00000000e+00
   0.00000000e+00 0.00000000e+00 0.00000000e+00 0.00000000e+00
   0.00000000e+00 0.00000000e+00 0.00000000e+00 0.00000000e+00
   0.00000000e+00 0.00000000e+00 0.00000000e+00 0.00000000e+00
   0.00000000e+00 0.00000000e+00 0.00000000e+00 0.00000000e+00]
  [3.18218483e-03 3.10069556e-04 4.21978328e-05 2.65152702e-08
   8.67225689e-13 2.22044605e-18 2.64233080e-17 0.00000000e+00
   0.00000000e+00 0.00000000e+00 0.00000000e+00 0.00000000e+00
   0.00000000e+00 0.00000000e+00 0.00000000e+00 0.00000000e+00
   0.00000000e+00 0.00000000e+00 0.00000000e+00 0.00000000e+00
   0.00000000e+00 0.00000000e+00 0.00000000e+00 0.00000000e+00
   0.00000000e+00 0.00000000e+00 0.00000000e+00 0.00000000e+00
   0.00000000e+00 0.00000000e+00 0.00000000e+00 0.00000000e+00
   0.00000000e+00 0.00000000e+00 0.00000000e+00 0.00000000e+00
   0.00000000e+00 0.00000000e+00 0.00000000e+00 0.00000000e+00
   0.00000000e+00 0.00000000e+00 0.00000000e+00 0.00000000e+00
   0.00000000e+00 0.00000000e+00 0.00000000e+00 0.00000000e+00]]

 [[1.62992759e-02 1.86621087e-03 7.19839163e-05 6.08357238e-07
   1.77560675e-08 1.69348898e-10 1.56335829e-15 2.85011355e-15
   6.77236045e-18 0.00000000e+00 0.00000000e+00 0.00000000e+00
   0.00000000e+00 0.00000000e+00 0.00000000e+00 0.00000000e+00
   0.00000000e+00 0.00000000e+00 0.00000000e+00 0.00000000e+00
   0.00000000e+00 0.00000000e+00 0.00000000e+00 0.00000000e+00
   0.00000000e+00 0.00000000e+00 0.00000000e+00 0.00000000e+00
   0.00000000e+00 0.00000000e+00 0.00000000e+00 0.00000000e+00
   0.00000000e+00 0.00000000e+00 0.00000000e+00 0.00000000e+00
   0.00000000e+00 0.00000000e+00 0.00000000e+00 0.00000000e+00
   0.00000000e+00 0.00000000e+00 0.00000000e+00 0.00000000e+00
   0.00000000e+00 0.00000000e+00 0.00000000e+00 0.00000000e+00]
  [3.92110081e-01 3.87183190e-01 3.50849498e-01 3.34983178e-01
   3.19411819e-01 3.04836870e-01 2.94824351e-01 2.95065048e-01
   2.89106202e-01 2.92546740e-01 2.95118353e-01 2.89513909e-01
   2.93623943e-01 2.93496820e-01 2.86756371e-01 2.87498254e-01
   2.85614069e-01 2.81213664e-01 2.80216652e-01 2.81903467e-01
   2.81759826e-01 2.86467087e-01 2.82414965e-01 2.82037374e-01
   2.79690324e-01 2.80080349e-01 2.83902020e-01 2.81763556e-01
   2.77347136e-01 2.81856441e-01 2.82493696e-01 2.81142008e-01
   2.79795017e-01 2.79433642e-01 2.83207620e-01 2.85134430e-01
   2.82504124e-01 2.83500599e-01 2.81235391e-01 2.77557642e-01
   2.80476433e-01 2.83296282e-01 2.83760310e-01 2.80447068e-01
   2.80925371e-01 2.80562246e-01 2.81398004e-01 2.85944741e-01]
  [1.22474409e-01 5.80795596e-02 4.10382031e-02 2.37162073e-02
   1.32736956e-02 7.26496359e-03 3.85685104e-03 1.76988939e-03
   9.79717762e-04 4.89851509e-04 2.70265639e-04 1.43590396e-04
   8.43982627e-05 5.72386320e-05 4.22340686e-05 2.84089589e-05
   2.43395153e-05 1.42082686e-05 1.78865493e-05 1.08708719e-05
   7.25109192e-06 6.05341596e-06 3.10585986e-06 1.21123483e-06
   9.85028762e-07 3.81200864e-07 1.22572921e-07 9.19965408e-08
   2.74516146e-08 3.55790605e-09 2.11020662e-09 6.45217304e-10
   2.16790460e-10 1.35279156e-10 6.42585488e-11 2.64882130e-11
   1.11522560e-11 3.95260663e-12 1.17439117e-12 3.55163952e-13
   2.40826684e-13 8.22306016e-14 2.87723657e-14 1.67832360e-14
   7.03466809e-15 3.37490077e-15 1.96018521e-15 1.06913368e-15]
  [4.38958597e-01 3.48323938e-01 3.19220920e-01 2.54821031e-01
   2.58295828e-01 2.61628587e-01 2.66243412e-01 2.76525057e-01
   2.60903508e-01 2.59048090e-01 2.51816852e-01 2.43806108e-01
   2.35383876e-01 2.30390917e-01 2.28241270e-01 2.25254915e-01
   2.22702447e-01 2.22009279e-01 2.20174125e-01 2.17428375e-01
   2.10581182e-01 2.08608724e-01 2.02472437e-01 1.99566046e-01
   1.90903351e-01 1.88225247e-01 1.85402832e-01 1.81320712e-01
   1.75131784e-01 1.72755135e-01 1.69390179e-01 1.66360019e-01
   1.61197738e-01 1.57444009e-01 1.53891944e-01 1.50456960e-01
   1.44635008e-01 1.41706682e-01 1.39176752e-01 1.36655391e-01
   1.32746497e-01 1.28791156e-01 1.26229541e-01 1.24320315e-01
   1.22755213e-01 1.20374242e-01 1.17451590e-01 1.14982186e-01]
  [8.51401269e-03 1.91748874e-03 9.49523993e-04 7.16683985e-04
   5.28921822e-04 2.35198489e-04 9.42449163e-06 2.79061760e-08
   2.58241363e-08 9.47062085e-10 1.76942009e-12 1.13716316e-15
   5.51410769e-18 1.07321559e-18 1.48029737e-19 7.40148683e-20
   0.00000000e+00 0.00000000e+00 0.00000000e+00 0.00000000e+00
   0.00000000e+00 0.00000000e+00 0.00000000e+00 0.00000000e+00
   0.00000000e+00 0.00000000e+00 0.00000000e+00 0.00000000e+00
   0.00000000e+00 0.00000000e+00 0.00000000e+00 0.00000000e+00
   0.00000000e+00 0.00000000e+00 0.00000000e+00 0.00000000e+00
   0.00000000e+00 0.00000000e+00 0.00000000e+00 0.00000000e+00
   0.00000000e+00 0.00000000e+00 0.00000000e+00 0.00000000e+00
   0.00000000e+00 0.00000000e+00 0.00000000e+00 0.00000000e+00]
  [3.09181392e-01 3.46335309e-01 2.94638047e-01 2.56927522e-01
   2.40852263e-01 2.15781775e-01 2.28466653e-01 2.14300054e-01
   2.10065922e-01 2.02267841e-01 1.95975887e-01 1.84834961e-01
   1.75040806e-01 1.67067191e-01 1.58347100e-01 1.53284847e-01
   1.46857028e-01 1.42460219e-01 1.37435016e-01 1.31748550e-01
   1.26301365e-01 1.20652280e-01 1.13882686e-01 1.08823469e-01
   1.02789793e-01 9.79403915e-02 9.12815194e-02 8.57831378e-02
   8.00239354e-02 7.63705485e-02 7.29849764e-02 6.93669350e-02
   6.46010257e-02 6.09143912e-02 5.77323862e-02 5.42134548e-02
   5.02055932e-02 4.82490986e-02 4.60575350e-02 4.34664250e-02
   4.12292734e-02 3.88227241e-02 3.71038568e-02 3.53152075e-02
   3.37428124e-02 3.18092224e-02 3.00477619e-02 2.82271493e-02]]

 [[2.32314186e-02 4.97663164e-03 1.42760841e-03 2.67371089e-04
   1.26399576e-04 1.16006477e-04 2.60628336e-05 6.05392408e-08
   5.39473342e-12 1.58663287e-12 1.71188989e-15 3.70074342e-20
   0.00000000e+00 0.00000000e+00 0.00000000e+00 0.00000000e+00
   0.00000000e+00 0.00000000e+00 0.00000000e+00 0.00000000e+00
   0.00000000e+00 0.00000000e+00 0.00000000e+00 0.00000000e+00
   0.00000000e+00 0.00000000e+00 0.00000000e+00 0.00000000e+00
   0.00000000e+00 0.00000000e+00 0.00000000e+00 0.00000000e+00
   0.00000000e+00 0.00000000e+00 0.00000000e+00 0.00000000e+00
   0.00000000e+00 0.00000000e+00 0.00000000e+00 0.00000000e+00
   0.00000000e+00 0.00000000e+00 0.00000000e+00 0.00000000e+00
   0.00000000e+00 0.00000000e+00 0.00000000e+00 0.00000000e+00]
  [8.01555328e-02 3.80326166e-02 2.31445145e-02 1.37106965e-02
   7.37581144e-03 4.42127856e-03 2.53810139e-03 1.37724022e-03
   5.36453294e-04 1.75699041e-04 7.22393268e-05 1.60187511e-05
   4.04307670e-06 9.38197147e-07 5.24320643e-07 6.92994959e-08
   9.15766300e-08 1.11784382e-09 9.66468175e-11 4.33408010e-13
   8.45598964e-14 2.15001527e-14 3.52560573e-16 7.92203903e-16
   2.00923474e-16 1.68790907e-16 3.00130291e-17 8.05651842e-17
   7.40148683e-19 1.66533454e-18 2.59052039e-19 0.00000000e+00
   0.00000000e+00 0.00000000e+00 0.00000000e+00 0.00000000e+00
   0.00000000e+00 0.00000000e+00 0.00000000e+00 0.00000000e+00
   0.00000000e+00 0.00000000e+00 0.00000000e+00 0.00000000e+00
   0.00000000e+00 0.00000000e+00 0.00000000e+00 0.00000000e+00]
  [4.90689689e-01 4.46907778e-01 3.60798245e-01 3.26442713e-01
   3.72044662e-01 3.80657343e-01 3.80989924e-01 3.41874097e-01
   3.25022527e-01 3.23069929e-01 3.26115649e-01 3.12798138e-01
   3.08314796e-01 3.07028795e-01 3.03821567e-01 3.00822467e-01
   2.91145201e-01 2.87680054e-01 2.90089411e-01 2.96455180e-01
   2.95474655e-01 2.99036334e-01 2.95363257e-01 2.91960162e-01
   2.93866858e-01 2.99490380e-01 2.98495004e-01 2.96181793e-01
   2.98268808e-01 3.01968405e-01 3.01140741e-01 2.97685255e-01
   3.01541713e-01 3.01356105e-01 2.99645788e-01 2.99328926e-01
   3.02944059e-01 2.97477032e-01 2.98605403e-01 2.91608746e-01
   2.93843034e-01 2.92434291e-01 2.94741513e-01 2.91891391e-01
   2.94196485e-01 2.88739543e-01 2.90290398e-01 2.86737425e-01]
  [7.68310364e-02 4.27950764e-02 2.64055678e-02 1.56076084e-02
   8.42771655e-03 5.34624412e-03 3.07649016e-03 1.84351544e-03
   9.57470203e-04 4.04135882e-04 7.78872529e-05 1.97310687e-05
   6.62655775e-06 5.66775301e-06 1.33974291e-06 3.10854877e-08
   5.17468197e-09 9.52138810e-10 1.17951100e-10 1.14247253e-12
   2.08242545e-13 3.39006342e-13 5.63140022e-13 6.14878642e-13
   8.69504624e-15 8.79104914e-16 2.50910404e-17 9.30736969e-17
   1.11151778e-16 3.84877315e-18 3.70074342e-20 3.70074342e-20
   0.00000000e+00 0.00000000e+00 0.00000000e+00 0.00000000e+00
   0.00000000e+00 0.00000000e+00 0.00000000e+00 0.00000000e+00
   0.00000000e+00 0.00000000e+00 0.00000000e+00 0.00000000e+00
   0.00000000e+00 0.00000000e+00 0.00000000e+00 0.00000000e+00]
  [1.89638596e-05 1.06416125e-06 4.43188638e-10 1.01875582e-13
   3.70074342e-20 0.00000000e+00 0.00000000e+00 0.00000000e+00
   0.00000000e+00 0.00000000e+00 0.00000000e+00 0.00000000e+00
   0.00000000e+00 0.00000000e+00 0.00000000e+00 0.00000000e+00
   0.00000000e+00 0.00000000e+00 0.00000000e+00 0.00000000e+00
   0.00000000e+00 0.00000000e+00 0.00000000e+00 0.00000000e+00
   0.00000000e+00 0.00000000e+00 0.00000000e+00 0.00000000e+00
   0.00000000e+00 0.00000000e+00 0.00000000e+00 0.00000000e+00
   0.00000000e+00 0.00000000e+00 0.00000000e+00 0.00000000e+00
   0.00000000e+00 0.00000000e+00 0.00000000e+00 0.00000000e+00
   0.00000000e+00 0.00000000e+00 0.00000000e+00 0.00000000e+00
   0.00000000e+00 0.00000000e+00 0.00000000e+00 0.00000000e+00]
  [7.55763013e-02 4.64605538e-02 2.79323253e-02 1.55714727e-02
   8.56470811e-03 5.45719575e-03 3.07957692e-03 1.92521913e-03
   1.11349230e-03 5.18967917e-04 7.51564882e-05 2.72538033e-05
   1.41910978e-05 1.29934180e-05 1.93158988e-06 7.40031354e-08
   3.52114625e-09 3.57312633e-09 2.62129773e-10 5.48663952e-12
   1.64000993e-12 3.60697080e-12 1.00885328e-11 6.82972142e-12
   6.16984567e-14 1.67375163e-15 4.20599036e-16 1.16796498e-15
   2.68424338e-15 1.25085127e-17 3.70074342e-20 7.40148683e-20
   3.70074342e-20 0.00000000e+00 0.00000000e+00 0.00000000e+00
   0.00000000e+00 0.00000000e+00 0.00000000e+00 0.00000000e+00
   0.00000000e+00 0.00000000e+00 0.00000000e+00 0.00000000e+00
   0.00000000e+00 0.00000000e+00 0.00000000e+00 0.00000000e+00]]

 [[7.30116198e-03 5.57318666e-04 2.17917263e-05 2.14469106e-09
   4.41050733e-12 1.80596279e-17 0.00000000e+00 0.00000000e+00
   0.00000000e+00 0.00000000e+00 0.00000000e+00 0.00000000e+00
   0.00000000e+00 0.00000000e+00 0.00000000e+00 0.00000000e+00
   0.00000000e+00 0.00000000e+00 0.00000000e+00 0.00000000e+00
   0.00000000e+00 0.00000000e+00 0.00000000e+00 0.00000000e+00
   0.00000000e+00 0.00000000e+00 0.00000000e+00 0.00000000e+00
   0.00000000e+00 0.00000000e+00 0.00000000e+00 0.00000000e+00
   0.00000000e+00 0.00000000e+00 0.00000000e+00 0.00000000e+00
   0.00000000e+00 0.00000000e+00 0.00000000e+00 0.00000000e+00
   0.00000000e+00 0.00000000e+00 0.00000000e+00 0.00000000e+00
   0.00000000e+00 0.00000000e+00 0.00000000e+00 0.00000000e+00]
  [3.34723216e-01 3.68471282e-01 3.47966071e-01 2.84370198e-01
   2.89288803e-01 2.63794892e-01 2.63436704e-01 2.66360129e-01
   2.66541174e-01 2.65063509e-01 2.61945812e-01 2.55736163e-01
   2.51019548e-01 2.46662245e-01 2.39824626e-01 2.31691993e-01
   2.22889203e-01 2.23004186e-01 2.21927633e-01 2.17775560e-01
   2.10235292e-01 2.07916373e-01 2.05661455e-01 2.00527314e-01
   1.95618921e-01 1.94296106e-01 1.90035537e-01 1.83951709e-01
   1.81642792e-01 1.78363166e-01 1.74053716e-01 1.68983664e-01
   1.68121331e-01 1.62725415e-01 1.57637285e-01 1.53643680e-01
   1.50222721e-01 1.47813631e-01 1.44704262e-01 1.40411344e-01
   1.38374576e-01 1.34780325e-01 1.32015743e-01 1.30020451e-01
   1.28160249e-01 1.25439016e-01 1.23539162e-01 1.19750062e-01]
  [1.23673840e-01 6.07883230e-02 4.13027461e-02 2.44259911e-02
   1.36542026e-02 7.73664623e-03 4.77619114e-03 2.90478459e-03
   1.49083592e-03 7.20047169e-04 3.92966045e-04 1.94851745e-04
   8.83048853e-05 4.87335104e-05 2.76913657e-05 1.36025676e-05
   8.57715217e-06 5.04751680e-06 2.36783982e-06 1.58665063e-06
   1.01898946e-06 5.04964586e-07 1.98260269e-07 1.04743531e-07
   6.11877859e-08 3.11450189e-08 1.70258424e-08 8.27576759e-09
   3.06074155e-09 1.39001216e-09 6.68989905e-10 2.94423882e-10
   1.50145845e-10 6.02597255e-11 2.60332390e-11 1.07483187e-11
   4.39373407e-12 1.31457078e-12 9.58155142e-13 3.52577031e-13
   1.22786680e-13 6.70913236e-14 2.97535729e-14 1.91501213e-14
   6.92291070e-15 5.99294507e-15 2.08672731e-15 1.03826088e-15]
  [3.77420883e-01 3.81583628e-01 3.54839496e-01 3.05130656e-01
   2.94805752e-01 2.76935007e-01 2.96094051e-01 2.92404554e-01
   3.05278243e-01 3.08353926e-01 3.13683770e-01 3.08121406e-01
   3.00022421e-01 2.98572850e-01 2.97313913e-01 2.88967624e-01
   2.87418462e-01 2.92888716e-01 2.86432712e-01 2.91708528e-01
   2.87151914e-01 2.90313771e-01 2.91766039e-01 2.90331120e-01
   2.91809929e-01 2.90864961e-01 2.91350989e-01 2.87502698e-01
   2.86840652e-01 2.88137440e-01 2.89808936e-01 2.90016437e-01
   2.88931411e-01 2.88421824e-01 2.94885739e-01 2.90870306e-01
   2.93025392e-01 2.92321506e-01 2.93223527e-01 2.94579817e-01
   2.94675116e-01 2.92275096e-01 2.90052652e-01 2.93383823e-01
   2.89766434e-01 2.89686286e-01 2.92265673e-01 2.92439117e-01]
  [1.21700319e-02 3.03047260e-03 6.04868441e-04 9.28829477e-05
   6.94134198e-05 1.60328512e-06 9.18102445e-09 6.60686828e-11
   1.46244338e-10 3.78461270e-11 1.78305432e-13 1.17920774e-14
   4.63703150e-17 6.29126381e-19 0.00000000e+00 0.00000000e+00
   0.00000000e+00 0.00000000e+00 0.00000000e+00 0.00000000e+00
   0.00000000e+00 0.00000000e+00 0.00000000e+00 0.00000000e+00
   0.00000000e+00 0.00000000e+00 0.00000000e+00 0.00000000e+00
   0.00000000e+00 0.00000000e+00 0.00000000e+00 0.00000000e+00
   0.00000000e+00 0.00000000e+00 0.00000000e+00 0.00000000e+00
   0.00000000e+00 0.00000000e+00 0.00000000e+00 0.00000000e+00
   0.00000000e+00 0.00000000e+00 0.00000000e+00 0.00000000e+00
   0.00000000e+00 0.00000000e+00 0.00000000e+00 0.00000000e+00]
  [3.83437391e-01 3.75415334e-01 3.28067339e-01 3.36331602e-01
   2.92632276e-01 3.03843343e-01 2.87444863e-01 3.07719630e-01
   2.98301289e-01 2.92969303e-01 2.93820715e-01 2.90284755e-01
   2.94621295e-01 2.95897783e-01 2.93534612e-01 2.89337222e-01
   2.88407778e-01 2.88501873e-01 2.88739304e-01 2.89322859e-01
   2.86662188e-01 2.85223662e-01 2.84673646e-01 2.85379284e-01
   2.79876629e-01 2.79753655e-01 2.81070962e-01 2.81650261e-01
   2.81111018e-01 2.78638874e-01 2.77538491e-01 2.77903812e-01
   2.76081097e-01 2.74342221e-01 2.76959264e-01 2.75505480e-01
   2.74604358e-01 2.74287973e-01 2.74485662e-01 2.76844288e-01
   2.75431057e-01 2.75027839e-01 2.72066151e-01 2.73462426e-01
   2.70007088e-01 2.69403829e-01 2.68398508e-01 2.71885197e-01]]

 [[7.37965992e-08 0.00000000e+00 0.00000000e+00 0.00000000e+00
   0.00000000e+00 0.00000000e+00 0.00000000e+00 0.00000000e+00
   0.00000000e+00 0.00000000e+00 0.00000000e+00 0.00000000e+00
   0.00000000e+00 0.00000000e+00 0.00000000e+00 0.00000000e+00
   0.00000000e+00 0.00000000e+00 0.00000000e+00 0.00000000e+00
   0.00000000e+00 0.00000000e+00 0.00000000e+00 0.00000000e+00
   0.00000000e+00 0.00000000e+00 0.00000000e+00 0.00000000e+00
   0.00000000e+00 0.00000000e+00 0.00000000e+00 0.00000000e+00
   0.00000000e+00 0.00000000e+00 0.00000000e+00 0.00000000e+00
   0.00000000e+00 0.00000000e+00 0.00000000e+00 0.00000000e+00
   0.00000000e+00 0.00000000e+00 0.00000000e+00 0.00000000e+00
   0.00000000e+00 0.00000000e+00 0.00000000e+00 0.00000000e+00]
  [4.65070458e-02 1.05369676e-02 2.00361103e-03 6.30335637e-04
   1.55979500e-04 2.72606437e-05 3.11965213e-06 2.19751811e-07
   8.56296262e-08 2.86312789e-09 1.63745261e-10 5.95351744e-12
   1.47414915e-13 3.31546439e-15 4.41119765e-15 6.08772292e-17
   2.33146835e-18 0.00000000e+00 1.11022302e-19 0.00000000e+00
   0.00000000e+00 0.00000000e+00 0.00000000e+00 0.00000000e+00
   0.00000000e+00 0.00000000e+00 0.00000000e+00 0.00000000e+00
   0.00000000e+00 0.00000000e+00 0.00000000e+00 0.00000000e+00
   0.00000000e+00 0.00000000e+00 0.00000000e+00 0.00000000e+00
   0.00000000e+00 0.00000000e+00 0.00000000e+00 0.00000000e+00
   0.00000000e+00 0.00000000e+00 0.00000000e+00 0.00000000e+00
   0.00000000e+00 0.00000000e+00 0.00000000e+00 0.00000000e+00]
  [1.04652325e-03 2.29948537e-04 1.60247671e-07 3.42280288e-08
   1.01888868e-15 0.00000000e+00 0.00000000e+00 0.00000000e+00
   0.00000000e+00 0.00000000e+00 0.00000000e+00 0.00000000e+00
   0.00000000e+00 0.00000000e+00 0.00000000e+00 0.00000000e+00
   0.00000000e+00 0.00000000e+00 0.00000000e+00 0.00000000e+00
   0.00000000e+00 0.00000000e+00 0.00000000e+00 0.00000000e+00
   0.00000000e+00 0.00000000e+00 0.00000000e+00 0.00000000e+00
   0.00000000e+00 0.00000000e+00 0.00000000e+00 0.00000000e+00
   0.00000000e+00 0.00000000e+00 0.00000000e+00 0.00000000e+00
   0.00000000e+00 0.00000000e+00 0.00000000e+00 0.00000000e+00
   0.00000000e+00 0.00000000e+00 0.00000000e+00 0.00000000e+00
   0.00000000e+00 0.00000000e+00 0.00000000e+00 0.00000000e+00]
  [5.22179162e-02 1.20114317e-02 2.44979657e-03 7.62103690e-04
   2.46262006e-04 6.35031869e-05 8.23605202e-06 5.22958442e-07
   3.24076555e-07 1.31999692e-08 7.24494127e-10 2.19337604e-11
   5.66000294e-13 1.78724125e-14 2.42394217e-14 4.25967358e-16
   2.00950367e-17 7.03141249e-19 1.25825276e-18 7.40148683e-20
   0.00000000e+00 0.00000000e+00 0.00000000e+00 0.00000000e+00
   0.00000000e+00 0.00000000e+00 0.00000000e+00 0.00000000e+00
   0.00000000e+00 0.00000000e+00 0.00000000e+00 0.00000000e+00
   0.00000000e+00 0.00000000e+00 0.00000000e+00 0.00000000e+00
   0.00000000e+00 0.00000000e+00 0.00000000e+00 0.00000000e+00
   0.00000000e+00 0.00000000e+00 0.00000000e+00 0.00000000e+00
   0.00000000e+00 0.00000000e+00 0.00000000e+00 0.00000000e+00]
  [8.46272956e-01 7.37796643e-01 6.32742754e-01 5.51175214e-01
   4.96566851e-01 4.59356891e-01 5.25815173e-01 5.02028436e-01
   5.88850414e-01 5.59280518e-01 5.33641077e-01 5.49855170e-01
   5.22649140e-01 4.93872019e-01 4.76506148e-01 4.55470598e-01
   4.38006461e-01 4.21903333e-01 4.05762467e-01 4.21085728e-01
   4.47776908e-01 4.56601892e-01 4.68684071e-01 4.57171770e-01
   4.38662118e-01 4.35354913e-01 4.31382413e-01 4.24406642e-01
   4.11856802e-01 4.03534268e-01 4.15937490e-01 4.04805339e-01
   3.99860597e-01 3.94898113e-01 3.97356702e-01 3.96644869e-01
   3.90234109e-01 3.85596722e-01 3.74226334e-01 3.67453429e-01
   3.68417463e-01 3.68905810e-01 3.67337665e-01 3.72348611e-01
   3.69710403e-01 3.67083057e-01 3.61252207e-01 3.53677433e-01]
  [4.99787398e-02 1.09601496e-02 2.26144541e-03 7.14659643e-04
   2.49978763e-04 6.59897459e-05 8.05160897e-06 4.38216377e-07
   3.24354392e-07 1.24330142e-08 5.90305299e-10 1.49683083e-11
   3.32874669e-13 1.01123765e-14 1.38572218e-14 2.29512205e-16
   1.06951485e-17 3.70074342e-19 6.66133815e-19 0.00000000e+00
   0.00000000e+00 0.00000000e+00 0.00000000e+00 0.00000000e+00
   0.00000000e+00 0.00000000e+00 0.00000000e+00 0.00000000e+00
   0.00000000e+00 0.00000000e+00 0.00000000e+00 0.00000000e+00
   0.00000000e+00 0.00000000e+00 0.00000000e+00 0.00000000e+00
   0.00000000e+00 0.00000000e+00 0.00000000e+00 0.00000000e+00
   0.00000000e+00 0.00000000e+00 0.00000000e+00 0.00000000e+00
   0.00000000e+00 0.00000000e+00 0.00000000e+00 0.00000000e+00]]

 [[4.85040507e-03 1.38391492e-05 2.16602982e-07 7.07699679e-10
   3.59641946e-15 3.58972111e-18 0.00000000e+00 0.00000000e+00
   0.00000000e+00 0.00000000e+00 0.00000000e+00 0.00000000e+00
   0.00000000e+00 0.00000000e+00 0.00000000e+00 0.00000000e+00
   0.00000000e+00 0.00000000e+00 0.00000000e+00 0.00000000e+00
   0.00000000e+00 0.00000000e+00 0.00000000e+00 0.00000000e+00
   0.00000000e+00 0.00000000e+00 0.00000000e+00 0.00000000e+00
   0.00000000e+00 0.00000000e+00 0.00000000e+00 0.00000000e+00
   0.00000000e+00 0.00000000e+00 0.00000000e+00 0.00000000e+00
   0.00000000e+00 0.00000000e+00 0.00000000e+00 0.00000000e+00
   0.00000000e+00 0.00000000e+00 0.00000000e+00 0.00000000e+00
   0.00000000e+00 0.00000000e+00 0.00000000e+00 0.00000000e+00]
  [2.96123246e-01 3.31194119e-01 2.98901891e-01 2.62970045e-01
   2.51372200e-01 2.32272611e-01 2.38403308e-01 2.18793273e-01
   2.15773270e-01 2.11746074e-01 2.00475218e-01 1.93255701e-01
   1.81251029e-01 1.72908183e-01 1.64970829e-01 1.57633545e-01
   1.50420187e-01 1.46836795e-01 1.40028350e-01 1.32336103e-01
   1.25862778e-01 1.20120892e-01 1.13769165e-01 1.07574772e-01
   1.02201161e-01 9.79263114e-02 9.40314188e-02 8.90561521e-02
   8.47954538e-02 8.19329888e-02 7.83271917e-02 7.54211043e-02
   7.21238052e-02 6.76291589e-02 6.37612256e-02 6.12663490e-02
   5.77210752e-02 5.50991294e-02 5.26311738e-02 4.93392914e-02
   4.63696528e-02 4.36949464e-02 4.16343152e-02 3.88848297e-02
   3.71062302e-02 3.57867014e-02 3.32572435e-02 3.23548114e-02]
  [1.23292298e-01 5.87021964e-02 4.06110195e-02 2.31135281e-02
   1.34249360e-02 7.51407341e-03 4.18029118e-03 2.41233600e-03
   1.31499511e-03 7.99601020e-04 5.02513280e-04 2.68185471e-04
   1.44387332e-04 7.79160475e-05 4.02395534e-05 2.01991894e-05
   9.47560723e-06 4.96993336e-06 2.79794147e-06 2.17568177e-06
   1.10062527e-06 4.14958083e-07 1.35809714e-07 6.10433733e-08
   3.02980419e-08 2.35129272e-08 1.31943864e-08 4.59100083e-09
   1.36499797e-09 7.24510924e-10 1.00456872e-09 6.11734637e-10
   2.69791463e-10 1.46615987e-10 4.97760348e-11 2.07152585e-11
   8.83091004e-12 5.07932172e-12 3.31165335e-12 2.05900321e-12
   9.38320189e-13 5.35541083e-13 2.11511369e-13 9.70136915e-14
   9.39494680e-14 4.21826848e-14 1.54549134e-14 9.96246439e-15]
  [4.42210015e-01 3.68792840e-01 3.46175583e-01 2.99370248e-01
   2.93909453e-01 2.81004385e-01 2.91067476e-01 2.94161314e-01
   2.98631210e-01 3.00804215e-01 3.02928142e-01 2.99461130e-01
   2.94448771e-01 2.93025938e-01 2.88384014e-01 2.82876264e-01
   2.85180685e-01 2.79152707e-01 2.80712180e-01 2.79184203e-01
   2.82103439e-01 2.81495398e-01 2.80188041e-01 2.82565100e-01
   2.78915236e-01 2.78431436e-01 2.77391382e-01 2.75782002e-01
   2.72111664e-01 2.74549314e-01 2.73794326e-01 2.71632120e-01
   2.70072785e-01 2.72980944e-01 2.71469202e-01 2.70470642e-01
   2.71753479e-01 2.72222016e-01 2.70273667e-01 2.69534867e-01
   2.68424431e-01 2.71386495e-01 2.71742638e-01 2.71253526e-01
   2.73023773e-01 2.69247279e-01 2.69056836e-01 2.67017805e-01]
  [1.27071895e-02 2.26238951e-03 4.68565333e-04 9.17113776e-05
   1.50364080e-06 8.92848593e-08 3.50536017e-08 3.16373355e-09
   1.41341204e-10 7.26102043e-12 1.03253589e-14 1.87627691e-17
   4.37427872e-17 1.11022302e-19 1.62832710e-18 0.00000000e+00
   0.00000000e+00 0.00000000e+00 0.00000000e+00 0.00000000e+00
   0.00000000e+00 0.00000000e+00 0.00000000e+00 0.00000000e+00
   0.00000000e+00 0.00000000e+00 0.00000000e+00 0.00000000e+00
   0.00000000e+00 0.00000000e+00 0.00000000e+00 0.00000000e+00
   0.00000000e+00 0.00000000e+00 0.00000000e+00 0.00000000e+00
   0.00000000e+00 0.00000000e+00 0.00000000e+00 0.00000000e+00
   0.00000000e+00 0.00000000e+00 0.00000000e+00 0.00000000e+00
   0.00000000e+00 0.00000000e+00 0.00000000e+00 0.00000000e+00]
  [4.04013773e-01 3.61026325e-01 3.45695653e-01 3.25704671e-01
   3.07638106e-01 3.12878697e-01 2.94315246e-01 3.04668488e-01
   3.05192181e-01 3.03543848e-01 3.00087723e-01 2.98974191e-01
   2.99861902e-01 2.96963185e-01 3.00992239e-01 2.98145379e-01
   2.93954517e-01 2.95437896e-01 2.93812492e-01 2.93614795e-01
   2.96960768e-01 2.97268345e-01 2.98261035e-01 2.92906705e-01
   2.91202834e-01 2.93978247e-01 2.92424668e-01 2.91141862e-01
   2.90084534e-01 2.91011943e-01 2.96034078e-01 2.92593735e-01
   2.90119249e-01 2.91678837e-01 2.91131378e-01 2.92378016e-01
   2.90663220e-01 2.95792629e-01 2.96699058e-01 2.93576266e-01
   2.94153127e-01 2.92617326e-01 2.93621315e-01 2.95167294e-01
   2.96332154e-01 2.94922486e-01 2.98506689e-01 2.95356409e-01]]] 
