Testing model resnet_1687178683_SPH_9_BH_n2_M10_BH_n4_M8_BH_n4_M10_BH_n4_M12_BH_n6_M10_CUT. 
Number of events in data: 
3000 
Classes in data: 
6 
Number of events detected: 
[ 2  3  4  5  6  7  8  9 10 11 12 13 14 15 16 17 18 19 20 21 22 23 24 25
 26 27 28 29 30 31 32 33 34] 
Number of samples for each n number of events: 10 
p_values for Pearson method: 
[[[8.17386056e-01 8.06570816e-01 8.07140042e-01 8.03185420e-01
   8.03155105e-01 7.96141402e-01 7.85854867e-01 7.79329747e-01
   7.72669953e-01 7.69359766e-01 7.59985495e-01 7.51965859e-01
   7.43234663e-01 7.36543142e-01 7.32847143e-01 7.31765919e-01
   7.29656048e-01 7.24019289e-01 7.16562100e-01 7.08946748e-01
   7.05382116e-01 7.02967326e-01 6.98934064e-01 6.94102225e-01
   6.91703414e-01 6.91545638e-01 6.92259613e-01 6.91658145e-01
   6.88421576e-01 6.83739488e-01 6.86565989e-01 6.88318650e-01
   6.85520283e-01]
  [6.56864648e-02 1.37163721e-02 4.62437884e-03 1.12993585e-03
   1.44735042e-04 1.34726214e-05 5.69619835e-06 6.47144970e-07
   1.36014725e-06 8.86499013e-08 2.93407199e-09 1.12133436e-10
   2.94201918e-12 6.45398179e-14 2.00390815e-14 8.28781488e-16
   1.53210777e-17 2.22044605e-19 0.00000000e+00 0.00000000e+00
   0.00000000e+00 0.00000000e+00 0.00000000e+00 0.00000000e+00
   0.00000000e+00 0.00000000e+00 0.00000000e+00 0.00000000e+00
   0.00000000e+00 0.00000000e+00 0.00000000e+00 0.00000000e+00
   0.00000000e+00]
  [5.92091704e-02 1.40402082e-02 2.90552385e-03 4.51117500e-04
   6.01842017e-05 4.94778323e-06 9.68502597e-07 9.47176727e-08
   1.17385827e-07 5.50869124e-09 2.61336175e-10 9.54604107e-12
   1.43746681e-13 1.85251814e-15 4.71311878e-15 1.16573418e-16
   1.33226763e-18 0.00000000e+00 0.00000000e+00 0.00000000e+00
   0.00000000e+00 0.00000000e+00 0.00000000e+00 0.00000000e+00
   0.00000000e+00 0.00000000e+00 0.00000000e+00 0.00000000e+00
   0.00000000e+00 0.00000000e+00 0.00000000e+00 0.00000000e+00
   0.00000000e+00]
  [1.79037272e-02 4.20561494e-03 6.92402901e-04 5.91148465e-05
   6.15566172e-07 2.66557426e-09 2.92104235e-09 1.45893642e-11
   1.05749510e-10 2.79162693e-13 3.26072502e-16 4.44089210e-19
   0.00000000e+00 0.00000000e+00 0.00000000e+00 0.00000000e+00
   0.00000000e+00 0.00000000e+00 0.00000000e+00 0.00000000e+00
   0.00000000e+00 0.00000000e+00 0.00000000e+00 0.00000000e+00
   0.00000000e+00 0.00000000e+00 0.00000000e+00 0.00000000e+00
   0.00000000e+00 0.00000000e+00 0.00000000e+00 0.00000000e+00
   0.00000000e+00]
  [2.65056392e-05 1.17623120e-07 2.42529284e-11 1.65948366e-14
   0.00000000e+00 0.00000000e+00 0.00000000e+00 0.00000000e+00
   0.00000000e+00 0.00000000e+00 0.00000000e+00 0.00000000e+00
   0.00000000e+00 0.00000000e+00 0.00000000e+00 0.00000000e+00
   0.00000000e+00 0.00000000e+00 0.00000000e+00 0.00000000e+00
   0.00000000e+00 0.00000000e+00 0.00000000e+00 0.00000000e+00
   0.00000000e+00 0.00000000e+00 0.00000000e+00 0.00000000e+00
   0.00000000e+00 0.00000000e+00 0.00000000e+00 0.00000000e+00
   0.00000000e+00]
  [4.98173385e-03 1.38960160e-03 1.80883182e-04 1.52691654e-06
   5.11492468e-10 4.31731317e-14 1.77272863e-13 1.77635684e-17
   5.35571587e-16 0.00000000e+00 0.00000000e+00 0.00000000e+00
   0.00000000e+00 0.00000000e+00 0.00000000e+00 0.00000000e+00
   0.00000000e+00 0.00000000e+00 0.00000000e+00 0.00000000e+00
   0.00000000e+00 0.00000000e+00 0.00000000e+00 0.00000000e+00
   0.00000000e+00 0.00000000e+00 0.00000000e+00 0.00000000e+00
   0.00000000e+00 0.00000000e+00 0.00000000e+00 0.00000000e+00
   0.00000000e+00]]

 [[1.35262439e-02 4.42690886e-03 1.33361904e-03 2.58067272e-04
   4.24530928e-04 4.28507704e-07 1.12083757e-08 4.41831646e-10
   6.40031638e-11 1.18331123e-13 6.10622664e-17 3.33066907e-19
   0.00000000e+00 0.00000000e+00 0.00000000e+00 0.00000000e+00
   0.00000000e+00 0.00000000e+00 0.00000000e+00 0.00000000e+00
   0.00000000e+00 0.00000000e+00 0.00000000e+00 0.00000000e+00
   0.00000000e+00 0.00000000e+00 0.00000000e+00 0.00000000e+00
   0.00000000e+00 0.00000000e+00 0.00000000e+00 0.00000000e+00
   0.00000000e+00]
  [5.28317358e-01 5.17149047e-01 5.16909424e-01 5.09285147e-01
   5.03005029e-01 5.00108424e-01 5.02530175e-01 4.95016846e-01
   5.03908161e-01 5.07895805e-01 5.05974375e-01 5.08259229e-01
   5.06803370e-01 5.07789780e-01 5.12396871e-01 5.09194501e-01
   5.07160544e-01 5.04717930e-01 5.02456990e-01 5.01036068e-01
   4.97972338e-01 5.04457033e-01 5.04692571e-01 5.03996283e-01
   5.04196941e-01 4.99995729e-01 5.00874631e-01 5.00460424e-01
   4.99461987e-01 4.94067771e-01 4.95498857e-01 4.96609494e-01
   5.00637019e-01]
  [1.21955104e-01 7.88265111e-02 5.71729656e-02 4.19611327e-02
   3.18538104e-02 2.40516749e-02 1.68090852e-02 1.11462633e-02
   7.08546745e-03 4.76625196e-03 3.10411987e-03 1.87293694e-03
   1.40066580e-03 1.01797461e-03 5.34376839e-04 4.03975526e-04
   3.01248545e-04 1.99348488e-04 1.14729153e-04 1.35277534e-04
   7.83539522e-05 6.89195447e-05 4.27380792e-05 4.23592517e-05
   4.59846347e-05 1.82848156e-05 2.80785550e-05 1.22462575e-05
   3.81949093e-06 1.66372534e-06 4.14884922e-07 6.93420897e-07
   5.21159213e-07]
  [4.93152994e-01 4.60834456e-01 4.51646044e-01 4.34751831e-01
   4.25133000e-01 4.10380586e-01 4.04486384e-01 3.89047995e-01
   3.82064717e-01 3.73305830e-01 3.58582827e-01 3.54032524e-01
   3.47153872e-01 3.35026389e-01 3.31411098e-01 3.20821405e-01
   3.11096864e-01 3.03859775e-01 2.94145957e-01 2.82523016e-01
   2.72915237e-01 2.68734262e-01 2.59225588e-01 2.49357390e-01
   2.39018713e-01 2.33397495e-01 2.27380875e-01 2.18646611e-01
   2.10958340e-01 2.04078890e-01 1.97609363e-01 1.93369387e-01
   1.91831443e-01]
  [4.54628190e-02 2.33420661e-02 1.16349485e-02 7.07778194e-03
   4.98546855e-03 3.43717746e-03 2.79663777e-03 2.46749194e-03
   1.12175430e-03 2.25444813e-04 2.69115186e-05 1.20909933e-05
   5.44346320e-06 7.55059813e-06 1.56391327e-06 3.00564551e-07
   3.96158979e-07 9.15333447e-07 3.33672349e-07 3.59992517e-07
   6.25931868e-08 5.65480824e-09 3.31369417e-10 1.82084646e-11
   3.52757878e-12 7.15585002e-12 8.74445383e-12 1.33802391e-12
   7.68515140e-13 1.24438926e-12 1.16298304e-13 3.38077344e-14
   4.30233627e-15]
  [4.58746595e-01 4.00153262e-01 3.70561163e-01 3.44236342e-01
   3.27088879e-01 3.06073734e-01 2.93417413e-01 2.74349676e-01
   2.58178072e-01 2.43066342e-01 2.22886993e-01 2.12675336e-01
   2.03638158e-01 1.87153677e-01 1.79372318e-01 1.69514254e-01
   1.58690928e-01 1.51394101e-01 1.38496528e-01 1.26182039e-01
   1.17967421e-01 1.12153406e-01 1.03414281e-01 9.67841176e-02
   8.91391822e-02 8.46033373e-02 7.93079465e-02 7.26253881e-02
   6.80890033e-02 6.33293112e-02 5.83493017e-02 5.60258123e-02
   5.32454349e-02]]

 [[2.48381435e-02 5.76949162e-03 6.31376333e-04 2.73224401e-04
   2.70024842e-05 1.02063613e-06 4.94778468e-06 1.57044431e-07
   3.26329493e-07 2.44240208e-09 2.04203985e-11 7.06270598e-14
   1.59260050e-13 1.25321975e-15 0.00000000e+00 0.00000000e+00
   0.00000000e+00 0.00000000e+00 0.00000000e+00 0.00000000e+00
   0.00000000e+00 0.00000000e+00 0.00000000e+00 0.00000000e+00
   0.00000000e+00 0.00000000e+00 0.00000000e+00 0.00000000e+00
   0.00000000e+00 0.00000000e+00 0.00000000e+00 0.00000000e+00
   0.00000000e+00]
  [2.56496906e-01 1.87760635e-01 1.37190869e-01 9.94479105e-02
   6.53607641e-02 4.29620988e-02 3.00598405e-02 1.95259767e-02
   1.41499697e-02 1.03932220e-02 6.92582635e-03 5.64121436e-03
   4.16916975e-03 2.90835646e-03 2.36274725e-03 1.79190285e-03
   1.12003445e-03 7.77621412e-04 6.25015352e-04 3.67418099e-04
   3.08129047e-04 1.75117787e-04 7.90376602e-05 4.62684618e-05
   3.06494448e-05 1.39325149e-05 1.55102323e-05 5.03895407e-06
   2.23106468e-06 1.38265864e-06 8.58600682e-07 2.61045109e-07
   3.07560001e-07]
  [5.97340731e-01 5.76993974e-01 5.57111001e-01 5.56564605e-01
   5.52397601e-01 5.44410337e-01 5.35209759e-01 5.35768590e-01
   5.34156809e-01 5.30819426e-01 5.31410066e-01 5.33791754e-01
   5.28239329e-01 5.28408727e-01 5.26425312e-01 5.29144106e-01
   5.31926002e-01 5.26370871e-01 5.32111717e-01 5.34899556e-01
   5.35591533e-01 5.36645561e-01 5.38202286e-01 5.39269566e-01
   5.38563766e-01 5.37814258e-01 5.39150073e-01 5.39727980e-01
   5.41001786e-01 5.40269633e-01 5.40134330e-01 5.40306796e-01
   5.40967037e-01]
  [3.09692802e-01 2.30210555e-01 1.78266501e-01 1.35000359e-01
   9.83850534e-02 6.99904489e-02 5.20338599e-02 3.68812162e-02
   2.65492504e-02 1.84803984e-02 1.22688006e-02 9.02429677e-03
   6.44985134e-03 4.52073987e-03 3.53145294e-03 2.34107931e-03
   1.65032147e-03 1.17562218e-03 8.51654311e-04 4.85864436e-04
   4.79344726e-04 2.94377834e-04 1.82931562e-04 1.27097575e-04
   7.47304450e-05 3.38009737e-05 3.74285346e-05 1.82772502e-05
   1.02742468e-05 9.20074943e-06 3.81706021e-06 1.96689007e-06
   1.78316862e-06]
  [6.52709783e-03 1.22475696e-03 1.44968107e-04 7.11125307e-05
   9.17602160e-07 9.78121101e-09 1.54581035e-10 4.17296062e-11
   3.64309394e-12 1.51687307e-12 3.31013883e-13 8.33100255e-15
   1.08024700e-15 6.32827124e-18 5.55111512e-19 3.33066907e-19
   0.00000000e+00 0.00000000e+00 0.00000000e+00 0.00000000e+00
   0.00000000e+00 0.00000000e+00 0.00000000e+00 0.00000000e+00
   0.00000000e+00 0.00000000e+00 0.00000000e+00 0.00000000e+00
   0.00000000e+00 0.00000000e+00 0.00000000e+00 0.00000000e+00
   0.00000000e+00]
  [3.00388986e-01 2.06406941e-01 1.52775779e-01 1.11551159e-01
   7.94048899e-02 5.59670838e-02 4.09642029e-02 2.86705245e-02
   2.00613795e-02 1.30294105e-02 7.97313211e-03 5.25377825e-03
   3.53901172e-03 2.49177846e-03 1.81641767e-03 1.06925914e-03
   7.35893959e-04 4.16594756e-04 2.97928098e-04 1.63544915e-04
   1.79258783e-04 9.18293540e-05 5.58517521e-05 3.32914126e-05
   2.03130568e-05 7.21268878e-06 4.86458435e-06 2.31795767e-06
   1.34713143e-06 1.13006372e-06 5.29429021e-07 3.06983300e-07
   1.92086553e-07]]

 [[5.65110905e-03 1.64168994e-03 2.09533126e-04 8.26002330e-07
   6.13473002e-08 2.29160606e-09 6.36419539e-12 3.08642001e-17
   1.11022302e-19 0.00000000e+00 0.00000000e+00 0.00000000e+00
   0.00000000e+00 0.00000000e+00 0.00000000e+00 0.00000000e+00
   0.00000000e+00 0.00000000e+00 0.00000000e+00 0.00000000e+00
   0.00000000e+00 0.00000000e+00 0.00000000e+00 0.00000000e+00
   0.00000000e+00 0.00000000e+00 0.00000000e+00 0.00000000e+00
   0.00000000e+00 0.00000000e+00 0.00000000e+00 0.00000000e+00
   0.00000000e+00]
  [4.55682619e-01 4.47435432e-01 4.33122652e-01 4.19963041e-01
   4.16153155e-01 3.96503572e-01 3.89976882e-01 3.84744031e-01
   3.78621243e-01 3.68550117e-01 3.60594336e-01 3.43556543e-01
   3.32457085e-01 3.20523737e-01 3.12424682e-01 3.03606417e-01
   2.96970034e-01 2.87586339e-01 2.79373911e-01 2.72774240e-01
   2.63303230e-01 2.61032225e-01 2.53721741e-01 2.45484876e-01
   2.38088043e-01 2.33829856e-01 2.27531555e-01 2.25305181e-01
   2.16459709e-01 2.09497409e-01 2.00444978e-01 1.97483110e-01
   1.93131856e-01]
  [1.40307320e-01 1.02189199e-01 8.11276260e-02 5.29202260e-02
   4.21307385e-02 2.93682795e-02 1.90686252e-02 1.37258670e-02
   9.83160559e-03 7.92662046e-03 6.77013192e-03 5.42722208e-03
   4.27623824e-03 3.30405303e-03 2.40270415e-03 1.49588579e-03
   8.88071724e-04 5.38170461e-04 4.65137459e-04 2.96145505e-04
   3.03996181e-04 1.70920700e-04 1.39394830e-04 9.84747983e-05
   7.21638856e-05 2.96245034e-05 1.40832147e-05 8.53558290e-06
   4.77349616e-06 1.96755260e-06 8.98067750e-07 5.49144957e-07
   3.74847768e-07]
  [5.08566466e-01 5.04798888e-01 5.03516580e-01 4.99117680e-01
   5.00258628e-01 4.90537500e-01 4.88435084e-01 4.86450491e-01
   4.87860877e-01 4.86027758e-01 4.89710015e-01 4.77841594e-01
   4.72365952e-01 4.67842433e-01 4.65289257e-01 4.64095256e-01
   4.63346282e-01 4.61158116e-01 4.57441725e-01 4.55892277e-01
   4.56693287e-01 4.62722440e-01 4.60920348e-01 4.55994043e-01
   4.54690042e-01 4.55193997e-01 4.55582888e-01 4.60609305e-01
   4.60890468e-01 4.59462720e-01 4.58425603e-01 4.60153073e-01
   4.57385001e-01]
  [5.86560417e-02 2.17527022e-02 1.27207175e-02 7.45009722e-03
   4.27442510e-03 2.20332545e-03 8.26070616e-04 7.63234285e-04
   7.45699203e-04 1.92920069e-04 1.58978825e-04 1.05605657e-04
   9.96058191e-06 1.50415942e-06 2.25201369e-06 2.81133604e-07
   2.08253289e-07 3.82061934e-08 9.86089418e-09 2.39610693e-09
   1.42430076e-09 4.95575464e-10 3.81684681e-10 9.90760957e-11
   2.81014483e-11 2.31781894e-11 2.51848598e-12 2.06724160e-12
   1.63920988e-13 1.24842581e-13 2.27042607e-13 7.09709069e-13
   5.06935605e-14]
  [5.04779427e-01 4.84903298e-01 4.71294812e-01 4.60649633e-01
   4.56679506e-01 4.48016202e-01 4.40737615e-01 4.36015511e-01
   4.33376961e-01 4.28465968e-01 4.31608669e-01 4.16693082e-01
   4.09250811e-01 4.03485983e-01 3.99497921e-01 3.95831536e-01
   3.95169379e-01 3.90232628e-01 3.83876607e-01 3.80781473e-01
   3.80251286e-01 3.82786188e-01 3.80917646e-01 3.75454932e-01
   3.72673403e-01 3.71903338e-01 3.69570777e-01 3.70000618e-01
   3.67805261e-01 3.64587293e-01 3.62933839e-01 3.60897636e-01
   3.53197906e-01]]

 [[1.79442863e-04 8.38955843e-09 3.91635080e-12 0.00000000e+00
   0.00000000e+00 0.00000000e+00 0.00000000e+00 0.00000000e+00
   0.00000000e+00 0.00000000e+00 0.00000000e+00 0.00000000e+00
   0.00000000e+00 0.00000000e+00 0.00000000e+00 0.00000000e+00
   0.00000000e+00 0.00000000e+00 0.00000000e+00 0.00000000e+00
   0.00000000e+00 0.00000000e+00 0.00000000e+00 0.00000000e+00
   0.00000000e+00 0.00000000e+00 0.00000000e+00 0.00000000e+00
   0.00000000e+00 0.00000000e+00 0.00000000e+00 0.00000000e+00
   0.00000000e+00]
  [2.36341511e-01 1.28216143e-01 6.85490003e-02 3.66666572e-02
   1.82732943e-02 1.00857577e-02 5.10102323e-03 2.06166151e-03
   7.52303709e-04 3.37307619e-04 1.22080307e-04 4.59257417e-05
   2.67344442e-05 9.58101240e-06 3.69181752e-06 1.51062460e-06
   4.77128630e-07 1.69028028e-07 8.11446201e-08 3.82728185e-08
   1.12842594e-08 3.00117163e-09 1.63309434e-09 5.60912539e-10
   1.71149396e-10 4.75800784e-11 4.27978075e-11 1.48379542e-11
   4.62690664e-12 1.17676191e-12 9.22170340e-13 4.33308056e-13
   8.27142799e-14]
  [1.66869912e-02 4.00512377e-03 9.99516823e-04 8.30567597e-05
   3.89154425e-05 8.56208809e-07 1.96028477e-08 8.20966091e-11
   2.06358819e-13 4.03455047e-16 2.22821761e-16 3.44169138e-18
   0.00000000e+00 0.00000000e+00 0.00000000e+00 0.00000000e+00
   0.00000000e+00 0.00000000e+00 0.00000000e+00 0.00000000e+00
   0.00000000e+00 0.00000000e+00 0.00000000e+00 0.00000000e+00
   0.00000000e+00 0.00000000e+00 0.00000000e+00 0.00000000e+00
   0.00000000e+00 0.00000000e+00 0.00000000e+00 0.00000000e+00
   0.00000000e+00]
  [2.93823840e-01 1.65833335e-01 9.47281174e-02 5.38783375e-02
   2.93432733e-02 1.75465548e-02 9.71446477e-03 4.57218013e-03
   2.00338613e-03 9.88196436e-04 4.35768506e-04 1.93752966e-04
   1.12825476e-04 4.70614802e-05 2.06284750e-05 9.76742291e-06
   3.61344744e-06 1.61974951e-06 7.49736269e-07 3.87645303e-07
   1.35056607e-07 4.69706158e-08 2.01036776e-08 7.50747100e-09
   2.77632628e-09 1.07770403e-09 7.12637749e-10 2.83840791e-10
   1.34592490e-10 4.17454181e-11 2.84479794e-11 1.53191916e-11
   3.70864928e-12]
  [7.76039056e-01 7.07995712e-01 6.79873047e-01 6.57386928e-01
   6.56885195e-01 6.51887581e-01 6.36822758e-01 6.34168137e-01
   6.32140026e-01 6.28115991e-01 6.12216676e-01 6.11376581e-01
   6.00469368e-01 5.98971063e-01 5.91906164e-01 5.87598358e-01
   5.88679231e-01 5.84601315e-01 5.83308541e-01 5.83019868e-01
   5.82171580e-01 5.74359334e-01 5.75091070e-01 5.72974672e-01
   5.70928525e-01 5.67807145e-01 5.67373314e-01 5.69131593e-01
   5.69803994e-01 5.69024630e-01 5.65397246e-01 5.62614844e-01
   5.61498315e-01]
  [2.91757987e-01 1.61962477e-01 9.10728206e-02 5.08275504e-02
   2.73644385e-02 1.64472301e-02 8.98098288e-03 4.21948492e-03
   1.88156727e-03 9.21918926e-04 4.15826422e-04 1.86595479e-04
   1.03265750e-04 4.26536819e-05 1.82912627e-05 8.74396341e-06
   3.24936764e-06 1.54314101e-06 6.77535969e-07 3.44533015e-07
   1.17578823e-07 4.17998583e-08 1.49395935e-08 5.18572803e-09
   1.96799926e-09 8.50131844e-10 4.77432137e-10 1.83632213e-10
   1.05359924e-10 3.07239071e-11 1.80346083e-11 9.40030409e-12
   2.29907338e-12]]

 [[3.70126148e-03 1.68110370e-03 1.19110057e-05 3.32934760e-08
   5.71795295e-08 1.90926925e-10 3.24185123e-17 0.00000000e+00
   0.00000000e+00 0.00000000e+00 0.00000000e+00 0.00000000e+00
   0.00000000e+00 0.00000000e+00 0.00000000e+00 0.00000000e+00
   0.00000000e+00 0.00000000e+00 0.00000000e+00 0.00000000e+00
   0.00000000e+00 0.00000000e+00 0.00000000e+00 0.00000000e+00
   0.00000000e+00 0.00000000e+00 0.00000000e+00 0.00000000e+00
   0.00000000e+00 0.00000000e+00 0.00000000e+00 0.00000000e+00
   0.00000000e+00]
  [4.54746839e-01 4.21996122e-01 3.94936325e-01 3.73736219e-01
   3.51420079e-01 3.36223027e-01 3.14561358e-01 3.01829700e-01
   2.91539888e-01 2.70944230e-01 2.59577515e-01 2.49295354e-01
   2.39621700e-01 2.34844016e-01 2.22311311e-01 2.13512954e-01
   2.03037614e-01 1.95402796e-01 1.83089376e-01 1.78927939e-01
   1.69595051e-01 1.60364706e-01 1.49291566e-01 1.43599714e-01
   1.37238861e-01 1.31769046e-01 1.26039175e-01 1.18941694e-01
   1.13744001e-01 1.07840900e-01 1.02467384e-01 9.62379988e-02
   9.25952645e-02]
  [1.26476500e-01 9.71363472e-02 7.59535913e-02 5.85604985e-02
   3.93301286e-02 2.77638729e-02 2.28505663e-02 1.66962969e-02
   1.44441617e-02 1.32451459e-02 1.11449151e-02 8.27042130e-03
   6.73975828e-03 4.37020547e-03 2.45447333e-03 1.42278594e-03
   8.75618869e-04 9.58378876e-04 6.35564605e-04 5.32324721e-04
   5.32540483e-04 4.49546971e-04 1.52988043e-04 9.27485639e-05
   3.24749702e-05 1.89518608e-05 1.26138046e-05 9.67322038e-06
   2.96123583e-06 2.26505877e-06 1.09984635e-06 4.58415932e-07
   1.73498543e-07]
  [5.43465147e-01 5.16780411e-01 5.15652032e-01 5.13773705e-01
   5.11965460e-01 5.11329572e-01 5.03242971e-01 5.01921015e-01
   5.02376619e-01 4.88338653e-01 4.86106096e-01 4.88804670e-01
   4.84432852e-01 4.87280466e-01 4.84898493e-01 4.86533002e-01
   4.86986897e-01 4.84482801e-01 4.76466956e-01 4.75666664e-01
   4.70691779e-01 4.72013348e-01 4.72335722e-01 4.72120132e-01
   4.68866697e-01 4.65532348e-01 4.63140409e-01 4.59484049e-01
   4.54869398e-01 4.50222790e-01 4.48034185e-01 4.42833663e-01
   4.44295444e-01]
  [4.62697493e-02 2.33071241e-02 1.21593754e-02 7.16754671e-03
   4.15000504e-03 2.31781843e-03 1.14934226e-03 1.71538488e-04
   2.34020193e-05 5.84727774e-06 2.67842664e-06 4.63520516e-06
   4.28390094e-06 8.74611161e-06 1.59079218e-05 2.00777911e-06
   1.07349403e-07 3.28251161e-09 1.52732644e-09 3.44715406e-09
   9.38669318e-09 1.24495977e-09 9.02683054e-11 4.61523642e-12
   1.68908776e-13 9.99900163e-15 5.86197757e-16 2.19491092e-16
   4.21884749e-18 3.21964677e-18 1.22124533e-18 2.66453526e-18
   1.39888101e-17]
  [5.54211293e-01 5.15362499e-01 5.08248835e-01 5.08763160e-01
   5.11735696e-01 5.12600371e-01 5.08904956e-01 5.08260881e-01
   5.09538159e-01 4.98823116e-01 4.99594170e-01 5.01803097e-01
   4.98944096e-01 5.02084943e-01 5.01464210e-01 5.05552127e-01
   5.10995108e-01 5.10004037e-01 5.07791659e-01 5.08318588e-01
   5.06105288e-01 5.10111232e-01 5.15242503e-01 5.16694362e-01
   5.14889079e-01 5.15544753e-01 5.17044388e-01 5.16581088e-01
   5.13265537e-01 5.14829852e-01 5.13711260e-01 5.12086487e-01
   5.11407651e-01]]] 
Error up for Pearson method: 
[[[1.81549985e-01 1.90607081e-01 1.87282989e-01 1.66687759e-01
   1.63621740e-01 1.70733365e-01 1.81842533e-01 1.63525836e-01
   1.69027669e-01 1.74554158e-01 1.86134382e-01 1.94875317e-01
   1.93251330e-01 1.93199692e-01 1.97840792e-01 2.00620262e-01
   2.04232020e-01 2.12060319e-01 2.20381539e-01 2.24045815e-01
   2.29472916e-01 2.22262766e-01 2.27451258e-01 2.24002401e-01
   2.25876440e-01 2.27034178e-01 2.24301826e-01 2.31307162e-01
   2.36113940e-01 2.40214921e-01 2.41485830e-01 2.37132798e-01
   2.34878928e-01]
  [2.87115184e-01 1.27266332e-01 1.56818624e-01 5.21229461e-02
   7.27424162e-03 7.78960386e-04 6.96693260e-04 6.88236524e-05
   4.23330326e-04 1.68395878e-05 6.16835895e-07 1.86371250e-08
   4.15413832e-10 7.92207957e-12 5.69303892e-12 1.72158052e-13
   7.64521779e-15 1.10800258e-16 0.00000000e+00 0.00000000e+00
   0.00000000e+00 0.00000000e+00 0.00000000e+00 0.00000000e+00
   0.00000000e+00 0.00000000e+00 0.00000000e+00 0.00000000e+00
   0.00000000e+00 0.00000000e+00 0.00000000e+00 0.00000000e+00
   0.00000000e+00]
  [3.39779949e-01 2.01035465e-01 6.57105499e-02 2.84499628e-02
   3.59685914e-03 2.86400594e-04 1.03910755e-04 9.93239958e-06
   2.82025134e-05 1.03711814e-06 7.65381857e-08 1.53045907e-09
   2.00369953e-11 2.27399029e-13 4.68697836e-12 5.81701354e-14
   6.64801547e-16 0.00000000e+00 0.00000000e+00 0.00000000e+00
   0.00000000e+00 0.00000000e+00 0.00000000e+00 0.00000000e+00
   0.00000000e+00 0.00000000e+00 0.00000000e+00 0.00000000e+00
   0.00000000e+00 0.00000000e+00 0.00000000e+00 0.00000000e+00
   0.00000000e+00]
  [1.10242937e-01 2.13289017e-01 5.82980771e-02 1.33516902e-02
   7.85954965e-05 1.51132948e-07 1.45567135e-06 3.11280815e-09
   5.27610615e-08 9.27679629e-11 8.93323205e-14 1.10578213e-16
   0.00000000e+00 0.00000000e+00 0.00000000e+00 0.00000000e+00
   0.00000000e+00 0.00000000e+00 0.00000000e+00 0.00000000e+00
   0.00000000e+00 0.00000000e+00 0.00000000e+00 0.00000000e+00
   0.00000000e+00 0.00000000e+00 0.00000000e+00 0.00000000e+00
   0.00000000e+00 0.00000000e+00 0.00000000e+00 0.00000000e+00
   0.00000000e+00]
  [1.50768923e-02 1.74044930e-05 1.21015996e-08 1.65429367e-11
   0.00000000e+00 0.00000000e+00 0.00000000e+00 0.00000000e+00
   0.00000000e+00 0.00000000e+00 0.00000000e+00 0.00000000e+00
   0.00000000e+00 0.00000000e+00 0.00000000e+00 0.00000000e+00
   0.00000000e+00 0.00000000e+00 0.00000000e+00 0.00000000e+00
   0.00000000e+00 0.00000000e+00 0.00000000e+00 0.00000000e+00
   0.00000000e+00 0.00000000e+00 0.00000000e+00 0.00000000e+00
   0.00000000e+00 0.00000000e+00 0.00000000e+00 0.00000000e+00
   0.00000000e+00]
  [9.04123535e-02 9.52462605e-02 8.96515540e-02 3.63368497e-04
   6.64344681e-08 2.46595002e-12 8.84590476e-11 3.76394359e-15
   2.67250222e-13 0.00000000e+00 0.00000000e+00 0.00000000e+00
   0.00000000e+00 0.00000000e+00 0.00000000e+00 0.00000000e+00
   0.00000000e+00 0.00000000e+00 0.00000000e+00 0.00000000e+00
   0.00000000e+00 0.00000000e+00 0.00000000e+00 0.00000000e+00
   0.00000000e+00 0.00000000e+00 0.00000000e+00 0.00000000e+00
   0.00000000e+00 0.00000000e+00 0.00000000e+00 0.00000000e+00
   0.00000000e+00]]

 [[3.09935139e-01 1.94308952e-01 2.93875027e-01 7.88697716e-02
   2.08679954e-01 8.61437082e-05 4.29356472e-06 1.02819115e-07
   3.17773790e-08 6.80503913e-11 2.88495790e-14 1.10689236e-16
   0.00000000e+00 0.00000000e+00 0.00000000e+00 0.00000000e+00
   0.00000000e+00 0.00000000e+00 0.00000000e+00 0.00000000e+00
   0.00000000e+00 0.00000000e+00 0.00000000e+00 0.00000000e+00
   0.00000000e+00 0.00000000e+00 0.00000000e+00 0.00000000e+00
   0.00000000e+00 0.00000000e+00 0.00000000e+00 0.00000000e+00
   0.00000000e+00]
  [2.13900882e-01 2.60676923e-01 2.59914980e-01 2.51734331e-01
   2.55423108e-01 2.61117359e-01 2.65919584e-01 2.76786317e-01
   2.76802275e-01 2.76318530e-01 2.78121368e-01 2.84187211e-01
   2.82438905e-01 2.77439557e-01 2.80502423e-01 2.78123047e-01
   2.79558334e-01 2.75202791e-01 2.72968123e-01 2.72724836e-01
   2.79548427e-01 2.85052059e-01 2.86057657e-01 2.82785481e-01
   2.82515645e-01 2.89768956e-01 2.88450025e-01 2.86530993e-01
   2.82869314e-01 2.82993862e-01 2.79853963e-01 2.80541314e-01
   2.77314755e-01]
  [3.89272026e-01 2.95108145e-01 2.76723127e-01 2.60178707e-01
   2.46968768e-01 2.23735763e-01 1.80014501e-01 1.38652285e-01
   1.04206883e-01 7.58358303e-02 5.76584724e-02 3.88474457e-02
   3.98821303e-02 3.09537091e-02 1.63953338e-02 1.29009575e-02
   1.17803490e-02 6.59519539e-03 4.86220208e-03 9.52749012e-03
   5.64293337e-03 6.83498424e-03 4.87606368e-03 7.60378525e-03
   1.32724098e-02 6.15638770e-03 1.11218125e-02 4.34311390e-03
   1.14121240e-03 4.61770836e-04 8.02264243e-05 2.17441653e-04
   1.41378549e-04]
  [2.85828448e-01 2.99179658e-01 2.96403515e-01 2.64033414e-01
   2.69773293e-01 2.89745641e-01 3.02674568e-01 3.13166088e-01
   3.15460782e-01 3.19915609e-01 3.21035753e-01 3.08636427e-01
   3.14439384e-01 2.95439211e-01 3.00365547e-01 3.04019386e-01
   3.15264502e-01 3.17732576e-01 3.04488327e-01 3.03005401e-01
   3.04971137e-01 2.97809604e-01 2.92013706e-01 2.92465519e-01
   2.89837471e-01 2.97760777e-01 3.05108660e-01 2.96470371e-01
   3.00475808e-01 3.03225905e-01 2.91057296e-01 2.88359772e-01
   2.91315719e-01]
  [9.52545822e-01 3.41608670e-01 2.48062445e-01 2.57212963e-01
   2.83335754e-01 2.37351923e-01 2.99768358e-01 3.96391424e-01
   1.99726572e-01 3.40793880e-02 3.26121158e-03 1.34865777e-03
   5.25537221e-04 1.19218109e-03 1.91652837e-04 4.57967684e-05
   8.76597118e-05 2.30584445e-04 8.35847487e-05 1.25538540e-04
   1.95265122e-05 1.91999181e-06 1.10993559e-07 4.18285235e-09
   7.90706141e-10 2.04447164e-09 2.70057317e-09 3.21433424e-10
   1.73833116e-10 4.40093412e-10 2.84618210e-11 9.91439731e-12
   8.05490008e-13]
  [3.08604783e-01 3.50599030e-01 3.72130363e-01 3.55143662e-01
   3.16579180e-01 3.35022018e-01 3.16645857e-01 3.16631992e-01
   3.25474834e-01 3.19243495e-01 3.37995009e-01 3.24867205e-01
   3.28261017e-01 3.10282170e-01 3.08045460e-01 3.04818748e-01
   3.03507165e-01 2.99214488e-01 2.88753360e-01 2.71428815e-01
   2.73949458e-01 2.64658962e-01 2.50400765e-01 2.44538869e-01
   2.41645209e-01 2.39424549e-01 2.40446880e-01 2.37010321e-01
   2.34655297e-01 2.21481832e-01 2.11163269e-01 2.17079850e-01
   2.08429753e-01]]

 [[2.71340565e-01 2.34441756e-01 4.09576048e-02 1.11611088e-01
   7.35516869e-03 2.90453506e-04 2.00728999e-03 4.40970568e-05
   3.25687099e-04 2.43606762e-06 7.89276138e-09 1.85806356e-11
   1.59019188e-10 1.25163346e-12 0.00000000e+00 0.00000000e+00
   0.00000000e+00 0.00000000e+00 0.00000000e+00 0.00000000e+00
   0.00000000e+00 0.00000000e+00 0.00000000e+00 0.00000000e+00
   0.00000000e+00 0.00000000e+00 0.00000000e+00 0.00000000e+00
   0.00000000e+00 0.00000000e+00 0.00000000e+00 0.00000000e+00
   0.00000000e+00]
  [3.72279941e-01 3.14642561e-01 3.17509337e-01 2.93056518e-01
   2.46631851e-01 1.96557421e-01 1.94810465e-01 1.36516876e-01
   1.51638322e-01 1.46126352e-01 1.37294793e-01 1.30228692e-01
   1.21768754e-01 9.85861262e-02 8.41084066e-02 9.68608129e-02
   5.45453681e-02 4.83893198e-02 4.09972790e-02 2.90580650e-02
   2.51412535e-02 1.47253767e-02 6.01195851e-03 4.36087327e-03
   3.20128237e-03 1.17100670e-03 1.85039326e-03 5.14252217e-04
   1.94371065e-04 1.00691087e-04 8.96581208e-05 2.41310840e-05
   3.38452734e-05]
  [3.75053718e-01 2.88409726e-01 2.55236981e-01 2.31978942e-01
   2.32025293e-01 2.44497112e-01 2.57369165e-01 2.38945286e-01
   2.46829637e-01 2.35487778e-01 2.27776102e-01 2.29908786e-01
   2.34240343e-01 2.27491252e-01 2.33581863e-01 2.33129577e-01
   2.33707390e-01 2.33087473e-01 2.33914040e-01 2.42150319e-01
   2.49485651e-01 2.51201858e-01 2.52902161e-01 2.55712719e-01
   2.53924522e-01 2.58871055e-01 2.58371000e-01 2.60449974e-01
   2.58342069e-01 2.64199465e-01 2.66620503e-01 2.57838008e-01
   2.61315552e-01]
  [4.38390071e-01 2.73137517e-01 3.17359318e-01 2.98343573e-01
   2.57942020e-01 2.41396922e-01 2.33673317e-01 1.88751108e-01
   1.56041899e-01 1.60984769e-01 1.18766393e-01 1.00970521e-01
   8.32192251e-02 6.25087886e-02 5.35284453e-02 4.44014632e-02
   3.14251041e-02 2.99144796e-02 2.68345634e-02 1.11168837e-02
   1.96051231e-02 1.08785538e-02 6.68817572e-03 7.72607258e-03
   3.17387090e-03 1.42856580e-03 2.34248842e-03 1.13050992e-03
   5.06865504e-04 5.24490343e-04 1.83515809e-04 8.52763488e-05
   1.05375150e-04]
  [2.07896111e-01 5.70022247e-02 2.10086966e-02 2.19382054e-02
   2.75854646e-04 1.51571769e-06 2.16670215e-08 1.83057843e-08
   7.77062584e-10 5.94603237e-10 1.64922131e-10 1.79876544e-12
   4.31227554e-13 4.02638303e-15 2.12108537e-16 3.32733840e-16
   0.00000000e+00 0.00000000e+00 0.00000000e+00 0.00000000e+00
   0.00000000e+00 0.00000000e+00 0.00000000e+00 0.00000000e+00
   0.00000000e+00 0.00000000e+00 0.00000000e+00 0.00000000e+00
   0.00000000e+00 0.00000000e+00 0.00000000e+00 0.00000000e+00
   0.00000000e+00]
  [4.49124133e-01 3.19965613e-01 4.00540516e-01 2.89905312e-01
   2.35122952e-01 2.27773509e-01 1.99779411e-01 1.79161759e-01
   1.50585714e-01 1.20972710e-01 9.03739463e-02 5.94613008e-02
   4.30478699e-02 3.52294122e-02 3.04623271e-02 1.93893649e-02
   1.58654345e-02 9.25092600e-03 8.49965564e-03 3.47409440e-03
   6.56857064e-03 2.80554060e-03 2.05460500e-03 1.81272247e-03
   1.21249660e-03 3.57704838e-04 2.07686253e-04 9.39305153e-05
   5.15846558e-05 5.05476631e-05 3.76201168e-05 1.66166481e-05
   8.01105234e-06]]

 [[2.20400075e-01 1.58678647e-01 5.14480955e-02 3.31223504e-04
   3.03413995e-05 1.28081230e-06 6.35710089e-09 3.08333359e-14
   1.10911280e-16 0.00000000e+00 0.00000000e+00 0.00000000e+00
   0.00000000e+00 0.00000000e+00 0.00000000e+00 0.00000000e+00
   0.00000000e+00 0.00000000e+00 0.00000000e+00 0.00000000e+00
   0.00000000e+00 0.00000000e+00 0.00000000e+00 0.00000000e+00
   0.00000000e+00 0.00000000e+00 0.00000000e+00 0.00000000e+00
   0.00000000e+00 0.00000000e+00 0.00000000e+00 0.00000000e+00
   0.00000000e+00]
  [2.58582387e-01 3.15800253e-01 3.17082746e-01 3.00726535e-01
   2.93390497e-01 3.09726446e-01 3.04142365e-01 3.04270428e-01
   3.16059588e-01 3.23612256e-01 3.21924169e-01 3.16246780e-01
   3.32245690e-01 3.32875914e-01 3.43203037e-01 3.45987591e-01
   3.42167807e-01 3.62649211e-01 3.58480061e-01 3.62138520e-01
   3.51070450e-01 3.47952907e-01 3.48015372e-01 3.49543099e-01
   3.47552031e-01 3.50197023e-01 3.53339220e-01 3.45279851e-01
   3.45447260e-01 3.41304047e-01 3.20738148e-01 3.23664682e-01
   3.32473834e-01]
  [3.69360117e-01 3.15427482e-01 3.01318187e-01 2.86111750e-01
   2.59714219e-01 2.27649875e-01 1.90823509e-01 1.68472515e-01
   1.59806126e-01 1.51623496e-01 1.60323838e-01 1.46259598e-01
   1.27817274e-01 1.12874671e-01 9.25191382e-02 5.86107952e-02
   3.58100368e-02 2.08027028e-02 2.48054303e-02 1.72873895e-02
   2.33488842e-02 1.26007951e-02 1.23311836e-02 1.40492608e-02
   7.60059466e-03 3.26897336e-03 1.37505905e-03 1.20100303e-03
   6.67986731e-04 2.35102050e-04 8.13718849e-05 5.34483901e-05
   3.88009656e-05]
  [2.65755586e-01 3.16564365e-01 2.61044961e-01 2.59572133e-01
   2.70254107e-01 2.73593563e-01 2.73966788e-01 2.84517065e-01
   2.79798774e-01 2.82089606e-01 2.77403211e-01 2.80683958e-01
   2.81749149e-01 2.88914097e-01 2.87225706e-01 2.85534322e-01
   2.93460378e-01 3.01739885e-01 3.08299633e-01 3.06926791e-01
   3.01666421e-01 3.01244323e-01 3.00899632e-01 3.02576609e-01
   3.02719519e-01 3.11279102e-01 3.12825133e-01 3.15111708e-01
   3.12158886e-01 3.15206302e-01 3.21485610e-01 3.13958999e-01
   3.07240676e-01]
  [9.39352599e-01 2.75959881e-01 1.90282998e-01 1.79974386e-01
   1.90719088e-01 8.01797969e-02 6.09201440e-02 1.14461004e-01
   1.38714688e-01 1.43175081e-02 1.98499324e-02 1.83149143e-02
   1.07660698e-03 1.15104882e-04 3.17835876e-04 2.17411443e-05
   5.61502237e-05 5.95372479e-06 6.70029347e-07 2.23794567e-07
   2.54840366e-07 6.21743296e-08 8.65652478e-08 1.95354538e-08
   3.56993324e-09 4.60993462e-09 4.10813844e-10 3.81249802e-10
   2.63621676e-11 1.81996572e-11 5.76553470e-11 3.53473640e-10
   1.41560688e-11]
  [2.74707824e-01 3.66868321e-01 2.96010620e-01 3.04777261e-01
   3.15592726e-01 2.86914222e-01 2.94367028e-01 2.93146900e-01
   2.89021907e-01 3.00259955e-01 2.96514691e-01 3.00226751e-01
   3.09452898e-01 3.09626736e-01 3.17304848e-01 3.12261355e-01
   3.09409471e-01 3.10853082e-01 3.14272785e-01 3.24068917e-01
   3.22936391e-01 3.22559387e-01 3.34159303e-01 3.37836626e-01
   3.34335050e-01 3.35721890e-01 3.42464955e-01 3.41323671e-01
   3.49167454e-01 3.56866919e-01 3.54753246e-01 3.53225804e-01
   3.67572972e-01]]

 [[7.21575044e-02 8.38099240e-06 2.76140786e-09 0.00000000e+00
   0.00000000e+00 0.00000000e+00 0.00000000e+00 0.00000000e+00
   0.00000000e+00 0.00000000e+00 0.00000000e+00 0.00000000e+00
   0.00000000e+00 0.00000000e+00 0.00000000e+00 0.00000000e+00
   0.00000000e+00 0.00000000e+00 0.00000000e+00 0.00000000e+00
   0.00000000e+00 0.00000000e+00 0.00000000e+00 0.00000000e+00
   0.00000000e+00 0.00000000e+00 0.00000000e+00 0.00000000e+00
   0.00000000e+00 0.00000000e+00 0.00000000e+00 0.00000000e+00
   0.00000000e+00]
  [4.25069253e-01 2.74991145e-01 2.04352451e-01 2.57228490e-01
   1.33597212e-01 8.59655708e-02 5.60680304e-02 2.76291906e-02
   9.85408310e-03 4.03961839e-03 1.82654494e-03 1.25160472e-03
   6.34232567e-04 1.77874314e-04 1.15042277e-04 5.65602559e-05
   1.56668164e-05 4.42164286e-06 4.79781966e-06 2.97734205e-06
   5.99809669e-07 1.09941224e-07 1.43523009e-07 5.27112227e-08
   1.36277473e-08 2.89197972e-09 6.41307611e-09 2.45749824e-09
   4.88488108e-10 8.67934632e-11 1.55864151e-10 6.62502024e-11
   1.04662137e-11]
  [1.33552842e-01 2.05976715e-01 8.06440444e-02 9.57486944e-03
   1.02357093e-02 3.95846031e-04 4.13616786e-06 1.30432754e-08
   2.17249438e-11 2.16639170e-14 2.22487917e-13 1.25248934e-15
   0.00000000e+00 0.00000000e+00 0.00000000e+00 0.00000000e+00
   0.00000000e+00 0.00000000e+00 0.00000000e+00 0.00000000e+00
   0.00000000e+00 0.00000000e+00 0.00000000e+00 0.00000000e+00
   0.00000000e+00 0.00000000e+00 0.00000000e+00 0.00000000e+00
   0.00000000e+00 0.00000000e+00 0.00000000e+00 0.00000000e+00
   0.00000000e+00]
  [4.67702160e-01 3.31647179e-01 2.32934878e-01 2.14620645e-01
   1.79210662e-01 1.21258200e-01 9.07898221e-02 5.75374516e-02
   2.46962972e-02 1.08245250e-02 5.81098386e-03 4.09513112e-03
   2.37981951e-03 7.72385510e-04 4.45786936e-04 3.22275310e-04
   1.03137258e-04 3.74756383e-05 3.09671564e-05 2.52877442e-05
   6.21885364e-06 1.56105082e-06 9.43689666e-07 3.24347404e-07
   1.42824809e-07 5.91420760e-08 6.22732832e-08 2.14154911e-08
   1.16238606e-08 2.64597463e-09 3.53436601e-09 1.44643775e-09
   3.32131447e-10]
  [2.21969585e-01 2.86781104e-01 3.09918990e-01 3.25631755e-01
   2.80551084e-01 2.53999501e-01 2.65573409e-01 2.38633734e-01
   2.38963462e-01 2.34850439e-01 2.45698411e-01 2.47146250e-01
   2.59324958e-01 2.61940050e-01 2.66633391e-01 2.59116717e-01
   2.45330885e-01 2.34648101e-01 2.32558173e-01 2.30321303e-01
   2.33389230e-01 2.35768857e-01 2.33584867e-01 2.32427662e-01
   2.34379846e-01 2.38519103e-01 2.46405459e-01 2.47521905e-01
   2.43359561e-01 2.41479199e-01 2.44230798e-01 2.35900121e-01
   2.31306208e-01]
  [4.67634977e-01 3.38973692e-01 2.30995468e-01 1.79859372e-01
   1.75137293e-01 1.28902920e-01 8.60984407e-02 5.65172441e-02
   2.49391080e-02 1.09850037e-02 6.70474158e-03 4.35123674e-03
   2.24710003e-03 7.32360731e-04 4.06107640e-04 2.65404840e-04
   9.54220456e-05 3.77500390e-05 2.58549761e-05 1.67419342e-05
   5.33921982e-06 1.43079647e-06 5.31682486e-07 1.69295594e-07
   6.81037621e-08 4.92277378e-08 3.16402451e-08 1.05720469e-08
   9.37002688e-09 2.08126058e-09 2.08516420e-09 7.57735269e-10
   1.71045781e-10]]

 [[2.04854931e-01 2.05530157e-01 3.77857998e-03 1.39034522e-05
   3.27347442e-05 1.34459240e-07 1.83151726e-14 0.00000000e+00
   0.00000000e+00 0.00000000e+00 0.00000000e+00 0.00000000e+00
   0.00000000e+00 0.00000000e+00 0.00000000e+00 0.00000000e+00
   0.00000000e+00 0.00000000e+00 0.00000000e+00 0.00000000e+00
   0.00000000e+00 0.00000000e+00 0.00000000e+00 0.00000000e+00
   0.00000000e+00 0.00000000e+00 0.00000000e+00 0.00000000e+00
   0.00000000e+00 0.00000000e+00 0.00000000e+00 0.00000000e+00
   0.00000000e+00]
  [2.41238251e-01 3.37894285e-01 3.05143545e-01 2.94054478e-01
   3.14533902e-01 3.24748711e-01 3.29198464e-01 3.32046600e-01
   3.45653299e-01 3.33063796e-01 3.35487511e-01 3.46321393e-01
   3.45659809e-01 3.53055858e-01 3.57874867e-01 3.62758676e-01
   3.58039907e-01 3.58997711e-01 3.60475053e-01 3.69739175e-01
   3.67246704e-01 3.66805713e-01 3.53069615e-01 3.44001031e-01
   3.39804821e-01 3.37044337e-01 3.38438981e-01 3.28123152e-01
   3.37789377e-01 3.32050262e-01 3.31598864e-01 3.35043905e-01
   3.25523479e-01]
  [3.30796416e-01 3.19739690e-01 3.06514931e-01 3.48291571e-01
   3.00188821e-01 2.49213124e-01 2.31933773e-01 2.04490462e-01
   2.28569469e-01 2.39629241e-01 2.14574968e-01 2.10582611e-01
   1.88441003e-01 1.34425515e-01 8.18745720e-02 5.27230007e-02
   2.64564511e-02 3.37192922e-02 2.33683844e-02 2.03678488e-02
   2.45223380e-02 2.86489222e-02 8.37508896e-03 5.95337219e-03
   1.82911472e-03 8.42334439e-04 7.87618146e-04 7.01087573e-04
   1.77459153e-04 1.80563500e-04 6.82590529e-05 3.39371465e-05
   1.19845177e-05]
  [2.28737434e-01 3.10337745e-01 2.42502038e-01 2.47614749e-01
   2.62806475e-01 2.64658730e-01 2.76200843e-01 2.78159245e-01
   2.86359979e-01 2.85731927e-01 2.84773511e-01 2.77225908e-01
   2.75513027e-01 2.82197208e-01 2.77516279e-01 2.75229759e-01
   2.71872366e-01 2.82154716e-01 2.85884287e-01 2.88799849e-01
   2.95112606e-01 2.89893917e-01 2.83861614e-01 2.82061858e-01
   2.77902474e-01 2.85448967e-01 2.92120325e-01 2.89332652e-01
   2.98809305e-01 3.02102839e-01 2.93211706e-01 3.01219259e-01
   2.96324450e-01]
  [9.51738891e-01 3.57598325e-01 1.99104227e-01 1.50699300e-01
   2.78902728e-01 1.56948828e-01 1.25317418e-01 9.47830214e-03
   1.36255057e-03 5.45884270e-04 2.68130914e-04 7.26315688e-04
   1.23392280e-03 3.70642181e-03 1.10963606e-02 9.17488784e-04
   4.27659270e-05 1.09485386e-06 4.51883296e-07 1.89010984e-06
   6.53496327e-06 4.57593998e-07 3.29658990e-08 1.47683199e-09
   5.09133114e-11 2.53535083e-12 1.36359511e-13 6.31846528e-14
   8.19763532e-16 1.39256819e-15 3.71379492e-16 1.32960309e-15
   6.98041625e-15]
  [2.33949297e-01 3.30961094e-01 2.68846467e-01 2.72175393e-01
   2.77343748e-01 2.64581419e-01 2.81034109e-01 2.70901590e-01
   2.80880890e-01 2.89653801e-01 2.85404505e-01 2.80284499e-01
   2.82448806e-01 2.85833240e-01 2.88561721e-01 2.78573267e-01
   2.77537834e-01 2.71451144e-01 2.69914232e-01 2.74044082e-01
   2.67065878e-01 2.65993928e-01 2.73040649e-01 2.74870604e-01
   2.71536907e-01 2.67181630e-01 2.72318884e-01 2.69150981e-01
   2.73360604e-01 2.67566836e-01 2.66615370e-01 2.66397476e-01
   2.69548894e-01]]] 
Error down for Pearson method: 
[[[7.26309214e-01 5.59103789e-01 4.72973100e-01 5.67080354e-01
   5.18343405e-01 4.92025874e-01 4.81117145e-01 6.60458292e-01
   6.23445555e-01 5.96762324e-01 5.65252220e-01 5.30959906e-01
   5.87741162e-01 6.14048182e-01 5.93949784e-01 5.63825020e-01
   5.42923738e-01 5.20324054e-01 4.86492273e-01 4.82793148e-01
   4.53743520e-01 4.78378767e-01 4.63455163e-01 4.82427983e-01
   4.65664869e-01 4.47316657e-01 4.54704198e-01 4.19205597e-01
   4.08269390e-01 4.02429739e-01 3.94285627e-01 3.95986137e-01
   3.96188277e-01]
  [6.40668335e-02 1.36936706e-02 4.46360653e-03 1.12656236e-03
   1.42783801e-04 1.32411442e-05 5.67417704e-06 6.42201633e-07
   1.35817821e-06 8.85556594e-08 2.92293920e-09 1.11626888e-10
   2.93034388e-12 6.43124922e-14 2.00360587e-14 8.27973790e-16
   1.53210777e-17 2.22044605e-19 0.00000000e+00 0.00000000e+00
   0.00000000e+00 0.00000000e+00 0.00000000e+00 0.00000000e+00
   0.00000000e+00 0.00000000e+00 0.00000000e+00 0.00000000e+00
   0.00000000e+00 0.00000000e+00 0.00000000e+00 0.00000000e+00
   0.00000000e+00]
  [5.83161972e-02 1.35745033e-02 2.84519757e-03 4.47838621e-04
   5.92779978e-05 4.89825701e-06 9.66794771e-07 9.40854499e-08
   1.17335362e-07 5.49810866e-09 2.60363700e-10 9.52486762e-12
   1.43405882e-13 1.84897552e-15 4.69750425e-15 1.16573418e-16
   1.33226763e-18 0.00000000e+00 0.00000000e+00 0.00000000e+00
   0.00000000e+00 0.00000000e+00 0.00000000e+00 0.00000000e+00
   0.00000000e+00 0.00000000e+00 0.00000000e+00 0.00000000e+00
   0.00000000e+00 0.00000000e+00 0.00000000e+00 0.00000000e+00
   0.00000000e+00]
  [1.78872990e-02 4.15725839e-03 6.92367555e-04 5.87832468e-05
   6.15185083e-07 2.66534099e-09 2.91727689e-09 1.45863073e-11
   1.05733866e-10 2.79141413e-13 3.26072502e-16 4.44089210e-19
   0.00000000e+00 0.00000000e+00 0.00000000e+00 0.00000000e+00
   0.00000000e+00 0.00000000e+00 0.00000000e+00 0.00000000e+00
   0.00000000e+00 0.00000000e+00 0.00000000e+00 0.00000000e+00
   0.00000000e+00 0.00000000e+00 0.00000000e+00 0.00000000e+00
   0.00000000e+00 0.00000000e+00 0.00000000e+00 0.00000000e+00
   0.00000000e+00]
  [2.64313011e-05 1.17563208e-07 2.42517056e-11 1.65720115e-14
   0.00000000e+00 0.00000000e+00 0.00000000e+00 0.00000000e+00
   0.00000000e+00 0.00000000e+00 0.00000000e+00 0.00000000e+00
   0.00000000e+00 0.00000000e+00 0.00000000e+00 0.00000000e+00
   0.00000000e+00 0.00000000e+00 0.00000000e+00 0.00000000e+00
   0.00000000e+00 0.00000000e+00 0.00000000e+00 0.00000000e+00
   0.00000000e+00 0.00000000e+00 0.00000000e+00 0.00000000e+00
   0.00000000e+00 0.00000000e+00 0.00000000e+00 0.00000000e+00
   0.00000000e+00]
  [4.98016747e-03 1.38950232e-03 1.79769690e-04 1.52684975e-06
   5.11491577e-10 4.31731317e-14 1.77272641e-13 1.77635684e-17
   5.35571587e-16 0.00000000e+00 0.00000000e+00 0.00000000e+00
   0.00000000e+00 0.00000000e+00 0.00000000e+00 0.00000000e+00
   0.00000000e+00 0.00000000e+00 0.00000000e+00 0.00000000e+00
   0.00000000e+00 0.00000000e+00 0.00000000e+00 0.00000000e+00
   0.00000000e+00 0.00000000e+00 0.00000000e+00 0.00000000e+00
   0.00000000e+00 0.00000000e+00 0.00000000e+00 0.00000000e+00
   0.00000000e+00]]

 [[1.34604628e-02 4.42251521e-03 1.32958272e-03 2.58009568e-04
   4.24361181e-04 4.28142582e-07 1.11954173e-08 4.41610483e-10
   6.39629357e-11 1.18239436e-13 6.10622664e-17 3.33066907e-19
   0.00000000e+00 0.00000000e+00 0.00000000e+00 0.00000000e+00
   0.00000000e+00 0.00000000e+00 0.00000000e+00 0.00000000e+00
   0.00000000e+00 0.00000000e+00 0.00000000e+00 0.00000000e+00
   0.00000000e+00 0.00000000e+00 0.00000000e+00 0.00000000e+00
   0.00000000e+00 0.00000000e+00 0.00000000e+00 0.00000000e+00
   0.00000000e+00]
  [3.54341368e-01 2.95676759e-01 2.80035279e-01 2.88972727e-01
   2.83101072e-01 2.81307019e-01 2.85318143e-01 2.93134265e-01
   2.99907020e-01 2.96270725e-01 2.93110990e-01 2.92450743e-01
   2.97076677e-01 2.94938199e-01 2.91053669e-01 2.95577008e-01
   2.90502379e-01 2.92270714e-01 3.01212701e-01 2.95831670e-01
   2.96684372e-01 2.95320593e-01 2.93903332e-01 3.03957937e-01
   2.99588743e-01 3.01403016e-01 3.04315848e-01 3.05680226e-01
   3.06858889e-01 3.03452853e-01 3.06221653e-01 3.00208104e-01
   3.05453772e-01]
  [1.06438423e-01 6.99948139e-02 5.07230357e-02 3.77310867e-02
   2.90967281e-02 2.22187849e-02 1.57277891e-02 1.04944115e-02
   6.75534548e-03 4.57052075e-03 2.98745188e-03 1.79533870e-03
   1.35113387e-03 9.89083124e-04 5.20252303e-04 3.95030967e-04
   2.95401842e-04 1.94188258e-04 1.11640968e-04 1.32680081e-04
   7.68369435e-05 6.75230695e-05 4.19298397e-05 4.17642717e-05
   4.54742888e-05 1.80160896e-05 2.79025282e-05 1.21790136e-05
   3.79224726e-06 1.64671183e-06 4.10358560e-07 6.89542801e-07
   5.19573856e-07]
  [3.35491453e-01 2.73177861e-01 2.59338544e-01 2.90971638e-01
   2.94507384e-01 2.81487724e-01 2.70854222e-01 2.61883399e-01
   2.53837504e-01 2.47876796e-01 2.33854471e-01 2.39157694e-01
   2.34778922e-01 2.35342448e-01 2.30535364e-01 2.23899053e-01
   2.13878275e-01 2.10977156e-01 2.09635870e-01 2.01507576e-01
   1.94753687e-01 1.94278220e-01 1.89957387e-01 1.82659003e-01
   1.74848620e-01 1.70512230e-01 1.66428260e-01 1.60396110e-01
   1.55730136e-01 1.51333400e-01 1.48598873e-01 1.46045422e-01
   1.44665671e-01]
  [4.01934648e-02 2.24843249e-02 1.15093261e-02 6.98515753e-03
   4.90958614e-03 3.40102028e-03 2.78217423e-03 2.45019749e-03
   1.11606450e-03 2.25151947e-04 2.68176589e-05 1.20665018e-05
   5.42947128e-06 7.53263770e-06 1.55905848e-06 2.99596214e-07
   3.95329629e-07 9.15159253e-07 3.33311909e-07 3.59825530e-07
   6.25226423e-08 5.64362926e-09 3.30893933e-10 1.81830599e-11
   3.52338361e-12 7.15190112e-12 8.74112617e-12 1.33798765e-12
   7.68509666e-13 1.24433898e-12 1.16172268e-13 3.38069600e-14
   4.30021500e-15]
  [3.58107457e-01 2.85425610e-01 2.49800685e-01 2.32016310e-01
   2.41212470e-01 2.24663635e-01 2.24634135e-01 2.14455218e-01
   2.00260332e-01 1.92487368e-01 1.68533044e-01 1.63291846e-01
   1.55756631e-01 1.45346391e-01 1.38983101e-01 1.33842980e-01
   1.26314755e-01 1.22436439e-01 1.10455683e-01 1.01436745e-01
   9.41819290e-02 9.04020234e-02 8.45091024e-02 8.02050424e-02
   7.37138116e-02 7.04782743e-02 6.59890734e-02 6.03117602e-02
   5.72229421e-02 5.39832029e-02 4.97030641e-02 4.73750898e-02
   4.54982289e-02]]

 [[2.45036544e-02 5.69515241e-03 6.21320127e-04 2.72488817e-04
   2.69962688e-05 1.01809056e-06 4.94112878e-06 1.56967467e-07
   3.26087957e-07 2.43970458e-09 2.04077388e-11 7.06146168e-14
   1.59188397e-13 1.25293062e-15 0.00000000e+00 0.00000000e+00
   0.00000000e+00 0.00000000e+00 0.00000000e+00 0.00000000e+00
   0.00000000e+00 0.00000000e+00 0.00000000e+00 0.00000000e+00
   0.00000000e+00 0.00000000e+00 0.00000000e+00 0.00000000e+00
   0.00000000e+00 0.00000000e+00 0.00000000e+00 0.00000000e+00
   0.00000000e+00]
  [1.84322823e-01 1.47138469e-01 1.13216130e-01 8.65584316e-02
   5.77664268e-02 3.96928666e-02 2.74884652e-02 1.82678811e-02
   1.31907124e-02 9.78847966e-03 6.51548536e-03 5.39964472e-03
   4.02949686e-03 2.80816279e-03 2.31516942e-03 1.73539487e-03
   1.09750103e-03 7.61080163e-04 6.14899533e-04 3.59225108e-04
   3.05113060e-04 1.73027612e-04 7.82244521e-05 4.57872552e-05
   3.04099710e-05 1.38130486e-05 1.53787862e-05 5.00937196e-06
   2.21135963e-06 1.37398828e-06 8.53133860e-07 2.58985819e-07
   3.06399039e-07]
  [4.00797878e-01 3.96017593e-01 4.05735477e-01 4.14098990e-01
   3.78243006e-01 3.41853868e-01 3.04914082e-01 3.14969448e-01
   3.01626898e-01 3.05044537e-01 2.93333137e-01 2.88875972e-01
   2.84054348e-01 2.83429513e-01 2.87529490e-01 2.93035127e-01
   2.92567009e-01 2.88577138e-01 2.88611658e-01 2.79266604e-01
   2.78877360e-01 2.81309464e-01 2.80242139e-01 2.77168638e-01
   2.79104634e-01 2.81020180e-01 2.75946320e-01 2.75353429e-01
   2.72426344e-01 2.70384252e-01 2.70389017e-01 2.77786659e-01
   2.73471676e-01]
  [1.84246492e-01 1.87079902e-01 1.32861319e-01 1.10846885e-01
   8.40193642e-02 6.11985967e-02 4.57185223e-02 3.29713372e-02
   2.44897266e-02 1.64275555e-02 1.13706276e-02 8.36554594e-03
   6.02211067e-03 4.27746928e-03 3.33905977e-03 2.24113071e-03
   1.58023990e-03 1.11772548e-03 8.16689011e-04 4.71235657e-04
   4.63011753e-04 2.86300373e-04 1.77689234e-04 1.23635683e-04
   7.29751749e-05 3.28803290e-05 3.66621685e-05 1.79165972e-05
   1.01052099e-05 9.04545948e-06 3.75317496e-06 1.93418201e-06
   1.75342305e-06]
  [6.48012468e-03 1.22313585e-03 1.43445728e-04 7.08107099e-05
   9.15975513e-07 9.75893767e-09 1.53993660e-10 4.16552521e-11
   3.63967267e-12 1.51586182e-12 3.30633598e-13 8.33023410e-15
   1.07989237e-15 6.32827124e-18 5.55111512e-19 3.33066907e-19
   0.00000000e+00 0.00000000e+00 0.00000000e+00 0.00000000e+00
   0.00000000e+00 0.00000000e+00 0.00000000e+00 0.00000000e+00
   0.00000000e+00 0.00000000e+00 0.00000000e+00 0.00000000e+00
   0.00000000e+00 0.00000000e+00 0.00000000e+00 0.00000000e+00
   0.00000000e+00]
  [1.94675012e-01 1.69902175e-01 1.08724086e-01 9.26543430e-02
   6.90930498e-02 4.85219670e-02 3.69654805e-02 2.55725112e-02
   1.82636961e-02 1.18547697e-02 7.39992198e-03 4.91919321e-03
   3.29710288e-03 2.36940919e-03 1.70662052e-03 1.02324983e-03
   7.05702915e-04 3.95556112e-04 2.87941501e-04 1.57603062e-04
   1.74208256e-04 8.94090784e-05 5.43172071e-05 3.22787995e-05
   1.98176869e-05 7.03859865e-06 4.73884487e-06 2.25657411e-06
   1.31233912e-06 1.10483714e-06 5.16823260e-07 3.01419368e-07
   1.88106573e-07]]

 [[5.60368770e-03 1.64040057e-03 2.09414974e-04 8.25585948e-07
   6.12888619e-08 2.29122428e-09 6.36349967e-12 3.08642001e-17
   1.11022302e-19 0.00000000e+00 0.00000000e+00 0.00000000e+00
   0.00000000e+00 0.00000000e+00 0.00000000e+00 0.00000000e+00
   0.00000000e+00 0.00000000e+00 0.00000000e+00 0.00000000e+00
   0.00000000e+00 0.00000000e+00 0.00000000e+00 0.00000000e+00
   0.00000000e+00 0.00000000e+00 0.00000000e+00 0.00000000e+00
   0.00000000e+00 0.00000000e+00 0.00000000e+00 0.00000000e+00
   0.00000000e+00]
  [3.21583007e-01 2.77679494e-01 2.59544134e-01 2.77415961e-01
   2.91630610e-01 2.65491049e-01 2.64362471e-01 2.70562870e-01
   2.60969743e-01 2.49258332e-01 2.53813574e-01 2.46362359e-01
   2.36393739e-01 2.34015634e-01 2.28631171e-01 2.24718465e-01
   2.25875397e-01 2.14330492e-01 2.09004565e-01 2.05165191e-01
   2.00453827e-01 1.97573372e-01 1.93784985e-01 1.88282607e-01
   1.83059710e-01 1.80138930e-01 1.74285275e-01 1.74953389e-01
   1.66629403e-01 1.61104134e-01 1.57674095e-01 1.55325389e-01
   1.52109494e-01]
  [1.27420507e-01 9.07683676e-02 7.51135494e-02 4.76874240e-02
   3.85670625e-02 2.69635735e-02 1.79353985e-02 1.28486141e-02
   9.22146781e-03 7.42183453e-03 6.46216627e-03 5.19262985e-03
   4.11133577e-03 3.19042937e-03 2.33144972e-03 1.45802442e-03
   8.63753829e-04 5.27430396e-04 4.56011079e-04 2.90809514e-04
   2.99519103e-04 1.68555595e-04 1.37686671e-04 9.68154049e-05
   7.14109466e-05 2.92877322e-05 1.39147387e-05 8.45969070e-06
   4.72211812e-06 1.94386371e-06 8.89106785e-07 5.43704013e-07
   3.70919733e-07]
  [3.56105553e-01 2.54919902e-01 2.86767494e-01 2.96820152e-01
   3.04977270e-01 2.97284728e-01 2.90440708e-01 2.87349183e-01
   2.99938689e-01 2.88600169e-01 3.06578726e-01 2.95524416e-01
   2.93161433e-01 2.89475031e-01 2.91858643e-01 2.92119669e-01
   2.91083092e-01 2.82260217e-01 2.82282963e-01 2.83566860e-01
   2.85062539e-01 2.85885333e-01 2.87445965e-01 2.87422892e-01
   2.89731612e-01 2.87988287e-01 2.92955481e-01 2.94709622e-01
   2.95707518e-01 2.97367899e-01 2.91290736e-01 2.96461423e-01
   3.00103579e-01]
  [5.34507428e-02 2.09189138e-02 1.25597011e-02 7.35685400e-03
   4.17578654e-03 2.17211908e-03 8.13418665e-04 7.51275721e-04
   7.41667643e-04 1.91746086e-04 1.58291315e-04 1.05011021e-04
   9.92044470e-06 1.49560514e-06 2.23324828e-06 2.79775240e-07
   2.06854235e-07 3.80800961e-08 9.81763679e-09 2.39056352e-09
   1.42043259e-09 4.94114655e-10 3.80453501e-10 9.88900296e-11
   2.80266177e-11 2.31486228e-11 2.51270799e-12 2.06432539e-12
   1.63247407e-13 1.24780774e-13 2.26847758e-13 7.08684247e-13
   5.06678213e-14]
  [3.78887804e-01 2.79174286e-01 3.09582463e-01 2.87261142e-01
   2.79769453e-01 2.94478858e-01 2.80988026e-01 2.85742694e-01
   2.95271039e-01 2.84030999e-01 2.93820946e-01 2.86861664e-01
   2.72500591e-01 2.70984744e-01 2.64779256e-01 2.64169423e-01
   2.70321875e-01 2.68203147e-01 2.65155685e-01 2.61981741e-01
   2.63112915e-01 2.63497057e-01 2.61967595e-01 2.60581545e-01
   2.61711954e-01 2.63680354e-01 2.64203646e-01 2.68552304e-01
   2.65146443e-01 2.63049685e-01 2.64726236e-01 2.61222986e-01
   2.47252533e-01]]

 [[1.79442863e-04 8.38938253e-09 3.91614986e-12 0.00000000e+00
   0.00000000e+00 0.00000000e+00 0.00000000e+00 0.00000000e+00
   0.00000000e+00 0.00000000e+00 0.00000000e+00 0.00000000e+00
   0.00000000e+00 0.00000000e+00 0.00000000e+00 0.00000000e+00
   0.00000000e+00 0.00000000e+00 0.00000000e+00 0.00000000e+00
   0.00000000e+00 0.00000000e+00 0.00000000e+00 0.00000000e+00
   0.00000000e+00 0.00000000e+00 0.00000000e+00 0.00000000e+00
   0.00000000e+00 0.00000000e+00 0.00000000e+00 0.00000000e+00
   0.00000000e+00]
  [1.02639751e-01 9.98192868e-02 6.10158056e-02 2.85765827e-02
   1.60297681e-02 9.41894177e-03 4.69722434e-03 1.90045055e-03
   7.13678910e-04 3.29225231e-04 1.17472084e-04 4.23994047e-05
   2.58874287e-05 9.39358014e-06 3.58708220e-06 1.45421693e-06
   4.65115716e-07 1.65957814e-07 8.01114036e-08 3.71488748e-08
   1.10602890e-08 2.96121959e-09 1.61296751e-09 5.48667577e-10
   1.67806238e-10 4.68964066e-11 4.23561622e-11 1.46140788e-11
   4.57548248e-12 1.16695127e-12 9.17217660e-13 4.29642523e-13
   8.21313494e-14]
  [1.63414499e-02 3.92033837e-03 9.93243053e-04 8.22489589e-05
   3.88416586e-05 8.48777608e-07 1.95694522e-08 8.20423961e-11
   2.06260337e-13 4.03258192e-16 2.22738298e-16 3.44169138e-18
   0.00000000e+00 0.00000000e+00 0.00000000e+00 0.00000000e+00
   0.00000000e+00 0.00000000e+00 0.00000000e+00 0.00000000e+00
   0.00000000e+00 0.00000000e+00 0.00000000e+00 0.00000000e+00
   0.00000000e+00 0.00000000e+00 0.00000000e+00 0.00000000e+00
   0.00000000e+00 0.00000000e+00 0.00000000e+00 0.00000000e+00
   0.00000000e+00]
  [1.07964120e-01 1.13669117e-01 8.06456027e-02 4.33294206e-02
   2.43134639e-02 1.61182565e-02 8.83426764e-03 4.09544916e-03
   1.85529603e-03 9.50344033e-04 4.21974332e-04 1.79666301e-04
   1.07405364e-04 4.57136245e-05 2.02278803e-05 9.28137317e-06
   3.47764170e-06 1.58252515e-06 7.39110667e-07 3.71306498e-07
   1.30692808e-07 4.59353390e-08 1.98338906e-08 7.42049730e-09
   2.69709215e-09 1.04927308e-09 7.02799903e-10 2.80280054e-10
   1.31867089e-10 4.10349671e-11 2.82255967e-11 1.52058397e-11
   3.67769237e-12]
  [7.56082737e-01 6.07372027e-01 4.87668921e-01 4.11213184e-01
   4.39358311e-01 4.67643537e-01 4.33735157e-01 4.95266203e-01
   4.66655369e-01 4.63645673e-01 4.43718487e-01 4.19221915e-01
   3.86148514e-01 3.64084643e-01 3.48050666e-01 3.55221132e-01
   3.62067757e-01 3.80060777e-01 3.71034318e-01 3.58963983e-01
   3.50792586e-01 3.40734717e-01 3.34883522e-01 3.31723045e-01
   3.19055470e-01 3.06482299e-01 2.92526892e-01 2.84660542e-01
   2.87095415e-01 2.86156729e-01 2.80674799e-01 2.88662061e-01
   2.88007937e-01]
  [1.11499927e-01 1.12836315e-01 7.84367599e-02 4.36077946e-02
   2.25506284e-02 1.48109018e-02 8.26325419e-03 3.78932067e-03
   1.74572859e-03 8.82439103e-04 3.97726280e-04 1.73981932e-04
   9.84390991e-05 4.13827865e-05 1.77986891e-05 8.36991357e-06
   3.12475901e-06 1.50695313e-06 6.67791860e-07 3.33546905e-07
   1.13724248e-07 4.08231726e-08 1.46794893e-08 5.11651780e-09
   1.94234341e-09 8.25725818e-10 4.69853806e-10 1.81317862e-10
   1.03278478e-10 3.01369930e-11 1.78313547e-11 9.34502453e-12
   2.28550875e-12]]

 [[3.65580516e-03 1.68033063e-03 1.18809111e-05 3.32669813e-08
   5.71784026e-08 1.90921160e-10 3.24185123e-17 0.00000000e+00
   0.00000000e+00 0.00000000e+00 0.00000000e+00 0.00000000e+00
   0.00000000e+00 0.00000000e+00 0.00000000e+00 0.00000000e+00
   0.00000000e+00 0.00000000e+00 0.00000000e+00 0.00000000e+00
   0.00000000e+00 0.00000000e+00 0.00000000e+00 0.00000000e+00
   0.00000000e+00 0.00000000e+00 0.00000000e+00 0.00000000e+00
   0.00000000e+00 0.00000000e+00 0.00000000e+00 0.00000000e+00
   0.00000000e+00]
  [3.22209884e-01 2.65316805e-01 2.46157876e-01 2.49637403e-01
   2.37563478e-01 2.33340575e-01 2.22434011e-01 2.11019778e-01
   2.01728606e-01 1.97196061e-01 1.92415778e-01 1.81223981e-01
   1.80794750e-01 1.81715629e-01 1.70811626e-01 1.63316708e-01
   1.58280572e-01 1.54082068e-01 1.46422463e-01 1.45284691e-01
   1.38388573e-01 1.29770377e-01 1.21336486e-01 1.18365432e-01
   1.13587450e-01 1.10149899e-01 1.05277143e-01 1.00330889e-01
   9.53689376e-02 9.19153488e-02 8.74989356e-02 8.19054382e-02
   7.93070379e-02]
  [1.15459646e-01 8.65581536e-02 7.05239950e-02 5.30951092e-02
   3.61275621e-02 2.57322908e-02 2.19182841e-02 1.58918907e-02
   1.37015752e-02 1.28017935e-02 1.08527971e-02 8.06204214e-03
   6.59936334e-03 4.26424873e-03 2.40050536e-03 1.39578432e-03
   8.60143655e-04 9.43400268e-04 6.28824458e-04 5.25398160e-04
   5.27224534e-04 4.45411872e-04 1.51303924e-04 9.16904659e-05
   3.21161677e-05 1.87579581e-05 1.24952035e-05 9.60441231e-06
   2.94333113e-06 2.24392874e-06 1.09452214e-06 4.55121162e-07
   1.71920219e-07]
  [3.77405762e-01 2.35291086e-01 2.69686725e-01 2.76702409e-01
   2.68622757e-01 2.74661547e-01 2.72182206e-01 2.76217712e-01
   2.78998063e-01 2.76525782e-01 2.84484238e-01 2.80814018e-01
   2.83030237e-01 2.79041907e-01 2.78640475e-01 2.74355281e-01
   2.71165070e-01 2.64543695e-01 2.63010227e-01 2.62042436e-01
   2.50732810e-01 2.51880704e-01 2.52328509e-01 2.56770763e-01
   2.59955892e-01 2.59807251e-01 2.58075838e-01 2.59022622e-01
   2.56197910e-01 2.51634670e-01 2.54452933e-01 2.48392009e-01
   2.51780243e-01]
  [4.17999449e-02 2.25300280e-02 1.20293053e-02 7.12227147e-03
   4.07208020e-03 2.29452690e-03 1.14172673e-03 1.70607894e-04
   2.32729337e-05 5.81436233e-06 2.66672018e-06 4.62205051e-06
   4.28057887e-06 8.74017657e-06 1.58966411e-05 2.00646412e-06
   1.07248887e-07 3.27711697e-09 1.52602244e-09 3.44531670e-09
   9.37986016e-09 1.24491593e-09 9.01870511e-11 4.61462311e-12
   1.68839131e-13 9.99321853e-15 5.86096531e-16 2.19324139e-16
   4.21884749e-18 3.21964677e-18 1.22124533e-18 2.66453526e-18
   1.39888101e-17]
  [4.00570362e-01 2.72525469e-01 2.98432811e-01 2.90037653e-01
   2.81743171e-01 2.90144895e-01 2.83209956e-01 3.01586958e-01
   2.94549485e-01 2.90657182e-01 3.02877580e-01 3.04800415e-01
   3.03915583e-01 2.99796507e-01 2.93296460e-01 2.94846083e-01
   2.90960733e-01 2.90894086e-01 2.97104646e-01 2.92801860e-01
   2.96789805e-01 2.96873662e-01 2.88267675e-01 2.89987765e-01
   2.92784435e-01 2.97093453e-01 2.90178455e-01 2.92908038e-01
   2.89131530e-01 2.95504635e-01 2.88806415e-01 2.92606991e-01
   2.84175038e-01]]] 
