Testing model resnet_1696929580_SPH_9_BH_n4_M8_BH_n2_M10_BH_n4_M10_BH_n6_M10_BH_n4_M12_CUT_res50. 
Number of events in data: 
15000 
Classes in data: 
6 
Number of events detected: 
[ 2  3  4  5  6  7  8  9 10 11 12 13 14 15 16 17 18 19 20 21 22 23 24 25
 26 27 28 29 30 31 32 33 34] 
Number of samples for each n number of events: 3000 
p_values: 
[[[8.58940058e-01 8.36172319e-01 8.28486614e-01 8.24863945e-01
   8.21880463e-01 8.18681931e-01 8.19437838e-01 8.18600054e-01
   8.14876985e-01 8.12235797e-01 8.08043996e-01 8.03086854e-01
   7.97081642e-01 7.93414208e-01 7.86731223e-01 7.80559700e-01
   7.75124798e-01 7.70539791e-01 7.66775058e-01 7.58421588e-01
   7.53258354e-01 7.46797024e-01 7.41918306e-01 7.37287322e-01
   7.34101051e-01 7.30958270e-01 7.26087101e-01 7.22541389e-01
   7.17692307e-01 7.13538058e-01 7.06630491e-01 7.03929195e-01
   7.03485742e-01]
  [1.03855697e-01 3.92882251e-02 1.42403074e-02 5.23760013e-03
   1.74940434e-03 5.91987040e-04 1.82371798e-04 3.05471389e-05
   1.09026933e-05 3.02776539e-06 1.03690206e-06 1.36714626e-07
   4.70837443e-08 8.52789976e-09 7.90217085e-10 1.47016983e-10
   1.56923654e-10 2.63916526e-11 3.10830173e-12 2.30453027e-13
   2.01491416e-14 1.82916645e-15 1.47437618e-16 1.02140518e-17
   5.92118946e-19 0.00000000e+00 0.00000000e+00 0.00000000e+00
   0.00000000e+00 0.00000000e+00 0.00000000e+00 0.00000000e+00
   0.00000000e+00]
  [8.88409649e-02 3.08075647e-02 1.05626577e-02 3.64961098e-03
   9.78474056e-04 4.07702820e-04 1.90947657e-04 9.30704487e-05
   2.12491362e-05 3.31049623e-06 5.11291866e-07 8.24008776e-08
   1.36542646e-08 2.03259150e-09 1.85607220e-10 2.32977254e-11
   1.12048652e-11 2.46168937e-12 2.74000637e-13 2.28692250e-14
   8.36179274e-15 8.02247158e-16 6.60952774e-17 4.14483263e-18
   1.48029737e-19 0.00000000e+00 0.00000000e+00 0.00000000e+00
   0.00000000e+00 0.00000000e+00 0.00000000e+00 0.00000000e+00
   0.00000000e+00]
  [3.39542642e-02 6.47918173e-03 1.73719245e-03 3.70533522e-04
   3.55146513e-05 1.33473833e-05 5.11812145e-06 7.66615307e-07
   2.93100559e-08 5.98376881e-10 1.28213393e-11 2.34116726e-13
   7.32996626e-14 1.65556457e-15 1.54691075e-17 2.22044605e-19
   3.70074342e-19 0.00000000e+00 0.00000000e+00 0.00000000e+00
   0.00000000e+00 0.00000000e+00 0.00000000e+00 0.00000000e+00
   0.00000000e+00 0.00000000e+00 0.00000000e+00 0.00000000e+00
   0.00000000e+00 0.00000000e+00 0.00000000e+00 0.00000000e+00
   0.00000000e+00]
  [1.72857604e-02 3.42769168e-03 7.57938728e-04 8.41693805e-05
   5.85417790e-06 1.06940543e-06 3.31533834e-07 1.30724389e-08
   1.12888688e-10 4.15357452e-13 1.62447833e-15 4.55191440e-18
   3.84877315e-18 0.00000000e+00 0.00000000e+00 0.00000000e+00
   0.00000000e+00 0.00000000e+00 0.00000000e+00 0.00000000e+00
   0.00000000e+00 0.00000000e+00 0.00000000e+00 0.00000000e+00
   0.00000000e+00 0.00000000e+00 0.00000000e+00 0.00000000e+00
   0.00000000e+00 0.00000000e+00 0.00000000e+00 0.00000000e+00
   0.00000000e+00]
  [5.00417018e-05 4.63578774e-06 3.46169933e-07 4.13581451e-10
   4.49625522e-15 2.23639625e-15 2.45700867e-14 9.99200722e-19
   0.00000000e+00 0.00000000e+00 0.00000000e+00 0.00000000e+00
   0.00000000e+00 0.00000000e+00 0.00000000e+00 0.00000000e+00
   0.00000000e+00 0.00000000e+00 0.00000000e+00 0.00000000e+00
   0.00000000e+00 0.00000000e+00 0.00000000e+00 0.00000000e+00
   0.00000000e+00 0.00000000e+00 0.00000000e+00 0.00000000e+00
   0.00000000e+00 0.00000000e+00 0.00000000e+00 0.00000000e+00
   0.00000000e+00]]

 [[4.09528292e-02 1.70953930e-02 4.12449627e-03 1.07549693e-03
   3.66870293e-04 2.99186040e-05 2.78689032e-06 8.79430711e-07
   6.17433613e-08 6.62239593e-10 7.54683926e-10 3.01748374e-12
   2.26827705e-13 3.97382867e-14 2.92893709e-13 8.47840316e-16
   1.66533454e-18 1.07321559e-18 7.40148683e-20 0.00000000e+00
   0.00000000e+00 0.00000000e+00 0.00000000e+00 0.00000000e+00
   0.00000000e+00 0.00000000e+00 0.00000000e+00 0.00000000e+00
   0.00000000e+00 0.00000000e+00 0.00000000e+00 0.00000000e+00
   0.00000000e+00]
  [6.42257484e-01 6.25326887e-01 6.18992197e-01 6.04249366e-01
   5.94421646e-01 5.89446380e-01 5.78427226e-01 5.69639789e-01
   5.62637776e-01 5.57891777e-01 5.53401182e-01 5.48105469e-01
   5.44801599e-01 5.43683369e-01 5.40075068e-01 5.36029045e-01
   5.31409959e-01 5.30411523e-01 5.26770787e-01 5.27868833e-01
   5.28014475e-01 5.27447095e-01 5.24361827e-01 5.23162407e-01
   5.19488751e-01 5.17584666e-01 5.16769699e-01 5.14635118e-01
   5.12338772e-01 5.09827193e-01 5.10701497e-01 5.10922091e-01
   5.11720881e-01]
  [2.88566391e-01 2.05762337e-01 1.51564970e-01 1.08099368e-01
   7.75932355e-02 5.45543810e-02 3.79364110e-02 2.65722166e-02
   1.81094768e-02 1.15595970e-02 7.89235798e-03 5.08326079e-03
   3.80860042e-03 2.21475248e-03 1.47444102e-03 9.11010631e-04
   5.68433580e-04 3.43148584e-04 2.07419148e-04 1.55816716e-04
   1.07786577e-04 6.12017966e-05 4.01848377e-05 3.27402233e-05
   1.82520477e-05 1.71201093e-05 2.01517512e-05 1.75366353e-05
   1.88922737e-05 1.10203736e-05 6.88480565e-06 4.06506883e-06
   2.89783372e-06]
  [2.98587190e-01 2.22843963e-01 1.66437421e-01 1.20533451e-01
   8.90717646e-02 6.31425235e-02 4.57483851e-02 3.30620731e-02
   2.28488269e-02 1.54522635e-02 1.07835285e-02 7.14319827e-03
   5.34007527e-03 3.28326145e-03 2.29637547e-03 1.55939690e-03
   1.05092498e-03 7.54660562e-04 4.74475436e-04 3.32098737e-04
   2.48451498e-04 1.41394495e-04 9.11221326e-05 8.81417542e-05
   5.30556128e-05 3.62880968e-05 3.23414836e-05 2.45282267e-05
   1.98896286e-05 1.28836935e-05 7.89557180e-06 5.13766789e-06
   4.15426002e-06]
  [3.06932258e-01 2.28512179e-01 1.71548455e-01 1.26435987e-01
   9.44991191e-02 6.77933809e-02 5.02732170e-02 3.67217620e-02
   2.58111222e-02 1.79379190e-02 1.28506999e-02 8.76441374e-03
   6.48988292e-03 4.25393581e-03 3.12657499e-03 2.20519822e-03
   1.54203792e-03 1.19019054e-03 7.83636482e-04 5.72201711e-04
   4.56982747e-04 2.86869933e-04 1.88663681e-04 1.72767720e-04
   1.17428573e-04 7.29004361e-05 5.54923857e-05 3.65428882e-05
   2.73978042e-05 1.60688560e-05 9.51875823e-06 8.34831039e-06
   8.46264527e-06]
  [9.68704929e-03 2.55295731e-03 9.69120249e-04 3.24071577e-04
   4.38728882e-05 1.54239401e-05 8.72398965e-07 7.27912193e-08
   5.52475976e-08 5.66481637e-09 8.31967018e-10 1.85831168e-09
   5.22455595e-11 3.78374332e-13 4.53436029e-13 6.31476353e-15
   2.40178248e-17 3.70074342e-20 0.00000000e+00 0.00000000e+00
   0.00000000e+00 0.00000000e+00 0.00000000e+00 0.00000000e+00
   0.00000000e+00 0.00000000e+00 0.00000000e+00 0.00000000e+00
   0.00000000e+00 0.00000000e+00 0.00000000e+00 0.00000000e+00
   0.00000000e+00]]

 [[2.62364956e-02 7.73994428e-03 1.96722625e-03 6.12135301e-04
   2.25032959e-04 1.56554431e-04 1.02168902e-04 3.79867408e-05
   7.54076888e-10 1.03450523e-09 6.19559050e-09 2.75869296e-08
   2.20367512e-10 1.32187224e-13 2.33146835e-17 1.25825276e-18
   1.68753900e-17 0.00000000e+00 0.00000000e+00 0.00000000e+00
   0.00000000e+00 0.00000000e+00 0.00000000e+00 0.00000000e+00
   0.00000000e+00 0.00000000e+00 0.00000000e+00 0.00000000e+00
   0.00000000e+00 0.00000000e+00 0.00000000e+00 0.00000000e+00
   0.00000000e+00]
  [1.69911487e-01 1.28169581e-01 9.65978765e-02 7.16273306e-02
   5.13650287e-02 3.66579245e-02 2.59348702e-02 1.91898261e-02
   1.26070426e-02 8.60729230e-03 5.78135100e-03 3.98681623e-03
   2.68323433e-03 1.80320962e-03 1.32905534e-03 8.78525186e-04
   5.80802299e-04 4.23075493e-04 2.85390837e-04 2.17157319e-04
   1.31720537e-04 1.01855018e-04 6.07131088e-05 4.64266535e-05
   2.71944216e-05 1.67831591e-05 1.20083103e-05 1.18822686e-05
   5.20171010e-06 2.72754387e-06 1.55374270e-06 7.01084531e-07
   4.99044335e-07]
  [5.33941290e-01 5.17345454e-01 5.14115402e-01 5.07253375e-01
   5.09147109e-01 5.09524526e-01 5.10546576e-01 5.06193629e-01
   5.05315845e-01 5.07705127e-01 5.06302529e-01 5.04175999e-01
   5.03695927e-01 5.03305711e-01 5.03371408e-01 5.04087570e-01
   5.01633181e-01 5.03903208e-01 5.07433660e-01 5.06182447e-01
   5.06201934e-01 5.07511572e-01 5.09235773e-01 5.10495404e-01
   5.13368873e-01 5.15824894e-01 5.15368896e-01 5.16297544e-01
   5.15509947e-01 5.14884887e-01 5.16181613e-01 5.14479655e-01
   5.15139478e-01]
  [4.90264804e-01 4.70993157e-01 4.64917103e-01 4.52226706e-01
   4.42299526e-01 4.35709365e-01 4.26367925e-01 4.14388691e-01
   4.07901941e-01 4.02173806e-01 3.94703059e-01 3.85777491e-01
   3.76411708e-01 3.69474705e-01 3.60949886e-01 3.54112049e-01
   3.46946588e-01 3.39751445e-01 3.35226637e-01 3.26444162e-01
   3.19311546e-01 3.11831854e-01 3.06237810e-01 3.00032485e-01
   2.95491675e-01 2.92032736e-01 2.84243821e-01 2.79012799e-01
   2.70772909e-01 2.65526773e-01 2.61436763e-01 2.54964542e-01
   2.50291965e-01]
  [4.50137295e-01 4.16211047e-01 4.04312794e-01 3.88999268e-01
   3.72909077e-01 3.60336891e-01 3.44651631e-01 3.27328091e-01
   3.16584261e-01 3.04618009e-01 2.92895244e-01 2.79668697e-01
   2.67339283e-01 2.57578364e-01 2.45070252e-01 2.35756641e-01
   2.26941437e-01 2.16510378e-01 2.08798683e-01 1.98926556e-01
   1.90233679e-01 1.81527616e-01 1.74003352e-01 1.65426842e-01
   1.58660701e-01 1.53125158e-01 1.44824155e-01 1.38476946e-01
   1.30368549e-01 1.25413341e-01 1.21238887e-01 1.15294672e-01
   1.10295218e-01]
  [9.70044587e-02 5.30264410e-02 3.02311412e-02 1.85388222e-02
   1.15735086e-02 7.61651694e-03 4.78799219e-03 2.95610525e-03
   1.68709828e-03 9.38073837e-04 5.79726081e-04 3.08721203e-04
   1.68878619e-04 9.88489173e-05 5.99775479e-05 2.45987014e-05
   1.11239479e-05 8.92376061e-06 5.32718549e-06 2.33067880e-06
   1.13463528e-06 6.16557582e-07 3.17997572e-07 1.28313626e-07
   6.40951803e-08 2.71063466e-08 1.23778185e-08 5.73944305e-09
   3.44702565e-09 2.07734338e-09 2.86159992e-09 1.35037057e-09
   7.79220351e-10]]

 [[7.95561843e-03 7.39545435e-04 8.87524970e-05 2.97604454e-05
   8.20719020e-09 2.64218030e-11 8.75965226e-14 3.44539212e-17
   0.00000000e+00 0.00000000e+00 0.00000000e+00 0.00000000e+00
   0.00000000e+00 0.00000000e+00 0.00000000e+00 0.00000000e+00
   0.00000000e+00 0.00000000e+00 0.00000000e+00 0.00000000e+00
   0.00000000e+00 0.00000000e+00 0.00000000e+00 0.00000000e+00
   0.00000000e+00 0.00000000e+00 0.00000000e+00 0.00000000e+00
   0.00000000e+00 0.00000000e+00 0.00000000e+00 0.00000000e+00
   0.00000000e+00]
  [1.50610370e-01 1.16719455e-01 8.69812240e-02 6.32787375e-02
   4.82956328e-02 3.20368601e-02 2.30898828e-02 1.58511358e-02
   1.20447125e-02 8.35118074e-03 5.84037091e-03 3.68652568e-03
   2.91351577e-03 1.90193300e-03 1.56208726e-03 1.03452770e-03
   7.18119634e-04 4.35116187e-04 2.83355355e-04 1.94996739e-04
   1.13599228e-04 6.45468871e-05 3.92307518e-05 2.89419821e-05
   2.31738265e-05 1.74079475e-05 1.18728646e-05 5.42065851e-06
   3.78670203e-06 1.74687896e-06 1.23592147e-06 9.57572483e-07
   7.10695386e-07]
  [4.80259589e-01 4.63227922e-01 4.53004257e-01 4.38691690e-01
   4.31248455e-01 4.24105278e-01 4.12114936e-01 4.05673361e-01
   3.95265889e-01 3.84306127e-01 3.79707677e-01 3.68200665e-01
   3.60573204e-01 3.51018357e-01 3.43675059e-01 3.38077720e-01
   3.32533412e-01 3.26614742e-01 3.20981803e-01 3.14760257e-01
   3.09801649e-01 3.07519078e-01 3.01884661e-01 2.97125961e-01
   2.92881494e-01 2.87361636e-01 2.82916827e-01 2.76657853e-01
   2.70334526e-01 2.64864600e-01 2.61509327e-01 2.58368445e-01
   2.51406099e-01]
  [5.20192273e-01 5.06207257e-01 5.09242926e-01 5.08135337e-01
   5.08619699e-01 5.11326021e-01 5.04027554e-01 5.04946353e-01
   5.03358586e-01 4.99830596e-01 5.01089980e-01 4.97309126e-01
   4.97944268e-01 4.95699400e-01 4.94506193e-01 4.95318502e-01
   4.95408294e-01 4.96812166e-01 4.97599788e-01 4.97465343e-01
   4.97883553e-01 4.99991482e-01 5.01086247e-01 5.01326420e-01
   5.01532226e-01 5.03041022e-01 5.03020452e-01 5.02788483e-01
   5.01082638e-01 4.99759954e-01 5.01708767e-01 5.02463747e-01
   5.00678207e-01]
  [5.11540575e-01 4.88415168e-01 4.89096472e-01 4.88528831e-01
   4.88295430e-01 4.89307957e-01 4.78896387e-01 4.77616819e-01
   4.74331617e-01 4.68949200e-01 4.67718730e-01 4.64293403e-01
   4.64366271e-01 4.60013942e-01 4.57041106e-01 4.54635602e-01
   4.52171157e-01 4.52308960e-01 4.50960858e-01 4.48280791e-01
   4.45836676e-01 4.43768210e-01 4.43009968e-01 4.41173942e-01
   4.39211285e-01 4.39201475e-01 4.36981275e-01 4.35878869e-01
   4.33382985e-01 4.29786986e-01 4.28266179e-01 4.27828157e-01
   4.25633168e-01]
  [1.12743445e-01 7.27322161e-02 4.16217255e-02 2.64285871e-02
   1.71576834e-02 1.13687906e-02 7.51434026e-03 4.72169476e-03
   3.18359489e-03 1.78315735e-03 1.28555426e-03 7.11224586e-04
   4.10731676e-04 2.69170494e-04 1.63222182e-04 8.50236346e-05
   5.85557272e-05 3.83493066e-05 2.42035455e-05 1.53257848e-05
   8.35136014e-06 3.99732474e-06 2.47183458e-06 1.94937884e-06
   1.21720980e-06 9.18211897e-07 3.72370554e-07 1.60306916e-07
   1.32890068e-07 8.89465869e-08 4.21588308e-08 1.63425094e-08
   8.20878483e-09]]

 [[3.45540241e-03 7.97727973e-04 8.23661676e-05 1.86337314e-06
   2.87427388e-09 8.66473030e-12 6.84674539e-16 7.40148683e-20
   6.29126381e-19 0.00000000e+00 0.00000000e+00 0.00000000e+00
   0.00000000e+00 0.00000000e+00 0.00000000e+00 0.00000000e+00
   0.00000000e+00 0.00000000e+00 0.00000000e+00 0.00000000e+00
   0.00000000e+00 0.00000000e+00 0.00000000e+00 0.00000000e+00
   0.00000000e+00 0.00000000e+00 0.00000000e+00 0.00000000e+00
   0.00000000e+00 0.00000000e+00 0.00000000e+00 0.00000000e+00
   0.00000000e+00]
  [1.53635355e-01 1.25015056e-01 9.73630510e-02 7.02280223e-02
   5.08318991e-02 3.50574766e-02 2.31649969e-02 1.74002708e-02
   1.26192836e-02 8.43702554e-03 5.37940593e-03 4.22907529e-03
   2.91340223e-03 2.21026742e-03 1.43137440e-03 9.75755729e-04
   6.56329776e-04 5.40952077e-04 2.67506352e-04 1.25184918e-04
   6.93834228e-05 5.02510398e-05 3.87567522e-05 3.66499230e-05
   2.29291770e-05 2.92012602e-05 1.27235322e-05 5.55583191e-06
   8.07689753e-06 1.21944995e-05 1.71641658e-05 7.76238668e-06
   3.04882550e-07]
  [4.55705276e-01 4.31156544e-01 4.12727345e-01 3.97304200e-01
   3.82093514e-01 3.68489375e-01 3.52804144e-01 3.36142334e-01
   3.20086361e-01 3.07023413e-01 2.94957624e-01 2.80987164e-01
   2.67993006e-01 2.59267201e-01 2.48955746e-01 2.40286942e-01
   2.29749899e-01 2.16038413e-01 2.07355238e-01 1.96955750e-01
   1.90649378e-01 1.82253969e-01 1.73566145e-01 1.66984615e-01
   1.59662982e-01 1.52444977e-01 1.45264749e-01 1.37777816e-01
   1.30957031e-01 1.26770219e-01 1.21699789e-01 1.17000426e-01
   1.12448594e-01]
  [5.37311215e-01 5.17098871e-01 5.14925099e-01 5.12768539e-01
   5.08315329e-01 5.07515557e-01 5.02962529e-01 4.96238618e-01
   4.92548864e-01 4.93340882e-01 4.92239217e-01 4.88420136e-01
   4.87029857e-01 4.84176177e-01 4.83823083e-01 4.83289109e-01
   4.82102925e-01 4.76718394e-01 4.74567706e-01 4.69366132e-01
   4.68366408e-01 4.64579451e-01 4.60166037e-01 4.57487048e-01
   4.53424861e-01 4.52468074e-01 4.50442932e-01 4.46801894e-01
   4.45856806e-01 4.46045053e-01 4.44987247e-01 4.42867082e-01
   4.39427979e-01]
  [5.47772128e-01 5.22431402e-01 5.20729676e-01 5.20138926e-01
   5.16230632e-01 5.16319115e-01 5.13897063e-01 5.08780637e-01
   5.07948707e-01 5.11454727e-01 5.12003764e-01 5.09297177e-01
   5.10884916e-01 5.08706268e-01 5.09458736e-01 5.10175429e-01
   5.11216398e-01 5.08730573e-01 5.08104150e-01 5.04811723e-01
   5.03782986e-01 5.01636246e-01 4.98591251e-01 4.97363241e-01
   4.95747524e-01 4.96677092e-01 4.96141363e-01 4.94659217e-01
   4.96783833e-01 4.97770478e-01 4.98018405e-01 4.96169855e-01
   4.92956218e-01]
  [1.14791711e-01 7.21707842e-02 4.30878552e-02 2.80320578e-02
   1.71937954e-02 1.02343750e-02 6.83816652e-03 4.46391558e-03
   2.81815785e-03 1.73696508e-03 1.15497193e-03 7.03989150e-04
   5.06758618e-04 2.66688477e-04 1.74468353e-04 1.31153653e-04
   6.55308207e-05 4.86188974e-05 3.53122438e-05 1.75769496e-05
   1.79205304e-05 1.44771837e-05 8.75131641e-06 4.57309808e-06
   2.47333427e-06 2.87287533e-06 1.32320981e-06 9.99886527e-07
   4.85685830e-07 1.58334772e-07 1.09951928e-07 4.80904082e-08
   2.88546982e-08]]

 [[5.73658340e-04 1.61601697e-06 5.08639849e-12 0.00000000e+00
   0.00000000e+00 0.00000000e+00 0.00000000e+00 0.00000000e+00
   0.00000000e+00 0.00000000e+00 0.00000000e+00 0.00000000e+00
   0.00000000e+00 0.00000000e+00 0.00000000e+00 0.00000000e+00
   0.00000000e+00 0.00000000e+00 0.00000000e+00 0.00000000e+00
   0.00000000e+00 0.00000000e+00 0.00000000e+00 0.00000000e+00
   0.00000000e+00 0.00000000e+00 0.00000000e+00 0.00000000e+00
   0.00000000e+00 0.00000000e+00 0.00000000e+00 0.00000000e+00
   0.00000000e+00]
  [1.28741607e-02 3.52197939e-03 4.67227660e-04 7.84785284e-05
   1.69088251e-05 3.25895532e-06 1.02641090e-05 5.02901470e-08
   4.47219831e-08 1.48477669e-10 1.57425650e-12 1.70146860e-14
   2.48746986e-13 0.00000000e+00 0.00000000e+00 0.00000000e+00
   0.00000000e+00 0.00000000e+00 0.00000000e+00 0.00000000e+00
   0.00000000e+00 0.00000000e+00 0.00000000e+00 0.00000000e+00
   0.00000000e+00 0.00000000e+00 0.00000000e+00 0.00000000e+00
   0.00000000e+00 0.00000000e+00 0.00000000e+00 0.00000000e+00
   0.00000000e+00]
  [9.43438453e-02 5.91343477e-02 3.63414412e-02 2.15255338e-02
   1.09776137e-02 5.09132120e-03 3.31318204e-03 2.51814526e-03
   1.40037736e-03 5.09262960e-04 2.27712240e-04 1.71492018e-04
   2.06680187e-04 3.13723358e-05 4.14785658e-05 3.29686682e-06
   1.83196269e-07 1.02162136e-07 3.20813224e-09 2.13384251e-09
   1.76121959e-11 2.05130131e-12 4.43523692e-12 4.36860722e-12
   2.69093288e-12 3.39971384e-14 2.13537706e-14 7.04991621e-17
   1.48029737e-19 7.77156117e-19 3.33066907e-18 1.25455202e-17
   3.70074342e-20]
  [1.09082306e-01 7.48127924e-02 4.65496035e-02 2.80417601e-02
   1.49918066e-02 7.56698377e-03 4.61097077e-03 3.05635511e-03
   1.91672260e-03 1.04355424e-03 5.06685370e-04 2.54039860e-04
   2.28060510e-04 6.30293237e-05 4.20850486e-05 6.45344014e-06
   1.56207301e-06 1.46078891e-06 6.57730631e-08 7.14335861e-09
   2.14960457e-10 1.02787122e-10 1.87061968e-10 2.89774618e-10
   3.75057214e-10 5.60296898e-12 3.11150957e-13 1.82461453e-15
   1.15093120e-17 1.75785312e-17 5.46969877e-17 1.48362804e-16
   7.03141249e-19]
  [1.12340383e-01 7.88019123e-02 4.81607570e-02 2.85699729e-02
   1.55466511e-02 8.14661898e-03 4.83255894e-03 3.04255660e-03
   1.92265837e-03 1.15973832e-03 6.00483796e-04 2.84629486e-04
   2.03636110e-04 7.80929682e-05 3.43647220e-05 7.91259465e-06
   2.68081378e-06 2.88572811e-06 1.64089902e-07 1.14450963e-08
   6.95500365e-10 3.94208144e-10 6.47375961e-10 1.12914305e-09
   1.70066125e-09 3.30302200e-11 1.06640297e-12 8.75736520e-15
   9.59602768e-17 5.99890508e-17 1.54617060e-16 3.50497409e-16
   2.40548322e-18]
  [6.38274146e-01 6.06250456e-01 5.78546301e-01 5.58548474e-01
   5.46066305e-01 5.37845809e-01 5.33336159e-01 5.35741718e-01
   5.30657108e-01 5.30409028e-01 5.31150104e-01 5.29487078e-01
   5.24118028e-01 5.20751423e-01 5.20285634e-01 5.20942995e-01
   5.22119505e-01 5.23304458e-01 5.25549762e-01 5.23631425e-01
   5.22897401e-01 5.23093846e-01 5.23295982e-01 5.22461667e-01
   5.20534172e-01 5.17473868e-01 5.15866396e-01 5.14042240e-01
   5.14558341e-01 5.14067197e-01 5.12686658e-01 5.12460594e-01
   5.11118582e-01]]] 
Error up: 
[[[1.40459469e-01 1.62222246e-01 1.68315616e-01 1.69715216e-01
   1.50182007e-01 1.55209796e-01 1.56155076e-01 1.57809805e-01
   1.61177656e-01 1.62518810e-01 1.64522746e-01 1.58502706e-01
   1.50443075e-01 1.53259401e-01 1.50210203e-01 1.56448205e-01
   1.59414285e-01 1.64691655e-01 1.70505930e-01 1.80360374e-01
   1.87840552e-01 1.95679720e-01 2.02025437e-01 2.07695380e-01
   2.07036058e-01 2.02241206e-01 2.06777190e-01 2.10937827e-01
   2.10023827e-01 2.09909934e-01 2.17620815e-01 2.20538874e-01
   2.22812011e-01]
  [5.49748351e-01 2.32426392e-01 1.49375384e-01 1.58913306e-01
   7.95486686e-02 3.88773300e-02 2.03570822e-02 2.76839129e-03
   1.32047015e-03 8.50262180e-04 1.76347142e-04 1.77227892e-05
   1.74379099e-05 4.47889604e-06 4.04556284e-07 4.83821248e-08
   2.24027313e-07 2.44822138e-08 2.38409926e-09 1.49254787e-10
   9.10246906e-12 6.14081599e-13 3.92707039e-14 3.26059870e-15
   1.85209752e-16 0.00000000e+00 0.00000000e+00 0.00000000e+00
   0.00000000e+00 0.00000000e+00 0.00000000e+00 0.00000000e+00
   0.00000000e+00]
  [4.22362786e-01 1.70567350e-01 8.89901142e-02 1.01440421e-01
   2.97933911e-02 2.12258404e-02 3.42539664e-02 1.59656348e-02
   5.31547949e-03 7.83018322e-04 9.28115085e-05 1.07434721e-05
   3.14377914e-06 5.48093354e-07 6.57569833e-08 6.26203137e-09
   4.82893615e-09 9.44068151e-10 1.43354716e-10 9.79471638e-12
   3.87527662e-12 2.88946956e-13 1.95306335e-14 1.57934884e-15
   1.10874273e-16 0.00000000e+00 0.00000000e+00 0.00000000e+00
   0.00000000e+00 0.00000000e+00 0.00000000e+00 0.00000000e+00
   0.00000000e+00]
  [2.11825204e-01 1.57092330e-01 9.27501696e-02 2.74386087e-02
   7.05075796e-03 3.08001806e-03 3.79869010e-03 3.75238794e-04
   9.29088624e-06 2.00725987e-07 4.33034147e-09 5.03517507e-11
   5.33865706e-11 8.68580215e-13 2.31881921e-14 2.21822560e-16
   1.10985295e-15 0.00000000e+00 0.00000000e+00 0.00000000e+00
   0.00000000e+00 0.00000000e+00 0.00000000e+00 0.00000000e+00
   0.00000000e+00 0.00000000e+00 0.00000000e+00 0.00000000e+00
   0.00000000e+00 0.00000000e+00 0.00000000e+00 0.00000000e+00
   0.00000000e+00]
  [1.40518560e-01 2.02193248e-01 6.52994231e-02 1.57236600e-02
   2.50400944e-03 4.95563542e-04 2.76544629e-04 7.97002709e-06
   8.48974394e-08 2.59148441e-10 5.23217700e-13 9.60600315e-16
   1.15424707e-14 0.00000000e+00 0.00000000e+00 0.00000000e+00
   0.00000000e+00 0.00000000e+00 0.00000000e+00 0.00000000e+00
   0.00000000e+00 0.00000000e+00 0.00000000e+00 0.00000000e+00
   0.00000000e+00 0.00000000e+00 0.00000000e+00 0.00000000e+00
   0.00000000e+00 0.00000000e+00 0.00000000e+00 0.00000000e+00
   0.00000000e+00]
  [2.41545466e-03 6.27333443e-04 5.21802768e-04 2.31423587e-07
   1.55593681e-12 2.91565371e-12 7.36856900e-11 9.98201521e-16
   0.00000000e+00 0.00000000e+00 0.00000000e+00 0.00000000e+00
   0.00000000e+00 0.00000000e+00 0.00000000e+00 0.00000000e+00
   0.00000000e+00 0.00000000e+00 0.00000000e+00 0.00000000e+00
   0.00000000e+00 0.00000000e+00 0.00000000e+00 0.00000000e+00
   0.00000000e+00 0.00000000e+00 0.00000000e+00 0.00000000e+00
   0.00000000e+00 0.00000000e+00 0.00000000e+00 0.00000000e+00
   0.00000000e+00]]

 [[3.06747925e-01 4.28862971e-01 1.81903656e-01 1.04709990e-01
   7.05893753e-02 5.96612978e-03 8.82650741e-04 5.22858069e-04
   2.08244400e-05 2.75613278e-07 7.07528162e-07 2.80488417e-09
   3.80800764e-10 7.85487700e-11 8.78322620e-10 2.54234004e-12
   4.99433828e-15 3.21857356e-15 2.21970590e-16 0.00000000e+00
   0.00000000e+00 0.00000000e+00 0.00000000e+00 0.00000000e+00
   0.00000000e+00 0.00000000e+00 0.00000000e+00 0.00000000e+00
   0.00000000e+00 0.00000000e+00 0.00000000e+00 0.00000000e+00
   0.00000000e+00]
  [2.72802278e-01 2.49710744e-01 2.17349153e-01 2.03393826e-01
   2.06187442e-01 2.25524001e-01 2.41532831e-01 2.59601253e-01
   2.63392440e-01 2.69644180e-01 2.64889004e-01 2.65302820e-01
   2.64802744e-01 2.67766999e-01 2.73201709e-01 2.80895181e-01
   2.82824090e-01 2.82012249e-01 2.78290960e-01 2.75924230e-01
   2.79391894e-01 2.84328396e-01 2.87315288e-01 2.84306706e-01
   2.83614689e-01 2.82451238e-01 2.79008637e-01 2.82376206e-01
   2.79542768e-01 2.79918576e-01 2.73770201e-01 2.72607718e-01
   2.72668978e-01]
  [2.71653670e-01 3.75719350e-01 3.09088387e-01 3.55595115e-01
   2.74747884e-01 2.90359149e-01 1.97313864e-01 1.93543515e-01
   1.47481299e-01 1.21983572e-01 9.09685669e-02 7.63139403e-02
   6.31417923e-02 4.37112197e-02 3.05789194e-02 2.18752326e-02
   1.33566065e-02 1.26279312e-02 6.49550700e-03 8.74263527e-03
   7.31178767e-03 4.55876633e-03 2.87276819e-03 3.00018872e-03
   1.60259889e-03 2.46051181e-03 3.02642116e-03 4.04182138e-03
   5.19501709e-03 2.86050093e-03 1.76542297e-03 9.08321452e-04
   6.63167654e-04]
  [4.04821545e-01 2.63523332e-01 3.17418056e-01 3.27106981e-01
   3.01001747e-01 2.26083721e-01 2.40748914e-01 1.82537748e-01
   1.64804904e-01 1.30957751e-01 1.09613262e-01 7.92734007e-02
   8.45499635e-02 4.50118107e-02 3.75371825e-02 2.81452410e-02
   2.46874256e-02 2.29017725e-02 1.52042854e-02 1.39722365e-02
   1.91035994e-02 8.76730576e-03 4.75752737e-03 8.32859484e-03
   4.00153680e-03 2.71858571e-03 3.40976909e-03 3.11673144e-03
   2.51975153e-03 1.64234091e-03 9.56405232e-04 5.21680169e-04
   4.64423675e-04]
  [4.31419685e-01 2.60882711e-01 3.13095117e-01 3.10403045e-01
   3.12462406e-01 2.38361955e-01 2.40588271e-01 1.84114069e-01
   1.60119655e-01 1.45002841e-01 1.13542724e-01 9.43343428e-02
   8.46244589e-02 5.94619234e-02 4.77577970e-02 3.92896216e-02
   3.33564298e-02 3.26889455e-02 2.20147080e-02 2.29323380e-02
   2.88281055e-02 1.64735075e-02 9.93195408e-03 1.35697198e-02
   7.94942507e-03 4.51489801e-03 3.75434537e-03 2.42962915e-03
   2.46925314e-03 1.14553111e-03 5.71400364e-04 7.08682166e-04
   1.11178286e-03]
  [3.00654779e-01 5.93071820e-02 3.08501155e-02 2.68036770e-02
   5.80051824e-03 3.24048649e-03 2.42262998e-04 1.74702406e-05
   5.18658293e-05 5.92940465e-06 1.11067528e-06 5.57112604e-06
   1.06550231e-07 6.15366146e-10 9.60723894e-10 1.89334239e-11
   7.20294565e-14 1.10985295e-16 0.00000000e+00 0.00000000e+00
   0.00000000e+00 0.00000000e+00 0.00000000e+00 0.00000000e+00
   0.00000000e+00 0.00000000e+00 0.00000000e+00 0.00000000e+00
   0.00000000e+00 0.00000000e+00 0.00000000e+00 0.00000000e+00
   0.00000000e+00]]

 [[5.52048718e-01 3.20609135e-01 1.91846708e-01 1.43263214e-01
   1.19324791e-01 1.32142439e-01 1.79514355e-01 8.01991458e-02
   4.66926707e-07 1.03322784e-06 6.18797963e-06 2.75462371e-05
   1.32000136e-07 7.22301998e-11 1.36814185e-14 1.05796426e-15
   1.68585146e-14 0.00000000e+00 0.00000000e+00 0.00000000e+00
   0.00000000e+00 0.00000000e+00 0.00000000e+00 0.00000000e+00
   0.00000000e+00 0.00000000e+00 0.00000000e+00 0.00000000e+00
   0.00000000e+00 0.00000000e+00 0.00000000e+00 0.00000000e+00
   0.00000000e+00]
  [3.43765466e-01 3.29642425e-01 3.12245374e-01 3.10979432e-01
   3.02966309e-01 2.60232677e-01 2.33979601e-01 2.02847691e-01
   1.54906207e-01 1.18161748e-01 1.03097265e-01 7.10933212e-02
   6.06914325e-02 5.78521608e-02 4.55774954e-02 2.90425714e-02
   1.91438492e-02 1.78459331e-02 1.23689603e-02 1.07597195e-02
   6.57827932e-03 5.45020248e-03 3.45931307e-03 3.44680873e-03
   2.03819635e-03 1.17840603e-03 9.39236089e-04 1.58527331e-03
   4.22947404e-04 2.30927083e-04 1.37668155e-04 5.02459664e-05
   3.51623406e-05]
  [1.88905957e-01 2.29938336e-01 2.81221033e-01 2.81519779e-01
   2.48479469e-01 2.48587878e-01 2.66921337e-01 2.71079294e-01
   2.64965702e-01 2.68168073e-01 2.68358049e-01 2.77870143e-01
   2.77789403e-01 2.74328641e-01 2.72599909e-01 2.76696957e-01
   2.75073896e-01 2.73613307e-01 2.68539239e-01 2.65575323e-01
   2.70816095e-01 2.68698026e-01 2.65281619e-01 2.68313982e-01
   2.66854949e-01 2.64431737e-01 2.65429018e-01 2.61193434e-01
   2.62850394e-01 2.64935505e-01 2.66551753e-01 2.67737637e-01
   2.70057429e-01]
  [2.89634391e-01 2.58528473e-01 2.72389456e-01 2.85914133e-01
   2.82829381e-01 2.90761698e-01 3.04055667e-01 3.03520528e-01
   3.01900615e-01 3.04034119e-01 3.13786347e-01 3.19336325e-01
   3.25685567e-01 3.24265710e-01 3.22352110e-01 3.25314606e-01
   3.28305289e-01 3.35957199e-01 3.37126666e-01 3.43817018e-01
   3.41130556e-01 3.44645301e-01 3.40606102e-01 3.37023888e-01
   3.41570735e-01 3.39777647e-01 3.35709677e-01 3.37328184e-01
   3.35512658e-01 3.31057993e-01 3.36995853e-01 3.37528068e-01
   3.39709352e-01]
  [3.35389433e-01 3.26456271e-01 3.20776483e-01 2.93325289e-01
   2.96273011e-01 3.15072235e-01 3.30786496e-01 3.42351249e-01
   3.44152088e-01 3.32024002e-01 3.29495587e-01 3.42206195e-01
   3.40174864e-01 3.48149948e-01 3.38648385e-01 3.50566743e-01
   3.48579941e-01 3.45799660e-01 3.44918264e-01 3.50719354e-01
   3.45816915e-01 3.50045454e-01 3.38628873e-01 3.30934149e-01
   3.29343994e-01 3.27405634e-01 3.20475653e-01 3.20542935e-01
   3.06831615e-01 3.04126201e-01 3.07464748e-01 3.04895603e-01
   3.00844895e-01]
  [2.73832053e-01 2.42169957e-01 1.80765842e-01 1.11648607e-01
   7.76203520e-02 6.31376943e-02 4.18123225e-02 3.34850928e-02
   2.39468592e-02 1.25370664e-02 1.07022982e-02 7.32921284e-03
   3.79519912e-03 2.68670451e-03 2.54767133e-03 8.91385803e-04
   3.61891451e-04 7.93155863e-04 3.25996873e-04 1.45393689e-04
   6.64231055e-05 4.51733169e-05 2.56489141e-05 7.59035520e-06
   2.92052508e-06 1.33251715e-06 5.55894792e-07 2.48976860e-07
   2.92505048e-07 1.82841656e-07 6.61546981e-07 2.66279765e-07
   1.67835022e-07]]

 [[3.95939014e-01 9.49363951e-02 4.04700049e-02 5.02402304e-02
   6.92691498e-06 2.01036064e-08 2.62687872e-10 1.03327310e-13
   0.00000000e+00 0.00000000e+00 0.00000000e+00 0.00000000e+00
   0.00000000e+00 0.00000000e+00 0.00000000e+00 0.00000000e+00
   0.00000000e+00 0.00000000e+00 0.00000000e+00 0.00000000e+00
   0.00000000e+00 0.00000000e+00 0.00000000e+00 0.00000000e+00
   0.00000000e+00 0.00000000e+00 0.00000000e+00 0.00000000e+00
   0.00000000e+00 0.00000000e+00 0.00000000e+00 0.00000000e+00
   0.00000000e+00]
  [3.62349030e-01 3.09474297e-01 3.13421210e-01 3.45170171e-01
   3.22277746e-01 2.57934843e-01 2.51653024e-01 2.07104653e-01
   1.77681255e-01 1.47346866e-01 1.36363562e-01 9.39422024e-02
   9.65938929e-02 6.58293218e-02 6.51260911e-02 5.08710260e-02
   3.57710122e-02 2.35100292e-02 1.90225543e-02 1.49875368e-02
   9.26543131e-03 4.39864393e-03 2.53029427e-03 1.90838360e-03
   2.09733672e-03 1.71047681e-03 1.26913347e-03 5.79982511e-04
   3.83237419e-04 1.41998668e-04 1.24966566e-04 1.02914810e-04
   9.03581505e-05]
  [2.50453631e-01 2.72364482e-01 3.18938304e-01 2.75244148e-01
   3.02867471e-01 2.86572830e-01 2.98881392e-01 3.04785016e-01
   3.14567295e-01 3.19338516e-01 3.30959427e-01 3.25111658e-01
   3.26015373e-01 3.30881817e-01 3.33689665e-01 3.29604542e-01
   3.31172835e-01 3.32233272e-01 3.37053506e-01 3.35983679e-01
   3.31396745e-01 3.27876283e-01 3.33210647e-01 3.34240063e-01
   3.35219957e-01 3.41983366e-01 3.44101469e-01 3.44229960e-01
   3.47599291e-01 3.46152408e-01 3.40295412e-01 3.44244584e-01
   3.46443967e-01]
  [2.50446418e-01 2.99712999e-01 2.55402640e-01 2.58478733e-01
   2.64583864e-01 2.62616499e-01 2.70087653e-01 2.68775314e-01
   2.74663997e-01 2.77734082e-01 2.71638854e-01 2.79275379e-01
   2.84976735e-01 2.81120178e-01 2.84840219e-01 2.82102810e-01
   2.80636451e-01 2.78425956e-01 2.78362562e-01 2.82076773e-01
   2.81565647e-01 2.78208635e-01 2.78404011e-01 2.83005986e-01
   2.81881807e-01 2.80587113e-01 2.80130056e-01 2.81029001e-01
   2.84696644e-01 2.86680877e-01 2.81886811e-01 2.81243929e-01
   2.82078306e-01]
  [2.72498894e-01 3.07306006e-01 2.79485621e-01 2.50771924e-01
   2.62045138e-01 2.72950759e-01 2.80836690e-01 2.92409856e-01
   2.95897315e-01 2.97298192e-01 2.95833492e-01 2.93661120e-01
   2.96596264e-01 2.95907536e-01 3.00422803e-01 2.98034255e-01
   2.96623832e-01 3.00099341e-01 3.03755007e-01 3.06470569e-01
   3.02529183e-01 3.00765777e-01 3.05582988e-01 3.05952201e-01
   3.08130574e-01 3.09518916e-01 3.10814435e-01 3.09864404e-01
   3.08563783e-01 3.13768492e-01 3.15911465e-01 3.14863315e-01
   3.15037731e-01]
  [2.48245316e-01 3.06413281e-01 2.24570292e-01 1.29665646e-01
   9.88801775e-02 6.90724505e-02 5.71430557e-02 4.34608141e-02
   4.38365111e-02 2.38699136e-02 2.03566756e-02 1.22379028e-02
   8.76606572e-03 8.38944611e-03 4.33385294e-03 2.27063366e-03
   2.29625941e-03 1.84365276e-03 1.50787550e-03 1.12039439e-03
   5.35419821e-04 1.74877557e-04 1.58156185e-04 1.41768629e-04
   9.96807483e-05 1.08581922e-04 4.15951266e-05 1.34378728e-05
   2.00078977e-05 1.39890843e-05 5.57498803e-06 1.72484467e-06
   7.41176835e-07]]

 [[3.12964608e-01 1.17429291e-01 3.96039316e-02 1.11499745e-03
   5.67096800e-06 2.59747266e-08 1.44424776e-12 1.10948288e-16
   1.88675002e-15 0.00000000e+00 0.00000000e+00 0.00000000e+00
   0.00000000e+00 0.00000000e+00 0.00000000e+00 0.00000000e+00
   0.00000000e+00 0.00000000e+00 0.00000000e+00 0.00000000e+00
   0.00000000e+00 0.00000000e+00 0.00000000e+00 0.00000000e+00
   0.00000000e+00 0.00000000e+00 0.00000000e+00 0.00000000e+00
   0.00000000e+00 0.00000000e+00 0.00000000e+00 0.00000000e+00
   0.00000000e+00]
  [3.45728980e-01 2.93186584e-01 3.16108747e-01 3.50695248e-01
   3.01342878e-01 2.57656669e-01 2.24296938e-01 1.92159147e-01
   1.73159212e-01 1.47194099e-01 1.28782814e-01 1.39810622e-01
   1.07257291e-01 9.21665325e-02 6.26712764e-02 5.02028193e-02
   3.81602565e-02 3.92346009e-02 2.00140648e-02 7.97959973e-03
   3.75279617e-03 4.48063846e-03 4.68700591e-03 8.57487259e-03
   5.71057323e-03 1.06379073e-02 3.65819178e-03 1.55902449e-03
   3.36215835e-03 7.33630835e-03 1.27226365e-02 5.54469179e-03
   4.99311680e-05]
  [2.50498382e-01 2.95074771e-01 3.67776984e-01 2.96737915e-01
   3.11848206e-01 3.10830615e-01 3.19955435e-01 3.16255776e-01
   3.21374516e-01 3.31944343e-01 3.32222137e-01 3.26605934e-01
   3.23609731e-01 3.30993487e-01 3.32562214e-01 3.38982901e-01
   3.36743531e-01 3.34377625e-01 3.34137307e-01 3.36903998e-01
   3.33584163e-01 3.36668028e-01 3.26437759e-01 3.18156271e-01
   3.19455644e-01 3.10231498e-01 3.03328487e-01 2.99816421e-01
   2.96630268e-01 2.89187938e-01 2.86681801e-01 2.83084411e-01
   2.80736588e-01]
  [2.24763493e-01 3.09176297e-01 2.55595084e-01 2.64533427e-01
   2.68341062e-01 2.58227196e-01 2.65514372e-01 2.66040126e-01
   2.70411889e-01 2.75461769e-01 2.75011854e-01 2.74475956e-01
   2.77916005e-01 2.78788206e-01 2.75477409e-01 2.77883784e-01
   2.81990447e-01 2.80773242e-01 2.81724046e-01 2.79722420e-01
   2.86544255e-01 2.88902619e-01 2.90006220e-01 2.88182156e-01
   2.93315240e-01 2.92058399e-01 2.95961281e-01 2.93498180e-01
   2.93560613e-01 2.94258810e-01 2.95413704e-01 2.96159210e-01
   2.99526271e-01]
  [2.35566313e-01 2.88776692e-01 2.60532236e-01 2.49420815e-01
   2.60481294e-01 2.53003139e-01 2.59882192e-01 2.70641798e-01
   2.73252496e-01 2.68138489e-01 2.68298920e-01 2.68972833e-01
   2.63209848e-01 2.71218612e-01 2.69435643e-01 2.63705503e-01
   2.72402365e-01 2.66676453e-01 2.68234474e-01 2.71420489e-01
   2.72489900e-01 2.73058470e-01 2.75127979e-01 2.78930678e-01
   2.77267700e-01 2.75896107e-01 2.76820954e-01 2.78915043e-01
   2.80305495e-01 2.82772634e-01 2.82140781e-01 2.84000468e-01
   2.85169111e-01]
  [2.46949500e-01 3.21689181e-01 2.21390175e-01 1.47592730e-01
   1.02242802e-01 6.83768965e-02 6.37574106e-02 4.96706781e-02
   4.18283495e-02 2.70226957e-02 2.07232467e-02 1.48090535e-02
   1.67382657e-02 9.09622958e-03 7.49090697e-03 6.55746061e-03
   2.75659556e-03 2.76901347e-03 2.77042194e-03 1.25907838e-03
   2.55790989e-03 2.43699977e-03 1.34117014e-03 8.65383047e-04
   4.78909062e-04 9.77139471e-04 3.67740420e-04 3.93027421e-04
   1.52180860e-04 3.13266582e-05 2.49992544e-05 1.05134933e-05
   7.05746340e-06]]

 [[1.94230339e-01 2.42240928e-03 1.52541091e-08 0.00000000e+00
   0.00000000e+00 0.00000000e+00 0.00000000e+00 0.00000000e+00
   0.00000000e+00 0.00000000e+00 0.00000000e+00 0.00000000e+00
   0.00000000e+00 0.00000000e+00 0.00000000e+00 0.00000000e+00
   0.00000000e+00 0.00000000e+00 0.00000000e+00 0.00000000e+00
   0.00000000e+00 0.00000000e+00 0.00000000e+00 0.00000000e+00
   0.00000000e+00 0.00000000e+00 0.00000000e+00 0.00000000e+00
   0.00000000e+00 0.00000000e+00 0.00000000e+00 0.00000000e+00
   0.00000000e+00]
  [2.12976690e-01 1.55703938e-01 5.33831241e-02 1.98210825e-02
   1.12516849e-02 2.00293697e-03 1.24581191e-02 4.51714735e-05
   7.47469041e-05 2.22561622e-07 3.32650491e-09 5.10168291e-11
   7.45992211e-10 0.00000000e+00 0.00000000e+00 0.00000000e+00
   0.00000000e+00 0.00000000e+00 0.00000000e+00 0.00000000e+00
   0.00000000e+00 0.00000000e+00 0.00000000e+00 0.00000000e+00
   0.00000000e+00 0.00000000e+00 0.00000000e+00 0.00000000e+00
   0.00000000e+00 0.00000000e+00 0.00000000e+00 0.00000000e+00
   0.00000000e+00]
  [5.48864569e-01 2.39633549e-01 2.72362283e-01 3.50387693e-01
   2.49390562e-01 1.67936211e-01 1.94728608e-01 2.61992669e-01
   1.62157458e-01 7.51553966e-02 8.31475469e-02 1.19454130e-01
   1.67104914e-01 2.20526934e-02 4.21921755e-02 2.11946911e-03
   1.15828880e-04 6.37746706e-05 2.21479018e-06 3.64394055e-06
   1.45736463e-08 1.37514515e-09 5.63024912e-09 8.09908632e-09
   5.70164384e-09 5.81171333e-11 4.49520404e-11 1.48250290e-13
   4.43941180e-16 2.33069120e-15 9.98867655e-15 3.76240150e-14
   1.10985295e-16]
  [5.51488724e-01 2.63716525e-01 3.16232346e-01 3.94492013e-01
   2.66813484e-01 1.86909795e-01 1.92547276e-01 2.40510241e-01
   1.64670249e-01 1.39114008e-01 1.25178662e-01 6.48220968e-02
   1.04848340e-01 2.84684188e-02 3.58623502e-02 2.71232963e-03
   1.42763814e-03 1.24098047e-03 6.49759354e-05 5.38276676e-06
   9.23213156e-08 6.42413658e-08 2.45930653e-07 6.05120992e-07
   1.12465364e-06 1.17279099e-08 4.58638944e-10 2.31522837e-12
   1.28993952e-14 3.03086588e-14 1.64036266e-13 4.44940048e-13
   2.10872061e-15]
  [5.63383544e-01 2.59905164e-01 3.22755772e-01 3.97656786e-01
   2.44812952e-01 1.86863393e-01 1.84960259e-01 1.75720880e-01
   1.45494571e-01 1.50505363e-01 1.52811834e-01 5.51826857e-02
   7.13994397e-02 3.30843106e-02 1.86845801e-02 3.40537204e-03
   2.06292943e-03 2.63050772e-03 1.64440974e-04 7.35571225e-06
   2.52696092e-07 2.42363729e-07 8.49870462e-07 2.37495094e-06
   5.09969985e-06 6.96716524e-08 1.34012915e-09 8.50146147e-12
   4.84237242e-14 5.59448219e-14 4.63696563e-13 1.05114173e-12
   7.21404418e-15]
  [2.37103318e-01 2.35667806e-01 2.53878097e-01 2.66797628e-01
   2.73259452e-01 2.76721107e-01 2.72723230e-01 2.54988413e-01
   2.44036589e-01 2.49922481e-01 2.47423169e-01 2.47554622e-01
   2.51376779e-01 2.54424173e-01 2.55423570e-01 2.57838626e-01
   2.58319060e-01 2.62732469e-01 2.64313692e-01 2.72205930e-01
   2.69861807e-01 2.71338604e-01 2.67583935e-01 2.67777479e-01
   2.73792278e-01 2.76824863e-01 2.76297581e-01 2.77437597e-01
   2.77646499e-01 2.77700183e-01 2.80175082e-01 2.79266730e-01
   2.79873212e-01]]] 
Error down: 
[[[7.78558580e-01 6.17297798e-01 5.31316495e-01 4.78833144e-01
   6.32343976e-01 5.69416093e-01 5.18908942e-01 4.81127228e-01
   4.53188447e-01 4.32665720e-01 4.24957311e-01 4.68175697e-01
   5.66783300e-01 5.44324453e-01 6.49032444e-01 6.17315414e-01
   6.45594173e-01 6.18979296e-01 5.94965407e-01 5.69795801e-01
   5.51413981e-01 5.32243008e-01 5.17924203e-01 5.03057000e-01
   5.13721093e-01 5.58229274e-01 5.46995664e-01 5.36401250e-01
   5.64290435e-01 5.83090113e-01 5.62606522e-01 5.51725721e-01
   5.42645719e-01]
  [8.21808303e-02 3.77310410e-02 1.35814336e-02 4.91533011e-03
   1.72025578e-03 5.77764813e-04 1.78457719e-04 3.02380558e-05
   1.08536020e-05 2.99074474e-06 1.03329164e-06 1.36446207e-07
   4.69099251e-08 8.47819326e-09 7.86183383e-10 1.46722547e-10
   1.56474781e-10 2.63339369e-11 3.10383164e-12 2.30131330e-13
   2.01276028e-14 1.82816617e-15 1.47437618e-16 1.02140518e-17
   5.92118946e-19 0.00000000e+00 0.00000000e+00 0.00000000e+00
   0.00000000e+00 0.00000000e+00 0.00000000e+00 0.00000000e+00
   0.00000000e+00]
  [6.80450288e-02 2.95000671e-02 1.04564890e-02 3.39223129e-03
   9.57857853e-04 4.00855992e-04 1.87914902e-04 9.26906822e-05
   2.10371771e-05 3.28468978e-06 5.08666726e-07 8.21728362e-08
   1.35954770e-08 2.02020857e-09 1.84013615e-10 2.31724404e-11
   1.11944789e-11 2.45242362e-12 2.72708768e-13 2.27934506e-14
   8.35613919e-15 8.02125480e-16 6.60952774e-17 4.14483263e-18
   1.48029737e-19 0.00000000e+00 0.00000000e+00 0.00000000e+00
   0.00000000e+00 0.00000000e+00 0.00000000e+00 0.00000000e+00
   0.00000000e+00]
  [3.37463990e-02 5.99564245e-03 1.72263369e-03 3.66616923e-04
   3.50730623e-05 1.33253147e-05 5.10675803e-06 7.66355526e-07
   2.93070120e-08 5.97304725e-10 1.27814288e-11 2.33787174e-13
   7.32975074e-14 1.65506989e-15 1.54691075e-17 2.22044605e-19
   3.70074342e-19 0.00000000e+00 0.00000000e+00 0.00000000e+00
   0.00000000e+00 0.00000000e+00 0.00000000e+00 0.00000000e+00
   0.00000000e+00 0.00000000e+00 0.00000000e+00 0.00000000e+00
   0.00000000e+00 0.00000000e+00 0.00000000e+00 0.00000000e+00
   0.00000000e+00]
  [1.72724444e-02 3.34266554e-03 7.57807352e-04 8.34624363e-05
   5.85243807e-06 1.06567452e-06 3.31518530e-07 1.30643745e-08
   1.12737747e-10 4.15038960e-13 1.62415554e-15 4.55191440e-18
   3.84877315e-18 0.00000000e+00 0.00000000e+00 0.00000000e+00
   0.00000000e+00 0.00000000e+00 0.00000000e+00 0.00000000e+00
   0.00000000e+00 0.00000000e+00 0.00000000e+00 0.00000000e+00
   0.00000000e+00 0.00000000e+00 0.00000000e+00 0.00000000e+00
   0.00000000e+00 0.00000000e+00 0.00000000e+00 0.00000000e+00
   0.00000000e+00]
  [4.99080516e-05 4.63576628e-06 3.45763061e-07 4.13328985e-10
   4.49130904e-15 2.23639625e-15 2.45700867e-14 9.99200722e-19
   0.00000000e+00 0.00000000e+00 0.00000000e+00 0.00000000e+00
   0.00000000e+00 0.00000000e+00 0.00000000e+00 0.00000000e+00
   0.00000000e+00 0.00000000e+00 0.00000000e+00 0.00000000e+00
   0.00000000e+00 0.00000000e+00 0.00000000e+00 0.00000000e+00
   0.00000000e+00 0.00000000e+00 0.00000000e+00 0.00000000e+00
   0.00000000e+00 0.00000000e+00 0.00000000e+00 0.00000000e+00
   0.00000000e+00]]

 [[4.09248974e-02 1.69401855e-02 4.12044231e-03 1.07504095e-03
   3.65231670e-04 2.99022522e-05 2.78022182e-06 8.79366280e-07
   6.16659477e-08 6.61905229e-10 7.54265873e-10 3.01495067e-12
   2.26743896e-13 3.97332103e-14 2.92874272e-13 8.47751067e-16
   1.66533454e-18 1.07321559e-18 7.40148683e-20 0.00000000e+00
   0.00000000e+00 0.00000000e+00 0.00000000e+00 0.00000000e+00
   0.00000000e+00 0.00000000e+00 0.00000000e+00 0.00000000e+00
   0.00000000e+00 0.00000000e+00 0.00000000e+00 0.00000000e+00
   0.00000000e+00]
  [4.22970180e-01 3.58735289e-01 3.67888213e-01 4.10498395e-01
   4.34483717e-01 3.93584584e-01 3.71376494e-01 3.47393658e-01
   3.48758737e-01 3.37550039e-01 3.41565785e-01 3.41868437e-01
   3.43494690e-01 3.43734884e-01 3.43060569e-01 3.30058049e-01
   3.25994779e-01 3.22747025e-01 3.19655042e-01 3.22979465e-01
   3.19598746e-01 3.14214501e-01 3.05415392e-01 3.06817528e-01
   3.01757948e-01 2.98861221e-01 2.99218905e-01 2.93270073e-01
   2.94823812e-01 2.87873828e-01 2.90344066e-01 2.93493516e-01
   2.92591508e-01]
  [2.52140008e-01 1.43755280e-01 1.30825546e-01 8.57305403e-02
   6.86615389e-02 4.66992119e-02 3.53374498e-02 2.38360446e-02
   1.68093143e-02 1.06275651e-02 7.44891386e-03 4.74576761e-03
   3.65195536e-03 2.10688230e-03 1.42947805e-03 8.72544603e-04
   5.51332553e-04 3.31234230e-04 2.02192162e-04 1.51030114e-04
   1.05649792e-04 5.96167581e-05 3.94150495e-05 3.20773267e-05
   1.79471179e-05 1.68924568e-05 1.99488919e-05 1.73846992e-05
   1.87662754e-05 1.09562424e-05 6.84583509e-06 4.04573134e-06
   2.88663456e-06]
  [1.93439404e-01 1.84326884e-01 1.34872128e-01 9.60051834e-02
   7.47575741e-02 5.74595162e-02 3.93760788e-02 3.00477107e-02
   2.05267726e-02 1.40837186e-02 9.95065040e-03 6.66512579e-03
   4.93786372e-03 3.12761875e-03 2.17457606e-03 1.48462966e-03
   1.00451258e-03 7.22520415e-04 4.55063291e-04 3.22238438e-04
   2.40077135e-04 1.37380792e-04 8.88367479e-05 8.61165578e-05
   5.18782923e-05 3.55621659e-05 3.18025363e-05 2.42278440e-05
   1.96523730e-05 1.27313830e-05 7.81756627e-06 5.09446890e-06
   4.11969382e-06]
  [1.98370386e-01 1.88696213e-01 1.31107670e-01 1.00773233e-01
   7.60576530e-02 5.94129651e-02 4.25435379e-02 3.31312613e-02
   2.32066599e-02 1.59932788e-02 1.18687407e-02 8.01057439e-03
   6.03322410e-03 3.97887636e-03 2.94351648e-03 2.08355790e-03
   1.47066656e-03 1.12946762e-03 7.54097501e-04 5.50531671e-04
   4.41291071e-04 2.78101688e-04 1.82772544e-04 1.68430924e-04
   1.14814685e-04 7.11344928e-05 5.44938288e-05 3.59258076e-05
   2.69717619e-05 1.58338858e-05 9.37897608e-06 8.26541382e-06
   8.37008345e-06]
  [9.13587316e-03 2.52299455e-03 9.63014235e-04 3.22995938e-04
   4.33790439e-05 1.53976565e-05 8.70272028e-07 7.26837490e-08
   5.51826239e-08 5.66100742e-09 8.31466236e-10 1.85782643e-09
   5.22435049e-11 3.78355026e-13 4.53412570e-13 6.31362995e-15
   2.40178248e-17 3.70074342e-20 0.00000000e+00 0.00000000e+00
   0.00000000e+00 0.00000000e+00 0.00000000e+00 0.00000000e+00
   0.00000000e+00 0.00000000e+00 0.00000000e+00 0.00000000e+00
   0.00000000e+00 0.00000000e+00 0.00000000e+00 0.00000000e+00
   0.00000000e+00]]

 [[2.61163736e-02 7.63032070e-03 1.96639168e-03 6.12084843e-04
   2.24840178e-04 1.56472020e-04 1.02099961e-04 3.79828870e-05
   7.54007947e-10 1.03427861e-09 6.19440737e-09 2.75784835e-08
   2.20367506e-10 1.32187224e-13 2.33146835e-17 1.25825276e-18
   1.68753900e-17 0.00000000e+00 0.00000000e+00 0.00000000e+00
   0.00000000e+00 0.00000000e+00 0.00000000e+00 0.00000000e+00
   0.00000000e+00 0.00000000e+00 0.00000000e+00 0.00000000e+00
   0.00000000e+00 0.00000000e+00 0.00000000e+00 0.00000000e+00
   0.00000000e+00]
  [1.47663826e-01 1.12097103e-01 8.71550545e-02 6.53230004e-02
   4.70815781e-02 3.40348824e-02 2.44307711e-02 1.81784299e-02
   1.20132078e-02 8.23962057e-03 5.50461576e-03 3.82890592e-03
   2.59068811e-03 1.74304859e-03 1.29129576e-03 8.54711919e-04
   5.64534846e-04 4.12095143e-04 2.77956242e-04 2.11923506e-04
   1.28650159e-04 9.98873807e-05 5.95848151e-05 4.56492181e-05
   2.67727651e-05 1.65489224e-05 1.18520030e-05 1.17505444e-05
   5.14618049e-06 2.69821876e-06 1.53686365e-06 6.92659447e-07
   4.93563850e-07]
  [3.33051183e-01 3.47225283e-01 2.72179327e-01 2.54033810e-01
   2.89813017e-01 2.95282347e-01 2.83256522e-01 2.83650959e-01
   2.87822542e-01 2.85085111e-01 2.82314780e-01 2.74982748e-01
   2.78710538e-01 2.81982992e-01 2.82898687e-01 2.79366948e-01
   2.77188854e-01 2.82922306e-01 2.83437666e-01 2.84454247e-01
   2.78436576e-01 2.82190765e-01 2.77515150e-01 2.76309588e-01
   2.79954995e-01 2.79038347e-01 2.77425219e-01 2.78960822e-01
   2.78600370e-01 2.75541979e-01 2.77627619e-01 2.76306319e-01
   2.75751365e-01]
  [2.81024924e-01 2.92118710e-01 2.67942759e-01 2.66923667e-01
   2.76857942e-01 2.73913194e-01 2.65437253e-01 2.61956999e-01
   2.62411075e-01 2.60907707e-01 2.51508097e-01 2.47421870e-01
   2.42499836e-01 2.47168117e-01 2.44755610e-01 2.40826944e-01
   2.37458838e-01 2.31732732e-01 2.29407845e-01 2.20940459e-01
   2.20779522e-01 2.14428856e-01 2.12398988e-01 2.10578593e-01
   2.07634482e-01 2.07847099e-01 2.03939662e-01 2.00289863e-01
   1.94912963e-01 1.94232372e-01 1.92417739e-01 1.89521855e-01
   1.87591347e-01]
  [3.05676628e-01 2.48318437e-01 2.32896308e-01 2.59350957e-01
   2.66254796e-01 2.55378950e-01 2.43124930e-01 2.25786174e-01
   2.22188256e-01 2.19883000e-01 2.16026972e-01 2.03723455e-01
   1.99560767e-01 1.92614737e-01 1.87685031e-01 1.78819373e-01
   1.74939467e-01 1.68652960e-01 1.64011282e-01 1.55917674e-01
   1.51069528e-01 1.43688229e-01 1.39488144e-01 1.33164531e-01
   1.28292465e-01 1.24101544e-01 1.17844129e-01 1.12539920e-01
   1.07424174e-01 1.03857225e-01 1.01029783e-01 9.63861112e-02
   9.29368735e-02]
  [9.00165331e-02 4.72680811e-02 2.57954472e-02 1.63773541e-02
   1.03135045e-02 6.87763390e-03 4.41054182e-03 2.75633227e-03
   1.57214540e-03 8.74720429e-04 5.43878740e-04 2.91531545e-04
   1.60034675e-04 9.39323109e-05 5.74218132e-05 2.34437268e-05
   1.06143192e-05 8.56386333e-06 5.15057490e-06 2.24722716e-06
   1.09781472e-06 5.98910998e-07 3.09363209e-07 1.24971675e-07
   6.22554694e-08 2.63595971e-08 1.20437027e-08 5.59274484e-09
   3.37972419e-09 2.03049709e-09 2.80971001e-09 1.32744009e-09
   7.67131940e-10]]

 [[7.91043270e-03 7.38372767e-04 8.84513896e-05 2.97564311e-05
   8.20642314e-09 2.64164028e-11 8.75919775e-14 3.44539212e-17
   0.00000000e+00 0.00000000e+00 0.00000000e+00 0.00000000e+00
   0.00000000e+00 0.00000000e+00 0.00000000e+00 0.00000000e+00
   0.00000000e+00 0.00000000e+00 0.00000000e+00 0.00000000e+00
   0.00000000e+00 0.00000000e+00 0.00000000e+00 0.00000000e+00
   0.00000000e+00 0.00000000e+00 0.00000000e+00 0.00000000e+00
   0.00000000e+00 0.00000000e+00 0.00000000e+00 0.00000000e+00
   0.00000000e+00]
  [1.29636108e-01 1.04719228e-01 7.95434111e-02 5.69255927e-02
   4.47855077e-02 3.00212215e-02 2.17780142e-02 1.50575796e-02
   1.15271218e-02 8.02640887e-03 5.59555731e-03 3.54846744e-03
   2.82160020e-03 1.84139833e-03 1.51989301e-03 1.00690826e-03
   7.02140893e-04 4.25589243e-04 2.76992245e-04 1.91270997e-04
   1.11663984e-04 6.34288485e-05 3.86961781e-05 2.85327066e-05
   2.28703560e-05 1.71920828e-05 1.17237996e-05 5.35651620e-06
   3.74747963e-06 1.72901291e-06 1.22410990e-06 9.48204550e-07
   7.04356019e-07]
  [2.89144999e-01 3.23996973e-01 2.67447901e-01 2.95744786e-01
   2.65905029e-01 2.78287204e-01 2.74760863e-01 2.71552261e-01
   2.63124845e-01 2.57652681e-01 2.52457795e-01 2.47345435e-01
   2.46141253e-01 2.39213234e-01 2.33580169e-01 2.32367159e-01
   2.29216634e-01 2.26447916e-01 2.22241332e-01 2.17849414e-01
   2.16668605e-01 2.18016051e-01 2.13365434e-01 2.12620153e-01
   2.12240929e-01 2.07237677e-01 2.05787791e-01 2.01515570e-01
   1.98041286e-01 1.95241732e-01 1.95513463e-01 1.92473872e-01
   1.88292103e-01]
  [3.35207259e-01 2.61289033e-01 2.84426079e-01 2.81922547e-01
   2.80062570e-01 2.93034327e-01 2.91825899e-01 2.99061311e-01
   2.92345726e-01 2.88853234e-01 2.95967424e-01 2.89714166e-01
   2.85814655e-01 2.88473132e-01 2.85962291e-01 2.87962225e-01
   2.84531959e-01 2.85805687e-01 2.88726195e-01 2.85964133e-01
   2.87840889e-01 2.91355521e-01 2.93224038e-01 2.95276761e-01
   2.98313185e-01 3.00210061e-01 3.01602257e-01 3.00384817e-01
   2.97449531e-01 2.94524301e-01 2.97852395e-01 2.97068115e-01
   2.95099739e-01]
  [3.59647929e-01 2.69050002e-01 2.65886391e-01 2.93248734e-01
   2.86882294e-01 2.90166987e-01 2.92355034e-01 2.85294704e-01
   2.82329368e-01 2.79415815e-01 2.80394445e-01 2.87686928e-01
   2.86255508e-01 2.83945043e-01 2.81119648e-01 2.81502226e-01
   2.79432983e-01 2.74546565e-01 2.72551383e-01 2.71853416e-01
   2.74993367e-01 2.75099300e-01 2.75013245e-01 2.77701177e-01
   2.76245399e-01 2.76398529e-01 2.73643250e-01 2.72797604e-01
   2.74965724e-01 2.70614144e-01 2.67902572e-01 2.68325806e-01
   2.69010949e-01]
  [1.07135550e-01 6.23374329e-02 3.45753938e-02 2.26026580e-02
   1.45991427e-02 9.97516108e-03 6.67234638e-03 4.25462047e-03
   2.89533004e-03 1.61897616e-03 1.19663753e-03 6.64441212e-04
   3.84424806e-04 2.52914731e-04 1.54097657e-04 8.04284379e-05
   5.56102895e-05 3.65964849e-05 2.31930523e-05 1.47352199e-05
   8.05887727e-06 3.85298466e-06 2.38285641e-06 1.89397398e-06
   1.18574797e-06 8.96604538e-07 3.63048147e-07 1.55966731e-07
   1.29651301e-07 8.70308121e-08 4.13195460e-08 1.60096855e-08
   8.03322988e-09]]

 [[3.42768932e-03 7.96383809e-04 8.21044374e-05 1.86219941e-06
   2.87386728e-09 8.66239271e-12 6.84298092e-16 7.40148683e-20
   6.29126381e-19 0.00000000e+00 0.00000000e+00 0.00000000e+00
   0.00000000e+00 0.00000000e+00 0.00000000e+00 0.00000000e+00
   0.00000000e+00 0.00000000e+00 0.00000000e+00 0.00000000e+00
   0.00000000e+00 0.00000000e+00 0.00000000e+00 0.00000000e+00
   0.00000000e+00 0.00000000e+00 0.00000000e+00 0.00000000e+00
   0.00000000e+00 0.00000000e+00 0.00000000e+00 0.00000000e+00
   0.00000000e+00]
  [1.33892911e-01 1.14540200e-01 9.06739686e-02 6.34900937e-02
   4.73331377e-02 3.28119744e-02 2.18561919e-02 1.65833983e-02
   1.20598362e-02 8.11395461e-03 5.15226838e-03 4.07131856e-03
   2.82519569e-03 2.13796563e-03 1.38787402e-03 9.46701448e-04
   6.39309565e-04 5.29970551e-04 2.61485744e-04 1.22425978e-04
   6.79957988e-05 4.92977833e-05 3.82121626e-05 3.61388113e-05
   2.26300126e-05 2.89259159e-05 1.25974522e-05 5.49716211e-06
   8.01440304e-06 1.21327926e-05 1.71145952e-05 7.73617783e-06
   3.02328165e-07]
  [2.88210053e-01 3.12294456e-01 2.43229473e-01 2.80078469e-01
   2.57848933e-01 2.52629061e-01 2.43392775e-01 2.42872810e-01
   2.32258571e-01 2.18652811e-01 2.12597499e-01 2.04463035e-01
   1.95852140e-01 1.90171129e-01 1.84415515e-01 1.78216478e-01
   1.71899184e-01 1.62814588e-01 1.57383124e-01 1.49156231e-01
   1.46052018e-01 1.39537619e-01 1.34419896e-01 1.31126838e-01
   1.25811641e-01 1.20661093e-01 1.15914175e-01 1.10271561e-01
   1.04844183e-01 1.02651630e-01 9.88481393e-02 9.52498009e-02
   9.17541056e-02]
  [3.70273396e-01 2.66302396e-01 2.95370999e-01 2.81638007e-01
   2.79172262e-01 2.90320164e-01 2.84256102e-01 2.93825891e-01
   2.91287600e-01 2.83945740e-01 2.90066576e-01 2.86245628e-01
   2.83520577e-01 2.84927931e-01 2.86045510e-01 2.84206252e-01
   2.84546514e-01 2.82566496e-01 2.79512218e-01 2.78900367e-01
   2.76077600e-01 2.74889308e-01 2.74433854e-01 2.78396958e-01
   2.75137853e-01 2.72785933e-01 2.69818391e-01 2.68875198e-01
   2.67991537e-01 2.70071299e-01 2.69200622e-01 2.70034298e-01
   2.67253046e-01]
  [3.93851837e-01 2.94336572e-01 2.87154843e-01 2.90562032e-01
   2.85157288e-01 2.96828458e-01 2.94825832e-01 2.90799335e-01
   2.89637495e-01 2.95514595e-01 2.97190010e-01 2.90479345e-01
   2.98114795e-01 2.93070927e-01 2.91388052e-01 2.99221219e-01
   2.90142504e-01 2.95249104e-01 2.89553554e-01 2.85098367e-01
   2.86165547e-01 2.87576706e-01 2.86580272e-01 2.84007462e-01
   2.88603797e-01 2.85116358e-01 2.85512904e-01 2.84243244e-01
   2.84822837e-01 2.86024961e-01 2.83619383e-01 2.83166430e-01
   2.81725392e-01]
  [1.10330271e-01 6.11992606e-02 3.58870670e-02 2.39174826e-02
   1.47638135e-02 9.07740921e-03 6.15221785e-03 4.07004233e-03
   2.56898242e-03 1.59123449e-03 1.07585088e-03 6.61224601e-04
   4.78163971e-04 2.52167052e-04 1.66181910e-04 1.25565692e-04
   6.29203891e-05 4.68189718e-05 3.42421366e-05 1.70686797e-05
   1.75037089e-05 1.42240205e-05 8.59731831e-06 4.48984692e-06
   2.42778098e-06 2.83651772e-06 1.30495055e-06 9.88283753e-07
   4.80348555e-07 1.56255810e-07 1.08709231e-07 4.74907027e-08
   2.85002375e-08]]

 [[5.73514529e-04 1.61601687e-06 5.08639849e-12 0.00000000e+00
   0.00000000e+00 0.00000000e+00 0.00000000e+00 0.00000000e+00
   0.00000000e+00 0.00000000e+00 0.00000000e+00 0.00000000e+00
   0.00000000e+00 0.00000000e+00 0.00000000e+00 0.00000000e+00
   0.00000000e+00 0.00000000e+00 0.00000000e+00 0.00000000e+00
   0.00000000e+00 0.00000000e+00 0.00000000e+00 0.00000000e+00
   0.00000000e+00 0.00000000e+00 0.00000000e+00 0.00000000e+00
   0.00000000e+00 0.00000000e+00 0.00000000e+00 0.00000000e+00
   0.00000000e+00]
  [1.27151359e-02 3.51502758e-03 4.66792155e-04 7.83955754e-05
   1.68807162e-05 3.25767819e-06 1.02629067e-05 5.02858921e-08
   4.47064158e-08 1.48473574e-10 1.57421408e-12 1.70123022e-14
   2.48746986e-13 0.00000000e+00 0.00000000e+00 0.00000000e+00
   0.00000000e+00 0.00000000e+00 0.00000000e+00 0.00000000e+00
   0.00000000e+00 0.00000000e+00 0.00000000e+00 0.00000000e+00
   0.00000000e+00 0.00000000e+00 0.00000000e+00 0.00000000e+00
   0.00000000e+00 0.00000000e+00 0.00000000e+00 0.00000000e+00
   0.00000000e+00]
  [8.08071638e-02 5.85960928e-02 3.61890506e-02 2.09968487e-02
   1.06548018e-02 5.06993202e-03 3.29734670e-03 2.49340186e-03
   1.39417502e-03 5.08060235e-04 2.26846523e-04 1.70701857e-04
   2.06410368e-04 3.13520015e-05 4.14536837e-05 3.29505901e-06
   1.82934732e-07 1.02119603e-07 3.20369627e-09 2.13177488e-09
   1.75893128e-11 2.05106169e-12 4.43477363e-12 4.36783025e-12
   2.69072220e-12 3.39957676e-14 2.13529373e-14 7.04991621e-17
   1.48029737e-19 7.77156117e-19 3.33066907e-18 1.25455202e-17
   3.70074342e-20]
  [8.81674478e-02 7.22397808e-02 4.61170972e-02 2.70209609e-02
   1.45364984e-02 7.53894129e-03 4.56675189e-03 3.00324621e-03
   1.90654360e-03 1.04197654e-03 5.03765271e-04 2.53191228e-04
   2.27866281e-04 6.29192733e-05 4.19968441e-05 6.45146880e-06
   1.55897023e-06 1.45997594e-06 6.57074531e-08 7.14279206e-09
   2.14542827e-10 1.02779709e-10 1.87045810e-10 2.89741093e-10
   3.75014113e-10 5.60282098e-12 3.11148551e-13 1.82381381e-15
   1.15093120e-17 1.75785312e-17 5.46969877e-17 1.48362804e-16
   7.03141249e-19]
  [8.68952025e-02 7.68875517e-02 4.75818224e-02 2.71898336e-02
   1.51825408e-02 8.10855736e-03 4.76243648e-03 2.99549573e-03
   1.91645925e-03 1.15679333e-03 5.95593074e-04 2.83957329e-04
   2.03454050e-04 7.78661638e-05 3.42844392e-05 7.90679349e-06
   2.67525508e-06 2.88349278e-06 1.63894796e-07 1.14425931e-08
   6.94354920e-10 3.94167451e-10 6.47290427e-10 1.12896935e-09
   1.70048387e-09 3.30290715e-11 1.06638050e-12 8.75366648e-15
   9.59602768e-17 5.99890508e-17 1.54617060e-16 3.50497409e-16
   2.40548322e-18]
  [4.91083646e-01 4.77099653e-01 4.36529704e-01 3.77512573e-01
   3.34329372e-01 3.03282994e-01 2.95236585e-01 3.09777390e-01
   3.15608506e-01 3.03011824e-01 3.07896878e-01 3.15315465e-01
   3.12476083e-01 3.12973837e-01 3.16433996e-01 3.15397076e-01
   3.19097678e-01 3.17023645e-01 3.13865461e-01 3.01196285e-01
   3.00959422e-01 2.99909760e-01 3.02267405e-01 3.04902259e-01
   3.03703412e-01 3.00906717e-01 3.06166858e-01 3.07116380e-01
   3.07577315e-01 3.06896557e-01 3.02886874e-01 3.02327528e-01
   3.00519976e-01]]] 
