Testing model resnet_1687178683_SPH_9_BH_n2_M10_BH_n4_M8_BH_n4_M10_BH_n4_M12_BH_n6_M10_CUT. 
Number of events in data: 
15000 
Classes in data: 
6 
Number of events detected: 
[ 2  3  4  5  6  7  8  9 10 11 12 13 14 15 16 17 18 19 20 21 22 23 24 25
 26 27 28 29 30 31 32 33 34] 
Number of samples for each n number of events: 10000 
p_values for Pearson method: 
[[[8.22905581e-01 7.98048569e-01 7.98533678e-01 7.98973889e-01
   7.95266778e-01 7.87900962e-01 7.78184641e-01 7.69505838e-01
   7.61728743e-01 7.50314893e-01 7.41840085e-01 7.35395224e-01
   7.29049291e-01 7.24004178e-01 7.20349779e-01 7.17393006e-01
   7.13391866e-01 7.08621273e-01 7.04710732e-01 7.02250540e-01
   7.00566509e-01 6.98287692e-01 6.97026574e-01 6.94840212e-01
   6.92558717e-01 6.89783455e-01 6.88150679e-01 6.87311297e-01
   6.85672884e-01 6.84629571e-01 6.82661025e-01 6.80426645e-01
   6.77807347e-01]
  [6.56629781e-02 1.74401776e-02 5.81197108e-03 1.46911840e-03
   4.08149763e-04 1.05616862e-04 1.34390214e-05 6.03587681e-06
   2.61775419e-06 4.03594495e-07 5.57468666e-07 4.15034099e-08
   3.39270340e-09 2.54384936e-10 6.02655381e-10 2.71103382e-11
   9.84716897e-13 3.97465727e-14 5.93790794e-14 2.21604957e-15
   7.52176099e-17 2.25375274e-18 9.99200722e-20 0.00000000e+00
   0.00000000e+00 0.00000000e+00 0.00000000e+00 0.00000000e+00
   0.00000000e+00 0.00000000e+00 0.00000000e+00 0.00000000e+00
   0.00000000e+00]
  [4.58144133e-02 9.66847748e-03 2.53407187e-03 6.32555257e-04
   1.52170348e-04 2.10434802e-05 6.31710003e-06 8.74929651e-07
   4.25530131e-07 1.92991661e-08 1.08846611e-08 4.60770154e-10
   1.55752732e-10 3.65320019e-12 3.07778609e-12 7.70420061e-14
   1.50528479e-15 2.67563749e-17 1.78745907e-17 3.10862447e-19
   1.11022302e-20 0.00000000e+00 0.00000000e+00 0.00000000e+00
   0.00000000e+00 0.00000000e+00 0.00000000e+00 0.00000000e+00
   0.00000000e+00 0.00000000e+00 0.00000000e+00 0.00000000e+00
   0.00000000e+00]
  [1.53423307e-02 4.27626935e-03 7.87872527e-04 9.41956936e-05
   1.34819797e-05 2.81844524e-07 6.00525105e-09 1.41313493e-09
   1.72229732e-09 7.68180393e-12 2.87078473e-11 6.01499295e-14
   1.33160150e-16 1.44328993e-19 1.43218770e-18 0.00000000e+00
   0.00000000e+00 0.00000000e+00 0.00000000e+00 0.00000000e+00
   0.00000000e+00 0.00000000e+00 0.00000000e+00 0.00000000e+00
   0.00000000e+00 0.00000000e+00 0.00000000e+00 0.00000000e+00
   0.00000000e+00 0.00000000e+00 0.00000000e+00 0.00000000e+00
   0.00000000e+00]
  [1.72141647e-04 3.41751254e-07 1.65211385e-07 8.42972470e-14
   2.72732947e-15 0.00000000e+00 0.00000000e+00 0.00000000e+00
   0.00000000e+00 0.00000000e+00 0.00000000e+00 0.00000000e+00
   0.00000000e+00 0.00000000e+00 0.00000000e+00 0.00000000e+00
   0.00000000e+00 0.00000000e+00 0.00000000e+00 0.00000000e+00
   0.00000000e+00 0.00000000e+00 0.00000000e+00 0.00000000e+00
   0.00000000e+00 0.00000000e+00 0.00000000e+00 0.00000000e+00
   0.00000000e+00 0.00000000e+00 0.00000000e+00 0.00000000e+00
   0.00000000e+00]
  [9.39683736e-03 2.42150369e-03 4.33620586e-04 4.30555347e-05
   3.32620474e-06 1.62840954e-08 5.72195685e-10 2.58125173e-11
   5.06347419e-11 4.21687574e-14 2.31089237e-13 9.59010649e-17
   5.55111512e-20 0.00000000e+00 0.00000000e+00 0.00000000e+00
   0.00000000e+00 0.00000000e+00 0.00000000e+00 0.00000000e+00
   0.00000000e+00 0.00000000e+00 0.00000000e+00 0.00000000e+00
   0.00000000e+00 0.00000000e+00 0.00000000e+00 0.00000000e+00
   0.00000000e+00 0.00000000e+00 0.00000000e+00 0.00000000e+00
   0.00000000e+00]]

 [[1.42232521e-02 4.71193616e-03 1.05980183e-03 2.18990506e-04
   6.59735625e-05 3.87558547e-06 1.21385700e-06 8.92026140e-08
   4.78452062e-09 3.07576405e-10 9.91767965e-10 1.26762636e-10
   1.00253859e-12 4.40425474e-16 3.10862447e-19 0.00000000e+00
   0.00000000e+00 0.00000000e+00 0.00000000e+00 0.00000000e+00
   0.00000000e+00 0.00000000e+00 0.00000000e+00 0.00000000e+00
   0.00000000e+00 0.00000000e+00 0.00000000e+00 0.00000000e+00
   0.00000000e+00 0.00000000e+00 0.00000000e+00 0.00000000e+00
   0.00000000e+00]
  [5.13618172e-01 5.08001816e-01 5.07677584e-01 5.05191243e-01
   5.03861359e-01 5.05104991e-01 5.05187227e-01 5.04921066e-01
   5.04647212e-01 5.04146589e-01 5.04789634e-01 5.06148005e-01
   5.07239666e-01 5.05990432e-01 5.05063434e-01 5.06582534e-01
   5.06091931e-01 5.06544755e-01 5.05753801e-01 5.06414555e-01
   5.06577362e-01 5.06694367e-01 5.06996612e-01 5.07419084e-01
   5.07513316e-01 5.06183448e-01 5.05529584e-01 5.05017216e-01
   5.05087065e-01 5.04885157e-01 5.04544556e-01 5.04895497e-01
   5.03799147e-01]
  [1.11057521e-01 7.74859017e-02 5.48760128e-02 3.78886022e-02
   2.60651741e-02 1.80489183e-02 1.20919071e-02 8.22069001e-03
   5.96261731e-03 4.51602294e-03 2.89765530e-03 1.97475348e-03
   1.13097794e-03 8.30678399e-04 5.09759136e-04 3.56221431e-04
   1.79835568e-04 1.21715481e-04 6.87941796e-05 4.31139004e-05
   2.51570829e-05 1.34186103e-05 9.90542225e-06 5.10765485e-06
   3.39745578e-06 1.88387161e-06 1.37135083e-06 8.27119821e-07
   5.41165125e-07 3.49812983e-07 2.28623179e-07 1.00503142e-07
   5.87635198e-08]
  [4.77811964e-01 4.48271421e-01 4.40580790e-01 4.30513953e-01
   4.20756157e-01 4.13043681e-01 4.04392184e-01 3.95386262e-01
   3.85415878e-01 3.73870201e-01 3.64908937e-01 3.56314458e-01
   3.48296497e-01 3.38700601e-01 3.28256800e-01 3.20100123e-01
   3.10799769e-01 3.03238555e-01 2.93863002e-01 2.86410725e-01
   2.79413594e-01 2.72416761e-01 2.65487114e-01 2.58011003e-01
   2.50362304e-01 2.43806148e-01 2.36387946e-01 2.29289736e-01
   2.23300315e-01 2.16287956e-01 2.09920000e-01 2.04283386e-01
   1.97976491e-01]
  [4.26335277e-02 1.57042426e-02 8.59009661e-03 4.55492336e-03
   2.07440985e-03 1.03587578e-03 3.96779099e-04 8.75599874e-05
   2.40366430e-05 1.74685650e-05 1.14509470e-05 2.39853154e-06
   4.70438581e-07 2.41169432e-07 1.70636998e-07 3.96768280e-08
   1.36107789e-08 2.67464848e-08 2.17346197e-09 2.54444286e-09
   6.62078553e-11 1.00971170e-11 3.56599754e-12 3.75836406e-13
   1.17206733e-13 3.37864292e-14 1.81782700e-14 9.81059678e-16
   1.19104726e-16 1.74193993e-17 1.61759495e-17 2.10720330e-17
   1.37667655e-18]
  [4.52361727e-01 4.08311655e-01 3.89376931e-01 3.71483083e-01
   3.55665801e-01 3.43680875e-01 3.30422986e-01 3.17697304e-01
   3.03933241e-01 2.88456037e-01 2.75394083e-01 2.62828337e-01
   2.51289918e-01 2.39341207e-01 2.26880831e-01 2.16220326e-01
   2.05030600e-01 1.95378877e-01 1.85149890e-01 1.76625547e-01
   1.68372872e-01 1.60678865e-01 1.53009397e-01 1.45371557e-01
   1.38033763e-01 1.31450227e-01 1.24579507e-01 1.18071981e-01
   1.12355353e-01 1.06455006e-01 1.00678689e-01 9.60606106e-02
   9.10334101e-02]]

 [[2.30650876e-02 6.15587302e-03 1.08091800e-03 1.98789607e-04
   3.52792356e-05 1.73375061e-06 1.15333770e-06 7.55570331e-08
   4.16888269e-09 4.01602935e-10 6.55395567e-12 3.73559106e-13
   9.14712750e-15 3.66184860e-16 6.13953333e-18 5.55111512e-20
   2.44249065e-19 0.00000000e+00 0.00000000e+00 0.00000000e+00
   0.00000000e+00 0.00000000e+00 0.00000000e+00 0.00000000e+00
   0.00000000e+00 0.00000000e+00 0.00000000e+00 0.00000000e+00
   0.00000000e+00 0.00000000e+00 0.00000000e+00 0.00000000e+00
   0.00000000e+00]
  [2.49337755e-01 1.70841525e-01 1.16653973e-01 7.78345824e-02
   5.34221899e-02 3.57672679e-02 2.40016531e-02 1.56959266e-02
   1.03968979e-02 6.89019103e-03 4.59521161e-03 3.05992225e-03
   2.00619643e-03 1.26452080e-03 7.21167167e-04 4.34092474e-04
   2.55038597e-04 1.71199794e-04 1.12402951e-04 6.81520491e-05
   4.09134463e-05 2.66592474e-05 1.82408081e-05 1.16738733e-05
   7.13610524e-06 3.22887117e-06 1.29592816e-06 7.05300429e-07
   4.56242727e-07 2.04925128e-07 8.69407886e-08 5.29869380e-08
   2.50554548e-08]
  [6.26580134e-01 6.03733861e-01 5.91540098e-01 5.77355145e-01
   5.66886886e-01 5.56604860e-01 5.48883918e-01 5.42395509e-01
   5.37456714e-01 5.34527357e-01 5.31134619e-01 5.28868325e-01
   5.29166488e-01 5.27429810e-01 5.27032987e-01 5.26269927e-01
   5.25315624e-01 5.26081253e-01 5.26663518e-01 5.26496946e-01
   5.26275463e-01 5.24927118e-01 5.23877930e-01 5.23563943e-01
   5.23348895e-01 5.22876348e-01 5.22658689e-01 5.21832825e-01
   5.20072798e-01 5.19318273e-01 5.17927730e-01 5.18057541e-01
   5.18039868e-01]
  [2.87051444e-01 1.96217404e-01 1.38206811e-01 9.69329151e-02
   6.90004074e-02 4.81592719e-02 3.31625190e-02 2.26642220e-02
   1.56011345e-02 1.07543582e-02 7.58861292e-03 5.27247731e-03
   3.56929847e-03 2.42279556e-03 1.63499449e-03 1.10094064e-03
   7.53009693e-04 5.78613411e-04 4.41290675e-04 2.94669495e-04
   2.00360881e-04 1.61142502e-04 1.12580649e-04 7.45103674e-05
   4.56479284e-05 2.37353588e-05 1.08592849e-05 6.34968151e-06
   2.65680127e-06 1.55265483e-06 7.58813037e-07 4.26682377e-07
   2.10490763e-07]
  [5.72340260e-03 1.83480349e-03 4.48127087e-04 1.60165951e-04
   3.10519136e-05 4.04092262e-06 1.75581381e-07 2.14261896e-08
   3.11636221e-09 3.77962503e-11 6.79960565e-11 1.12548382e-13
   3.47022411e-16 9.76996262e-19 0.00000000e+00 0.00000000e+00
   0.00000000e+00 0.00000000e+00 0.00000000e+00 0.00000000e+00
   0.00000000e+00 0.00000000e+00 0.00000000e+00 0.00000000e+00
   0.00000000e+00 0.00000000e+00 0.00000000e+00 0.00000000e+00
   0.00000000e+00 0.00000000e+00 0.00000000e+00 0.00000000e+00
   0.00000000e+00]
  [3.00611748e-01 2.02411009e-01 1.41381923e-01 9.94805296e-02
   7.12838403e-02 5.03545283e-02 3.48833599e-02 2.41634177e-02
   1.67664760e-02 1.17282771e-02 8.37264501e-03 5.87138002e-03
   4.00968322e-03 2.73247327e-03 1.93357598e-03 1.33638101e-03
   9.36553452e-04 7.23805915e-04 5.61184744e-04 3.89343264e-04
   2.72102515e-04 2.14985831e-04 1.45513415e-04 9.58581006e-05
   5.88205550e-05 3.15850012e-05 1.48158281e-05 8.69528296e-06
   3.50239368e-06 2.36211863e-06 1.21323429e-06 6.62307299e-07
   3.37566372e-07]]

 [[7.09781398e-03 1.35637321e-03 3.96896101e-04 1.05775221e-04
   1.92360602e-06 7.44359947e-09 5.65387802e-09 4.43547207e-11
   1.57231173e-13 3.14770432e-16 1.48792090e-16 1.66533454e-19
   0.00000000e+00 0.00000000e+00 0.00000000e+00 0.00000000e+00
   0.00000000e+00 0.00000000e+00 0.00000000e+00 0.00000000e+00
   0.00000000e+00 0.00000000e+00 0.00000000e+00 0.00000000e+00
   0.00000000e+00 0.00000000e+00 0.00000000e+00 0.00000000e+00
   0.00000000e+00 0.00000000e+00 0.00000000e+00 0.00000000e+00
   0.00000000e+00]
  [4.73850977e-01 4.51349122e-01 4.40750470e-01 4.31625238e-01
   4.22362548e-01 4.12175611e-01 4.03422984e-01 3.92541498e-01
   3.83111004e-01 3.71818735e-01 3.63172846e-01 3.53779233e-01
   3.44522023e-01 3.38456474e-01 3.32060884e-01 3.22154633e-01
   3.12687369e-01 3.05224976e-01 2.96491546e-01 2.89468152e-01
   2.81823695e-01 2.75225246e-01 2.67915561e-01 2.61236729e-01
   2.54508779e-01 2.48162609e-01 2.42522344e-01 2.37232408e-01
   2.32086461e-01 2.26309897e-01 2.21047484e-01 2.16622729e-01
   2.11461719e-01]
  [1.14859464e-01 8.35814785e-02 6.32890617e-02 4.38008379e-02
   3.07462700e-02 2.06643852e-02 1.49284026e-02 1.09024661e-02
   7.26884817e-03 5.18626401e-03 3.33665940e-03 2.29563035e-03
   1.66967137e-03 1.21154611e-03 8.35822293e-04 5.50479116e-04
   5.09728748e-04 3.67473728e-04 3.17869834e-04 2.88128658e-04
   1.77017320e-04 1.24416945e-04 6.75342968e-05 5.65429426e-05
   3.32693961e-05 1.66697431e-05 1.46731179e-05 1.13209440e-05
   9.34157575e-06 4.60651080e-06 3.64118207e-06 2.99637916e-06
   2.51346021e-06]
  [5.22598298e-01 4.97490076e-01 4.98789065e-01 4.99204063e-01
   5.01154146e-01 5.02099686e-01 5.01164643e-01 4.97830909e-01
   4.95582175e-01 4.93546364e-01 4.91043751e-01 4.89156835e-01
   4.88965057e-01 4.89153927e-01 4.90961875e-01 4.89198809e-01
   4.89051737e-01 4.89485006e-01 4.89154377e-01 4.89917570e-01
   4.88193470e-01 4.88791332e-01 4.88361759e-01 4.88506023e-01
   4.86484254e-01 4.85901557e-01 4.84038547e-01 4.84340363e-01
   4.84550860e-01 4.83000231e-01 4.82787555e-01 4.82285009e-01
   4.81201321e-01]
  [4.88710407e-02 2.21555298e-02 1.22840625e-02 7.15796769e-03
   4.12057419e-03 2.26337168e-03 9.62612108e-04 6.47342012e-04
   4.04629435e-04 2.06485774e-04 1.29011004e-04 8.68714261e-05
   3.67506451e-05 3.46491326e-05 5.40499112e-06 2.01150978e-06
   1.53185881e-06 1.52781084e-07 1.16559062e-07 4.94991094e-08
   2.86829234e-09 2.04213190e-09 4.97341971e-09 2.02726451e-10
   2.12960115e-11 1.50582590e-11 5.46969919e-12 7.71052899e-13
   7.96212485e-13 1.21943222e-13 1.28893940e-13 3.09013148e-14
   5.88396221e-14]
  [5.19966959e-01 4.88374961e-01 4.84714716e-01 4.81250517e-01
   4.81967571e-01 4.82480862e-01 4.80090512e-01 4.75789253e-01
   4.72187522e-01 4.69253483e-01 4.64970394e-01 4.61838953e-01
   4.61106176e-01 4.59606155e-01 4.59993806e-01 4.57349765e-01
   4.55934003e-01 4.55441253e-01 4.54290740e-01 4.53865881e-01
   4.50380004e-01 4.49396941e-01 4.48353409e-01 4.47216446e-01
   4.43636054e-01 4.41779768e-01 4.38333448e-01 4.37273133e-01
   4.35841247e-01 4.33154495e-01 4.31915512e-01 4.29777431e-01
   4.27513589e-01]]

 [[1.78203810e-04 3.54784238e-06 3.08794827e-09 2.05452340e-11
   2.88908897e-14 1.31228362e-17 0.00000000e+00 0.00000000e+00
   0.00000000e+00 0.00000000e+00 0.00000000e+00 0.00000000e+00
   0.00000000e+00 0.00000000e+00 0.00000000e+00 0.00000000e+00
   0.00000000e+00 0.00000000e+00 0.00000000e+00 0.00000000e+00
   0.00000000e+00 0.00000000e+00 0.00000000e+00 0.00000000e+00
   0.00000000e+00 0.00000000e+00 0.00000000e+00 0.00000000e+00
   0.00000000e+00 0.00000000e+00 0.00000000e+00 0.00000000e+00
   0.00000000e+00]
  [2.49586174e-01 1.37109821e-01 7.38344050e-02 3.98930993e-02
   2.15239611e-02 1.12807445e-02 5.94541978e-03 3.12909695e-03
   1.54733239e-03 8.98262166e-04 4.39408612e-04 2.16969822e-04
   1.05737638e-04 5.61499832e-05 2.78967469e-05 1.39295455e-05
   6.42597594e-06 3.06503545e-06 1.36636361e-06 5.04362092e-07
   2.48667420e-07 1.04598634e-07 5.13656654e-08 1.77474505e-08
   5.62061705e-09 1.82731364e-09 8.91577551e-10 4.15985172e-10
   1.40605444e-10 4.42102521e-11 1.40047757e-11 3.76795546e-12
   1.79472469e-12]
  [1.61478314e-02 4.07832882e-03 9.16889818e-04 9.70691969e-05
   1.74669887e-05 3.08073277e-06 9.19241235e-07 1.09210343e-06
   3.40594257e-08 2.76126967e-10 1.07526947e-12 1.50092583e-13
   6.47892850e-16 7.77156117e-18 0.00000000e+00 3.33066907e-20
   2.22044605e-20 0.00000000e+00 0.00000000e+00 0.00000000e+00
   0.00000000e+00 0.00000000e+00 0.00000000e+00 0.00000000e+00
   0.00000000e+00 0.00000000e+00 0.00000000e+00 0.00000000e+00
   0.00000000e+00 0.00000000e+00 0.00000000e+00 0.00000000e+00
   0.00000000e+00]
  [2.87054236e-01 1.62016318e-01 9.11835044e-02 5.14991099e-02
   2.90503718e-02 1.60031578e-02 8.86417095e-03 5.01106617e-03
   2.68913221e-03 1.64855386e-03 8.75912954e-04 4.36739604e-04
   2.28990819e-04 1.23493392e-04 6.72634042e-05 3.67563165e-05
   1.72282293e-05 8.34228207e-06 4.05337295e-06 1.75453761e-06
   9.62989285e-07 4.71530293e-07 2.61536367e-07 9.87395359e-08
   3.53685029e-08 1.21754897e-08 5.77918485e-09 2.64544245e-09
   1.03727896e-09 3.72807173e-10 1.26268069e-10 3.74633833e-11
   1.88876031e-11]
  [7.61379950e-01 6.94576597e-01 6.61775384e-01 6.47391823e-01
   6.40579876e-01 6.32347978e-01 6.23795304e-01 6.15471975e-01
   6.07598041e-01 6.00357319e-01 5.94870613e-01 5.88291197e-01
   5.80324785e-01 5.75004986e-01 5.72168494e-01 5.67608462e-01
   5.63482593e-01 5.60025148e-01 5.58140874e-01 5.55262124e-01
   5.53897951e-01 5.51347233e-01 5.48728315e-01 5.48796913e-01
   5.49347285e-01 5.48283650e-01 5.45939312e-01 5.43809314e-01
   5.43072575e-01 5.42255668e-01 5.41219478e-01 5.39573566e-01
   5.38287127e-01]
  [2.90261911e-01 1.63606251e-01 9.20274680e-02 5.19932261e-02
   2.93622302e-02 1.62361856e-02 9.02068896e-03 5.15348942e-03
   2.79876429e-03 1.72621290e-03 9.25523533e-04 4.59622260e-04
   2.41359225e-04 1.28951879e-04 7.06666493e-05 3.92083241e-05
   1.84915990e-05 8.83074575e-06 4.36308212e-06 1.94253158e-06
   1.07969529e-06 5.45894841e-07 3.10796031e-07 1.18620647e-07
   4.32142437e-08 1.48822199e-08 6.85713100e-09 3.02788391e-09
   1.21522568e-09 4.45800564e-10 1.52121643e-10 4.51639992e-11
   2.25914182e-11]]

 [[4.42689001e-03 9.39911129e-04 2.34476656e-05 2.86487294e-06
   9.13018830e-07 2.91122740e-08 5.38377746e-09 2.97302674e-10
   8.29657022e-12 4.14113188e-18 0.00000000e+00 0.00000000e+00
   0.00000000e+00 0.00000000e+00 0.00000000e+00 0.00000000e+00
   0.00000000e+00 0.00000000e+00 0.00000000e+00 0.00000000e+00
   0.00000000e+00 0.00000000e+00 0.00000000e+00 0.00000000e+00
   0.00000000e+00 0.00000000e+00 0.00000000e+00 0.00000000e+00
   0.00000000e+00 0.00000000e+00 0.00000000e+00 0.00000000e+00
   0.00000000e+00]
  [4.55688127e-01 4.29247631e-01 4.11171106e-01 3.94986605e-01
   3.80694837e-01 3.65201198e-01 3.48615712e-01 3.32553771e-01
   3.15538037e-01 3.00650316e-01 2.88400970e-01 2.77301509e-01
   2.65752551e-01 2.54308551e-01 2.43529104e-01 2.33950912e-01
   2.23699927e-01 2.14233436e-01 2.04925885e-01 1.96609280e-01
   1.88104805e-01 1.79813157e-01 1.71122781e-01 1.63483432e-01
   1.56187487e-01 1.49703243e-01 1.43163192e-01 1.36362540e-01
   1.30688503e-01 1.25372884e-01 1.20427812e-01 1.15380130e-01
   1.10102541e-01]
  [1.16368429e-01 8.66973070e-02 6.26802993e-02 4.36464814e-02
   2.96109963e-02 1.93311113e-02 1.25044719e-02 8.52019449e-03
   5.42294510e-03 3.80280880e-03 2.49841640e-03 1.58712503e-03
   1.06039042e-03 6.55726521e-04 4.47964323e-04 2.43659136e-04
   2.01108335e-04 1.14925958e-04 4.66329125e-05 3.80242976e-05
   2.68399712e-05 1.79212657e-05 1.23228009e-05 9.14563190e-06
   7.52306283e-06 6.07055161e-06 3.94962878e-06 3.72013536e-06
   3.56886736e-06 1.76178542e-06 6.32036435e-07 3.38827450e-07
   3.49797346e-07]
  [5.33982484e-01 5.10223367e-01 5.08872734e-01 5.06988353e-01
   5.07649958e-01 5.08120872e-01 5.06238991e-01 5.05409391e-01
   5.02172726e-01 4.97922229e-01 4.98214816e-01 4.97706400e-01
   4.95307259e-01 4.93535211e-01 4.90526470e-01 4.89246418e-01
   4.88274472e-01 4.87737745e-01 4.86782994e-01 4.87876657e-01
   4.87382628e-01 4.86413224e-01 4.84377348e-01 4.82503572e-01
   4.81135230e-01 4.80507325e-01 4.79608563e-01 4.79141052e-01
   4.78216511e-01 4.76452150e-01 4.74654661e-01 4.72721245e-01
   4.71647604e-01]
  [5.20362688e-02 2.27691313e-02 1.24768719e-02 7.15448445e-03
   4.10871631e-03 2.30467187e-03 1.33426459e-03 6.61525974e-04
   2.98979701e-04 2.09856203e-04 1.76610735e-04 7.38893964e-05
   5.22048483e-05 3.19516200e-05 2.25703842e-05 1.08320033e-05
   1.26944856e-05 1.16837604e-05 1.32066732e-06 1.14915976e-06
   9.77967738e-08 8.35801720e-08 1.57002106e-08 1.07209183e-08
   9.43455180e-10 1.94897045e-10 2.48010734e-11 1.32484889e-11
   1.22640387e-12 1.45412569e-12 2.17224425e-12 2.39216280e-13
   6.15589324e-13]
  [5.40767744e-01 5.13145599e-01 5.09429241e-01 5.06748992e-01
   5.07739060e-01 5.09655052e-01 5.09086602e-01 5.10438469e-01
   5.09047618e-01 5.05863504e-01 5.07508687e-01 5.08228372e-01
   5.07000981e-01 5.05973034e-01 5.04159918e-01 5.03809538e-01
   5.04466226e-01 5.04674755e-01 5.05033195e-01 5.07694822e-01
   5.08435572e-01 5.08450060e-01 5.07917503e-01 5.07472243e-01
   5.07095487e-01 5.07401836e-01 5.07744517e-01 5.08404627e-01
   5.08424706e-01 5.07714858e-01 5.07277420e-01 5.06676496e-01
   5.06160186e-01]]] 
Error up for Pearson method: 
[[[1.75811750e-01 1.98559524e-01 1.94783490e-01 1.66005025e-01
   1.67703858e-01 1.60319581e-01 1.69837166e-01 1.72396539e-01
   1.82432134e-01 1.95617797e-01 2.04673801e-01 2.10735109e-01
   1.99264062e-01 2.02319615e-01 2.05069666e-01 2.07414426e-01
   2.05954648e-01 2.10612673e-01 2.14882045e-01 2.12750813e-01
   2.08639857e-01 2.06472714e-01 2.05451676e-01 2.06563611e-01
   2.10214798e-01 2.19260980e-01 2.22097317e-01 2.19432554e-01
   2.22365358e-01 2.19484564e-01 2.16767242e-01 2.18950455e-01
   2.20495691e-01]
  [2.97941174e-01 2.10791270e-01 1.55065222e-01 6.03717469e-02
   5.21819708e-02 1.26418278e-02 1.07112661e-03 2.26169808e-03
   1.60804656e-03 4.48425675e-04 7.78166065e-04 8.48232073e-05
   3.71658618e-06 2.03029991e-07 9.01205156e-07 3.00785890e-08
   9.76625196e-10 2.88861083e-11 1.01940906e-10 2.65853323e-12
   6.02877465e-14 2.87126339e-15 1.10922382e-16 0.00000000e+00
   0.00000000e+00 0.00000000e+00 0.00000000e+00 0.00000000e+00
   0.00000000e+00 0.00000000e+00 0.00000000e+00 0.00000000e+00
   0.00000000e+00]
  [2.79991825e-01 1.53007308e-01 1.19192930e-01 4.86291984e-02
   3.59648138e-02 3.86153865e-03 8.18389857e-03 5.31040898e-04
   6.61981486e-04 2.51812589e-05 1.51543380e-05 8.81752741e-07
   1.93538115e-07 3.21572824e-09 5.52487879e-09 9.70526888e-11
   1.51501837e-12 2.10527319e-14 3.40270792e-14 7.76845255e-16
   1.11011200e-16 0.00000000e+00 0.00000000e+00 0.00000000e+00
   0.00000000e+00 0.00000000e+00 0.00000000e+00 0.00000000e+00
   0.00000000e+00 0.00000000e+00 0.00000000e+00 0.00000000e+00
   0.00000000e+00]
  [1.51984416e-01 1.84060723e-01 6.79046858e-02 3.73278973e-02
   4.88252865e-03 1.11765164e-04 7.01716786e-06 1.81712603e-06
   3.24869009e-06 2.58218626e-08 1.17141905e-07 3.00608451e-10
   2.45499815e-13 1.96128893e-16 2.88814768e-15 0.00000000e+00
   0.00000000e+00 0.00000000e+00 0.00000000e+00 0.00000000e+00
   0.00000000e+00 0.00000000e+00 0.00000000e+00 0.00000000e+00
   0.00000000e+00 0.00000000e+00 0.00000000e+00 0.00000000e+00
   0.00000000e+00 0.00000000e+00 0.00000000e+00 0.00000000e+00
   0.00000000e+00]
  [1.97835749e-01 1.20276754e-04 4.12537513e-04 9.79431255e-11
   6.42014325e-12 0.00000000e+00 0.00000000e+00 0.00000000e+00
   0.00000000e+00 0.00000000e+00 0.00000000e+00 0.00000000e+00
   0.00000000e+00 0.00000000e+00 0.00000000e+00 0.00000000e+00
   0.00000000e+00 0.00000000e+00 0.00000000e+00 0.00000000e+00
   0.00000000e+00 0.00000000e+00 0.00000000e+00 0.00000000e+00
   0.00000000e+00 0.00000000e+00 0.00000000e+00 0.00000000e+00
   0.00000000e+00 0.00000000e+00 0.00000000e+00 0.00000000e+00
   0.00000000e+00]
  [1.42978171e-01 1.14993496e-01 1.16847074e-01 2.24232460e-02
   3.50184630e-03 6.55992178e-06 7.80573338e-07 3.33359139e-08
   2.53075617e-07 1.40547355e-10 1.15517279e-09 4.79409423e-13
   1.10966791e-16 0.00000000e+00 0.00000000e+00 0.00000000e+00
   0.00000000e+00 0.00000000e+00 0.00000000e+00 0.00000000e+00
   0.00000000e+00 0.00000000e+00 0.00000000e+00 0.00000000e+00
   0.00000000e+00 0.00000000e+00 0.00000000e+00 0.00000000e+00
   0.00000000e+00 0.00000000e+00 0.00000000e+00 0.00000000e+00
   0.00000000e+00]]

 [[2.53293077e-01 1.76264585e-01 2.13206852e-01 8.47502619e-02
   6.64980003e-02 3.78752273e-03 1.53027239e-03 6.89011610e-05
   7.08115585e-06 5.39577303e-07 3.11658565e-06 4.22405865e-07
   5.70415664e-09 2.24415487e-12 1.73749587e-15 0.00000000e+00
   0.00000000e+00 0.00000000e+00 0.00000000e+00 0.00000000e+00
   0.00000000e+00 0.00000000e+00 0.00000000e+00 0.00000000e+00
   0.00000000e+00 0.00000000e+00 0.00000000e+00 0.00000000e+00
   0.00000000e+00 0.00000000e+00 0.00000000e+00 0.00000000e+00
   0.00000000e+00]
  [2.22453947e-01 2.64674902e-01 2.67341990e-01 2.55397159e-01
   2.54575904e-01 2.61455756e-01 2.64007979e-01 2.68775126e-01
   2.67695224e-01 2.74532926e-01 2.78662787e-01 2.77989738e-01
   2.74605925e-01 2.76927894e-01 2.78044144e-01 2.73240556e-01
   2.76448319e-01 2.73975133e-01 2.72779442e-01 2.72640281e-01
   2.72929625e-01 2.71455510e-01 2.74365735e-01 2.76600639e-01
   2.77117925e-01 2.77060223e-01 2.76413676e-01 2.80041967e-01
   2.79589437e-01 2.81935663e-01 2.85182327e-01 2.85336969e-01
   2.84813016e-01]
  [3.51169316e-01 2.98592189e-01 2.76794305e-01 2.60820346e-01
   2.24531277e-01 2.14588278e-01 1.62524456e-01 1.34415449e-01
   1.34914824e-01 1.31954817e-01 9.60285453e-02 8.36616637e-02
   4.65870066e-02 4.06980019e-02 2.63734544e-02 2.16719964e-02
   9.36343010e-03 8.55116771e-03 5.33496162e-03 3.85656741e-03
   2.16002329e-03 9.36313672e-04 8.44598728e-04 3.81192753e-04
   2.81818945e-04 1.71500282e-04 1.57835631e-04 1.10778871e-04
   7.82435677e-05 5.45342733e-05 5.48648773e-05 2.03630951e-05
   1.30125337e-05]
  [3.03591713e-01 3.26778236e-01 3.16183273e-01 2.77240364e-01
   2.75999623e-01 2.89189858e-01 3.05401804e-01 3.17586651e-01
   3.20288117e-01 3.30244730e-01 3.26432129e-01 3.23676218e-01
   3.27885068e-01 3.32202149e-01 3.33775961e-01 3.34997913e-01
   3.40873127e-01 3.39776084e-01 3.38752670e-01 3.42572729e-01
   3.41474664e-01 3.42491275e-01 3.43155066e-01 3.44591028e-01
   3.44360439e-01 3.44667273e-01 3.43597771e-01 3.46799749e-01
   3.45685483e-01 3.41717903e-01 3.38702736e-01 3.39515538e-01
   3.40134624e-01]
  [9.55324334e-01 2.86307336e-01 1.80855788e-01 1.58750081e-01
   1.43525326e-01 9.45895238e-02 7.70026865e-02 1.19638390e-02
   3.22441567e-03 3.61366340e-03 5.23235375e-03 1.02809283e-03
   1.03286069e-04 1.07380036e-04 9.09807923e-05 3.56221403e-05
   1.39012478e-05 5.89934017e-05 2.75652052e-06 6.81718674e-06
   6.60946711e-08 1.04523378e-08 4.78960499e-09 3.43926284e-10
   1.10468776e-10 3.36928345e-11 1.73347340e-11 5.48502107e-13
   9.12853031e-14 1.30763431e-14 2.92738500e-14 6.09923012e-14
   3.60332818e-15]
  [3.14597665e-01 3.41994772e-01 3.47285845e-01 3.29151820e-01
   2.96234397e-01 3.18265042e-01 3.11796938e-01 3.24824042e-01
   3.39346351e-01 3.43803844e-01 3.45549637e-01 3.45603783e-01
   3.46472345e-01 3.46245566e-01 3.41831046e-01 3.39754194e-01
   3.44511160e-01 3.39615488e-01 3.43958980e-01 3.41998709e-01
   3.34015555e-01 3.38101044e-01 3.30358743e-01 3.28756529e-01
   3.25931264e-01 3.23083965e-01 3.18883458e-01 3.15383910e-01
   3.12758161e-01 3.09615903e-01 3.04316310e-01 3.02004163e-01
   2.95915473e-01]]

 [[2.33273626e-01 2.45735423e-01 1.28324269e-01 4.72144055e-02
   1.21432270e-02 5.65026225e-04 9.33127723e-04 7.68083027e-05
   4.05867000e-06 3.58447031e-07 4.89027635e-09 3.87835507e-10
   7.71902254e-12 3.28289757e-13 5.61488209e-15 1.10966791e-16
   2.44224641e-15 0.00000000e+00 0.00000000e+00 0.00000000e+00
   0.00000000e+00 0.00000000e+00 0.00000000e+00 0.00000000e+00
   0.00000000e+00 0.00000000e+00 0.00000000e+00 0.00000000e+00
   0.00000000e+00 0.00000000e+00 0.00000000e+00 0.00000000e+00
   0.00000000e+00]
  [3.92988075e-01 3.10535478e-01 3.21310235e-01 2.53964656e-01
   2.76353330e-01 2.02273342e-01 2.05966212e-01 1.49501976e-01
   1.52258875e-01 1.13177003e-01 1.05385994e-01 7.83884595e-02
   6.50310071e-02 4.60740348e-02 2.92493961e-02 2.20096945e-02
   1.33017841e-02 1.38564854e-02 1.00325983e-02 6.69939420e-03
   4.75270805e-03 3.58731369e-03 3.61495556e-03 2.14048737e-03
   1.41760654e-03 7.26546608e-04 2.45370813e-04 1.44248857e-04
   1.05760291e-04 5.10035554e-05 1.79182706e-05 1.65454908e-05
   7.00365804e-06]
  [3.51641436e-01 2.75352219e-01 2.72412853e-01 2.28872733e-01
   2.19417303e-01 2.31834039e-01 2.53422635e-01 2.62741873e-01
   2.51945378e-01 2.59594880e-01 2.54432749e-01 2.50133480e-01
   2.47975304e-01 2.45413634e-01 2.50814848e-01 2.46629909e-01
   2.45622008e-01 2.40305613e-01 2.45154865e-01 2.48704143e-01
   2.52664347e-01 2.54738700e-01 2.55500387e-01 2.57997357e-01
   2.60626785e-01 2.65130818e-01 2.69058458e-01 2.69454618e-01
   2.68454408e-01 2.71971097e-01 2.73016033e-01 2.76353318e-01
   2.75230266e-01]
  [4.47057151e-01 2.83160894e-01 3.21853556e-01 2.74736502e-01
   2.39352102e-01 2.13010963e-01 1.92186950e-01 1.66201074e-01
   1.27581475e-01 1.34988605e-01 9.79857748e-02 9.26868542e-02
   7.20283924e-02 5.99121678e-02 5.11504862e-02 4.31974206e-02
   3.87814032e-02 4.57546665e-02 4.66853236e-02 3.21897637e-02
   2.60724719e-02 2.39778102e-02 2.33418894e-02 1.44137129e-02
   8.11780137e-03 4.18485476e-03 1.76624558e-03 9.54314901e-04
   3.53808504e-04 2.32304973e-04 9.62640198e-05 5.42216878e-05
   2.41353473e-05]
  [1.69648400e-01 1.35470409e-01 1.44826092e-01 7.39555472e-02
   4.10033506e-02 6.38757286e-03 2.79075533e-04 3.04216883e-05
   6.36009606e-06 5.02603094e-08 3.03143951e-07 3.71690139e-10
   4.69168883e-13 2.37271556e-15 0.00000000e+00 0.00000000e+00
   0.00000000e+00 0.00000000e+00 0.00000000e+00 0.00000000e+00
   0.00000000e+00 0.00000000e+00 0.00000000e+00 0.00000000e+00
   0.00000000e+00 0.00000000e+00 0.00000000e+00 0.00000000e+00
   0.00000000e+00 0.00000000e+00 0.00000000e+00 0.00000000e+00
   0.00000000e+00]
  [4.45783827e-01 3.11203799e-01 3.43161921e-01 2.74518356e-01
   2.28772447e-01 2.13033252e-01 1.77547072e-01 1.67642318e-01
   1.33427822e-01 1.26891044e-01 1.02226968e-01 8.61281701e-02
   7.65523404e-02 5.95284954e-02 5.91632946e-02 4.89027287e-02
   4.46920315e-02 5.44034788e-02 5.21265357e-02 4.26632585e-02
   3.31280557e-02 3.29506268e-02 2.66321650e-02 1.84866676e-02
   9.71213358e-03 5.13247111e-03 2.33960726e-03 1.16559427e-03
   3.89623591e-04 4.00605227e-04 1.76236002e-04 7.56397830e-05
   3.35554343e-05]]

 [[2.56107943e-01 1.56158097e-01 1.04144681e-01 1.21227794e-01
   2.15180908e-03 5.27000651e-06 9.56307575e-06 1.53413168e-07
   5.77150380e-10 5.87947996e-13 4.61029309e-13 7.27894951e-16
   0.00000000e+00 0.00000000e+00 0.00000000e+00 0.00000000e+00
   0.00000000e+00 0.00000000e+00 0.00000000e+00 0.00000000e+00
   0.00000000e+00 0.00000000e+00 0.00000000e+00 0.00000000e+00
   0.00000000e+00 0.00000000e+00 0.00000000e+00 0.00000000e+00
   0.00000000e+00 0.00000000e+00 0.00000000e+00 0.00000000e+00
   0.00000000e+00]
  [2.47278623e-01 3.15983888e-01 3.08225071e-01 2.92496144e-01
   2.84841668e-01 3.08298777e-01 3.09379114e-01 3.17710924e-01
   3.23377532e-01 3.28477354e-01 3.25522995e-01 3.24991714e-01
   3.37286535e-01 3.32187895e-01 3.33412768e-01 3.35658512e-01
   3.34001571e-01 3.32623401e-01 3.36366957e-01 3.36718166e-01
   3.38254756e-01 3.41904693e-01 3.40570491e-01 3.40272920e-01
   3.41681247e-01 3.40590677e-01 3.39873350e-01 3.39508239e-01
   3.39004099e-01 3.34930433e-01 3.37861054e-01 3.36691693e-01
   3.38222121e-01]
  [3.45318200e-01 3.05506920e-01 2.80428148e-01 3.11796698e-01
   2.52279096e-01 2.27493538e-01 1.68352549e-01 1.64292177e-01
   1.32596764e-01 1.14959267e-01 9.69516004e-02 9.14773520e-02
   8.93157981e-02 8.42580523e-02 7.26332290e-02 5.43681914e-02
   6.57190708e-02 6.12827322e-02 6.44128337e-02 6.69295296e-02
   4.15111928e-02 3.05202242e-02 1.47555972e-02 1.42588782e-02
   8.55994018e-03 3.43971710e-03 4.40022795e-03 3.41241630e-03
   3.80331485e-03 1.55564701e-03 1.28541348e-03 1.03100525e-03
   1.05665267e-03]
  [2.57922019e-01 2.99825779e-01 2.77267470e-01 2.55554960e-01
   2.57213033e-01 2.58322423e-01 2.66706848e-01 2.73559326e-01
   2.78022662e-01 2.71861174e-01 2.75397180e-01 2.77936066e-01
   2.77878568e-01 2.78026099e-01 2.81845110e-01 2.79085170e-01
   2.77696586e-01 2.77602838e-01 2.80854018e-01 2.81964313e-01
   2.81635118e-01 2.82423539e-01 2.81915899e-01 2.84379182e-01
   2.86320553e-01 2.86477718e-01 2.86575356e-01 2.88920249e-01
   2.89508192e-01 2.91721320e-01 2.93287518e-01 2.93852824e-01
   2.95444636e-01]
  [9.49086821e-01 3.39319708e-01 2.11674512e-01 1.71467501e-01
   1.81065028e-01 1.53501849e-01 9.68712315e-02 8.32640998e-02
   6.52729882e-02 4.23209365e-02 4.73316104e-02 4.16807622e-02
   1.74121262e-02 2.42201347e-02 3.71666328e-03 1.20094329e-03
   1.25675897e-03 8.15800340e-05 1.14665365e-04 5.79784250e-05
   2.46612128e-06 2.45150716e-06 9.53502085e-06 2.34095027e-07
   1.95262411e-08 2.48353102e-08 7.32628931e-09 9.12249113e-10
   1.69100657e-09 1.87491178e-10 3.37351502e-10 5.66344697e-11
   1.83155191e-10]
  [2.60272918e-01 3.60997405e-01 2.85373292e-01 2.87067490e-01
   2.81115279e-01 2.77652428e-01 2.73522336e-01 2.74159093e-01
   2.79833882e-01 2.86812324e-01 2.87215770e-01 2.88759887e-01
   2.94413742e-01 2.95071236e-01 2.99416512e-01 3.00720437e-01
   2.97006703e-01 2.95572979e-01 2.98470402e-01 2.98549257e-01
   3.01872581e-01 3.00712799e-01 3.02438355e-01 3.06773950e-01
   3.09063379e-01 3.08036095e-01 3.07888069e-01 3.10879679e-01
   3.13321453e-01 3.13721230e-01 3.10778060e-01 3.12595821e-01
   3.10898772e-01]]

 [[7.83663930e-02 1.56188905e-02 7.66875624e-06 1.02705625e-07
   2.88864685e-10 1.31215239e-13 0.00000000e+00 0.00000000e+00
   0.00000000e+00 0.00000000e+00 0.00000000e+00 0.00000000e+00
   0.00000000e+00 0.00000000e+00 0.00000000e+00 0.00000000e+00
   0.00000000e+00 0.00000000e+00 0.00000000e+00 0.00000000e+00
   0.00000000e+00 0.00000000e+00 0.00000000e+00 0.00000000e+00
   0.00000000e+00 0.00000000e+00 0.00000000e+00 0.00000000e+00
   0.00000000e+00 0.00000000e+00 0.00000000e+00 0.00000000e+00
   0.00000000e+00]
  [4.11287719e-01 2.74619397e-01 1.96454349e-01 2.43518228e-01
   1.46827743e-01 9.48085638e-02 7.51656702e-02 6.04418925e-02
   3.09542317e-02 2.63664495e-02 1.62639738e-02 8.95655053e-03
   4.96278002e-03 4.17097907e-03 1.84351336e-03 1.08753699e-03
   8.48705842e-04 3.82772108e-04 1.44877052e-04 5.82422446e-05
   3.67816588e-05 2.26989277e-05 1.08018786e-05 3.97957306e-06
   1.12873644e-06 2.93225521e-07 2.60305406e-07 1.36555581e-07
   4.07149841e-08 9.47880095e-09 2.52500026e-09 5.59780846e-10
   5.49435049e-10]
  [1.36681935e-01 1.84225549e-01 8.42888957e-02 1.13275158e-02
   6.88292745e-03 2.42344880e-03 8.44887501e-04 2.54213901e-03
   9.79648926e-05 4.28412739e-07 1.40111782e-09 3.32312897e-10
   1.05906563e-12 1.19085354e-14 0.00000000e+00 1.10988996e-16
   2.22022400e-16 0.00000000e+00 0.00000000e+00 0.00000000e+00
   0.00000000e+00 0.00000000e+00 0.00000000e+00 0.00000000e+00
   0.00000000e+00 0.00000000e+00 0.00000000e+00 0.00000000e+00
   0.00000000e+00 0.00000000e+00 0.00000000e+00 0.00000000e+00
   0.00000000e+00]
  [4.68100425e-01 3.25723927e-01 2.21916612e-01 2.86625187e-01
   1.80977138e-01 1.15066688e-01 9.24151782e-02 9.08239151e-02
   5.17388389e-02 4.50851635e-02 3.31792752e-02 1.54347832e-02
   1.00125734e-02 8.29151437e-03 4.15775727e-03 2.93729965e-03
   1.81896909e-03 9.09300724e-04 3.46541693e-04 1.63115793e-04
   1.41551226e-04 1.12838576e-04 5.93531888e-05 2.06277989e-05
   7.77221902e-06 2.12146540e-06 1.23875334e-06 5.41590887e-07
   2.71078644e-07 7.47123267e-08 2.24247040e-08 5.28965121e-09
   4.64875883e-09]
  [2.36577912e-01 3.00069786e-01 3.27767072e-01 3.35220447e-01
   2.95660381e-01 2.67835391e-01 2.52698370e-01 2.51232777e-01
   2.50383134e-01 2.50992910e-01 2.54512474e-01 2.63419644e-01
   2.74567735e-01 2.82390667e-01 2.78342401e-01 2.73259675e-01
   2.65678000e-01 2.57351359e-01 2.47162044e-01 2.46331516e-01
   2.50120497e-01 2.49212625e-01 2.44344222e-01 2.43784719e-01
   2.43861919e-01 2.44590537e-01 2.49825634e-01 2.54297305e-01
   2.50495543e-01 2.51116805e-01 2.52070285e-01 2.52324101e-01
   2.52331652e-01]
  [4.66931028e-01 3.32801605e-01 2.24886694e-01 2.90431117e-01
   1.83845225e-01 1.23753731e-01 9.21343090e-02 9.59978083e-02
   5.63148181e-02 4.72439543e-02 3.65383435e-02 1.67326904e-02
   1.08156654e-02 8.42202199e-03 4.40488227e-03 3.34310822e-03
   1.89609399e-03 9.78038992e-04 3.78513531e-04 1.83761623e-04
   1.62591847e-04 1.36996651e-04 7.20334445e-05 2.58173209e-05
   9.79652553e-06 2.68765330e-06 1.36020581e-06 5.72054909e-07
   2.77353112e-07 9.05951324e-08 2.77078741e-08 6.53298916e-09
   5.39115016e-09]]

 [[1.90896177e-01 1.59195031e-01 1.67183178e-02 2.02326922e-03
   2.03580216e-03 8.39237017e-05 1.90086056e-05 1.82088809e-06
   8.29567060e-08 2.76060898e-14 0.00000000e+00 0.00000000e+00
   0.00000000e+00 0.00000000e+00 0.00000000e+00 0.00000000e+00
   0.00000000e+00 0.00000000e+00 0.00000000e+00 0.00000000e+00
   0.00000000e+00 0.00000000e+00 0.00000000e+00 0.00000000e+00
   0.00000000e+00 0.00000000e+00 0.00000000e+00 0.00000000e+00
   0.00000000e+00 0.00000000e+00 0.00000000e+00 0.00000000e+00
   0.00000000e+00]
  [2.33808926e-01 3.29511490e-01 3.16446058e-01 2.99623950e-01
   3.06901863e-01 3.17666936e-01 3.16553606e-01 3.26762228e-01
   3.34254007e-01 3.27581639e-01 3.28468653e-01 3.36303016e-01
   3.36422466e-01 3.27187194e-01 3.31072511e-01 3.29808899e-01
   3.33098108e-01 3.30975518e-01 3.27114380e-01 3.26175631e-01
   3.25648730e-01 3.23868980e-01 3.25671076e-01 3.26795375e-01
   3.25998864e-01 3.20926440e-01 3.20660955e-01 3.15485934e-01
   3.12087904e-01 3.10912717e-01 3.05285988e-01 3.04665854e-01
   2.98602628e-01]
  [3.43789866e-01 3.09308374e-01 2.84849563e-01 3.26130157e-01
   2.48758026e-01 2.17498640e-01 1.50067957e-01 1.29620482e-01
   9.61629605e-02 8.79158561e-02 6.95709858e-02 5.42456377e-02
   4.06474058e-02 2.48349136e-02 2.47062474e-02 1.40298729e-02
   1.77557037e-02 8.75175474e-03 3.30525474e-03 4.29538094e-03
   2.98957371e-03 2.28078898e-03 1.66352140e-03 2.13076397e-03
   1.39883117e-03 1.61657472e-03 8.27483276e-04 9.80688785e-04
   1.33189654e-03 6.87483000e-04 2.09997745e-04 1.08407769e-04
   1.51654887e-04]
  [2.45408858e-01 2.96065919e-01 2.66034428e-01 2.50639428e-01
   2.58355084e-01 2.56368027e-01 2.61831322e-01 2.67879278e-01
   2.71980211e-01 2.70376116e-01 2.72908846e-01 2.74853451e-01
   2.73243729e-01 2.76674804e-01 2.80123094e-01 2.78350435e-01
   2.81443233e-01 2.79876292e-01 2.80685404e-01 2.83811637e-01
   2.82414061e-01 2.84624929e-01 2.84659104e-01 2.87140457e-01
   2.88654231e-01 2.91029153e-01 2.91843706e-01 2.90449449e-01
   2.92321937e-01 2.92831408e-01 2.94382878e-01 2.93734218e-01
   2.97530930e-01]
  [9.45921593e-01 3.23538217e-01 1.88615417e-01 1.72372661e-01
   1.80434530e-01 1.53535099e-01 1.17546722e-01 1.04844684e-01
   4.03287258e-02 3.68168828e-02 4.89228295e-02 3.18007147e-02
   3.36122660e-02 2.02345162e-02 1.99945495e-02 7.49881425e-03
   1.28531149e-02 1.93187212e-02 1.54773772e-03 2.32871893e-03
   1.86648863e-04 1.08585773e-04 1.76406513e-05 2.50578683e-05
   1.31021824e-06 3.01932675e-07 1.66043972e-08 2.14522605e-08
   8.00027333e-10 1.39398138e-09 2.63858060e-09 4.58461650e-10
   1.41543234e-09]
  [2.43041285e-01 3.32693564e-01 2.77202759e-01 2.64526175e-01
   2.71576297e-01 2.68248597e-01 2.59139961e-01 2.63305275e-01
   2.66338441e-01 2.68483851e-01 2.66797256e-01 2.64058170e-01
   2.68298448e-01 2.77217017e-01 2.75680666e-01 2.79237566e-01
   2.80195705e-01 2.80025714e-01 2.77732829e-01 2.77466765e-01
   2.76132190e-01 2.75173530e-01 2.75934995e-01 2.78767690e-01
   2.79823514e-01 2.81605816e-01 2.81014031e-01 2.81883196e-01
   2.81287096e-01 2.81365817e-01 2.83698829e-01 2.84253352e-01
   2.86812992e-01]]] 
Error down for Pearson method: 
[[[7.26821652e-01 5.31928320e-01 4.38095045e-01 5.36395942e-01
   5.11216766e-01 6.35698619e-01 5.94446016e-01 6.37439949e-01
   5.89061011e-01 5.43841494e-01 5.06592571e-01 4.71812263e-01
   5.25436912e-01 4.96831727e-01 4.70074753e-01 4.48177464e-01
   4.52398986e-01 4.32596060e-01 4.16227707e-01 4.18205913e-01
   4.30276799e-01 4.35238861e-01 4.36046934e-01 4.31857156e-01
   4.23596053e-01 4.02421301e-01 3.99573779e-01 4.08749319e-01
   4.06086224e-01 4.17752446e-01 4.31015875e-01 4.31031572e-01
   4.34599877e-01]
  [6.43099831e-02 1.59568474e-02 5.65061940e-03 1.45052580e-03
   3.97502097e-04 1.05166583e-04 1.34010214e-05 6.01518277e-06
   2.61489414e-06 4.02527532e-07 5.57214772e-07 4.14540555e-08
   3.39085632e-09 2.54327557e-10 6.02573782e-10 2.71082139e-11
   9.84504889e-13 3.97341899e-14 5.93749491e-14 2.21603872e-15
   7.52176099e-17 2.25375274e-18 9.99200722e-20 0.00000000e+00
   0.00000000e+00 0.00000000e+00 0.00000000e+00 0.00000000e+00
   0.00000000e+00 0.00000000e+00 0.00000000e+00 0.00000000e+00
   0.00000000e+00]
  [4.52964549e-02 9.40919229e-03 2.50913941e-03 6.28940299e-04
   1.51139741e-04 2.09700446e-05 6.28595124e-06 8.74187106e-07
   4.24896870e-07 1.92871086e-08 1.08819022e-08 4.60386195e-10
   1.55730739e-10 3.65300678e-12 3.07745014e-12 7.70382000e-14
   1.50526418e-15 2.67563749e-17 1.78745907e-17 3.10862447e-19
   1.11022302e-20 0.00000000e+00 0.00000000e+00 0.00000000e+00
   0.00000000e+00 0.00000000e+00 0.00000000e+00 0.00000000e+00
   0.00000000e+00 0.00000000e+00 0.00000000e+00 0.00000000e+00
   0.00000000e+00]
  [1.53313845e-02 4.26268942e-03 7.80764783e-04 9.41242694e-05
   1.34403326e-05 2.81583532e-07 6.00509087e-09 1.41220827e-09
   1.72210456e-09 7.67899572e-12 2.87049804e-11 6.01365858e-14
   1.33160150e-16 1.44328993e-19 1.43218770e-18 0.00000000e+00
   0.00000000e+00 0.00000000e+00 0.00000000e+00 0.00000000e+00
   0.00000000e+00 0.00000000e+00 0.00000000e+00 0.00000000e+00
   0.00000000e+00 0.00000000e+00 0.00000000e+00 0.00000000e+00
   0.00000000e+00 0.00000000e+00 0.00000000e+00 0.00000000e+00
   0.00000000e+00]
  [1.71683046e-04 3.41706522e-07 1.65174190e-07 8.42280485e-14
   2.72715327e-15 0.00000000e+00 0.00000000e+00 0.00000000e+00
   0.00000000e+00 0.00000000e+00 0.00000000e+00 0.00000000e+00
   0.00000000e+00 0.00000000e+00 0.00000000e+00 0.00000000e+00
   0.00000000e+00 0.00000000e+00 0.00000000e+00 0.00000000e+00
   0.00000000e+00 0.00000000e+00 0.00000000e+00 0.00000000e+00
   0.00000000e+00 0.00000000e+00 0.00000000e+00 0.00000000e+00
   0.00000000e+00 0.00000000e+00 0.00000000e+00 0.00000000e+00
   0.00000000e+00]
  [9.39224448e-03 2.42075683e-03 4.28458650e-04 4.30542561e-05
   3.31973101e-06 1.62826351e-08 5.72181139e-10 2.58109289e-11
   5.06259538e-11 4.21671641e-14 2.31081279e-13 9.59010649e-17
   5.55111512e-20 0.00000000e+00 0.00000000e+00 0.00000000e+00
   0.00000000e+00 0.00000000e+00 0.00000000e+00 0.00000000e+00
   0.00000000e+00 0.00000000e+00 0.00000000e+00 0.00000000e+00
   0.00000000e+00 0.00000000e+00 0.00000000e+00 0.00000000e+00
   0.00000000e+00 0.00000000e+00 0.00000000e+00 0.00000000e+00
   0.00000000e+00]]

 [[1.40662377e-02 4.70764477e-03 1.05048337e-03 2.18463397e-04
   6.58744083e-05 3.86742819e-06 1.21247776e-06 8.91855081e-08
   4.78290491e-09 3.07484689e-10 9.91751753e-10 1.26760089e-10
   1.00248090e-12 4.40415768e-16 3.10862447e-19 0.00000000e+00
   0.00000000e+00 0.00000000e+00 0.00000000e+00 0.00000000e+00
   0.00000000e+00 0.00000000e+00 0.00000000e+00 0.00000000e+00
   0.00000000e+00 0.00000000e+00 0.00000000e+00 0.00000000e+00
   0.00000000e+00 0.00000000e+00 0.00000000e+00 0.00000000e+00
   0.00000000e+00]
  [3.37909512e-01 2.85281416e-01 2.72458074e-01 2.82883970e-01
   2.83291825e-01 2.81013502e-01 2.87864112e-01 2.86611207e-01
   2.88376872e-01 2.82180166e-01 2.78059481e-01 2.79879838e-01
   2.83823112e-01 2.81805921e-01 2.80555955e-01 2.86263950e-01
   2.82324003e-01 2.83797723e-01 2.85566769e-01 2.83628910e-01
   2.83728632e-01 2.86021715e-01 2.85127385e-01 2.84263515e-01
   2.84866233e-01 2.85140154e-01 2.84809916e-01 2.83748055e-01
   2.86170902e-01 2.84862176e-01 2.84916971e-01 2.86738448e-01
   2.86882756e-01]
  [9.99259409e-02 7.01083414e-02 5.02420329e-02 3.45944313e-02
   2.44170590e-02 1.66322092e-02 1.14640274e-02 7.82345765e-03
   5.66872262e-03 4.32431125e-03 2.78699027e-03 1.90840194e-03
   1.09879954e-03 8.10876052e-04 4.97738645e-04 3.49340075e-04
   1.76252247e-04 1.19548077e-04 6.76365494e-05 4.24957747e-05
   2.47756100e-05 1.32316562e-05 9.78900316e-06 5.05159962e-06
   3.36097494e-06 1.86572117e-06 1.36011829e-06 8.20673385e-07
   5.36925904e-07 3.47324960e-07 2.27269559e-07 9.98759723e-08
   5.84184044e-08]
  [3.36075330e-01 2.60434596e-01 2.41641567e-01 2.66985035e-01
   2.71679154e-01 2.73234797e-01 2.67364011e-01 2.62294481e-01
   2.57298745e-01 2.46906253e-01 2.45482697e-01 2.44534316e-01
   2.41828341e-01 2.38101443e-01 2.32298856e-01 2.27689129e-01
   2.19268560e-01 2.14480381e-01 2.10080623e-01 2.04957870e-01
   2.01934000e-01 1.98716189e-01 1.93981894e-01 1.88279584e-01
   1.83911380e-01 1.79774370e-01 1.75959078e-01 1.70565971e-01
   1.66821131e-01 1.63018044e-01 1.59203746e-01 1.55363732e-01
   1.50734844e-01]
  [3.85442219e-02 1.50699394e-02 8.48330933e-03 4.51208016e-03
   2.04004163e-03 1.02922468e-03 3.92922064e-04 8.69524340e-05
   2.38913602e-05 1.73867631e-05 1.14128726e-05 2.39124594e-06
   4.68839859e-07 2.40457681e-07 1.70367947e-07 3.96009073e-08
   1.35905274e-08 2.67218843e-08 2.17086964e-09 2.54288755e-09
   6.61563891e-11 1.00851885e-11 3.56325277e-12 3.75506304e-13
   1.17129623e-13 3.37565575e-14 1.81737079e-14 9.80583407e-16
   1.19074985e-16 1.74193993e-17 1.61759495e-17 2.10720330e-17
   1.37667655e-18]
  [3.42951484e-01 2.70439140e-01 2.40773566e-01 2.35528277e-01
   2.50293563e-01 2.38771904e-01 2.43909084e-01 2.36052546e-01
   2.23429635e-01 2.13481874e-01 2.03975299e-01 1.96233124e-01
   1.90152816e-01 1.83697214e-01 1.76677886e-01 1.69686655e-01
   1.60043571e-01 1.53286487e-01 1.44822981e-01 1.39326505e-01
   1.34687787e-01 1.28401075e-01 1.23472461e-01 1.17802007e-01
   1.12521699e-01 1.07635496e-01 1.02616698e-01 9.77567518e-02
   9.31297678e-02 8.87771754e-02 8.41470437e-02 8.07457438e-02
   7.69808808e-02]]

 [[2.29089758e-02 6.09484008e-03 1.06120317e-03 1.98115625e-04
   3.52633826e-05 1.72790348e-06 1.15274934e-06 7.55196050e-08
   4.16695684e-09 4.01395789e-10 6.54775164e-12 3.73469895e-13
   9.14255073e-15 3.66130214e-16 6.13953333e-18 5.55111512e-20
   2.44249065e-19 0.00000000e+00 0.00000000e+00 0.00000000e+00
   0.00000000e+00 0.00000000e+00 0.00000000e+00 0.00000000e+00
   0.00000000e+00 0.00000000e+00 0.00000000e+00 0.00000000e+00
   0.00000000e+00 0.00000000e+00 0.00000000e+00 0.00000000e+00
   0.00000000e+00]
  [1.77613825e-01 1.36364203e-01 9.55620152e-02 6.96936077e-02
   4.61430316e-02 3.30853799e-02 2.16909662e-02 1.47772637e-02
   9.62265715e-03 6.59093689e-03 4.34589708e-03 2.96370877e-03
   1.93096563e-03 1.23046378e-03 7.00124899e-04 4.25067030e-04
   2.50278745e-04 1.67946896e-04 1.10655781e-04 6.71336462e-05
   4.03515839e-05 2.63356911e-05 1.80630479e-05 1.15682142e-05
   7.08570888e-06 3.19681104e-06 1.28601044e-06 6.99996666e-07
   4.53252455e-07 2.03740206e-07 8.63293951e-08 5.26983193e-08
   2.49195118e-08]
  [4.26899082e-01 4.16812498e-01 3.54151970e-01 4.10248543e-01
   4.30094503e-01 3.98633236e-01 3.50544865e-01 3.26283921e-01
   3.32941787e-01 3.08755711e-01 3.08969219e-01 3.06374637e-01
   3.04751377e-01 3.07345243e-01 2.98327658e-01 3.05104542e-01
   3.05710301e-01 3.13377292e-01 3.07764010e-01 3.03868906e-01
   3.01150558e-01 3.03127051e-01 3.02247015e-01 3.04965602e-01
   3.03035362e-01 2.97164225e-01 2.94927427e-01 2.94843696e-01
   2.95448231e-01 2.92543002e-01 2.91996383e-01 2.87885692e-01
   2.89996463e-01]
  [1.81284666e-01 1.61953048e-01 1.02601082e-01 7.92456609e-02
   5.91706972e-02 4.23559392e-02 2.93375280e-02 2.02666889e-02
   1.45731183e-02 9.70960986e-03 7.15200631e-03 4.91935621e-03
   3.37501517e-03 2.32182478e-03 1.56424217e-03 1.06442827e-03
   7.28232313e-04 5.62073716e-04 4.29961717e-04 2.88524988e-04
   1.95883742e-04 1.58548321e-04 1.10458766e-04 7.34639162e-05
   4.50223241e-05 2.33867115e-05 1.07081620e-05 6.27318411e-06
   2.62052476e-06 1.53177914e-06 7.48500119e-07 4.21775138e-07
   2.08033321e-07]
  [5.71110207e-03 1.83215100e-03 4.45638485e-04 1.59885875e-04
   3.09849370e-05 4.03620226e-06 1.75497438e-07 2.14126733e-08
   3.11589128e-09 3.77833501e-11 6.79777578e-11 1.12475756e-13
   3.46852825e-16 9.76996262e-19 0.00000000e+00 0.00000000e+00
   0.00000000e+00 0.00000000e+00 0.00000000e+00 0.00000000e+00
   0.00000000e+00 0.00000000e+00 0.00000000e+00 0.00000000e+00
   0.00000000e+00 0.00000000e+00 0.00000000e+00 0.00000000e+00
   0.00000000e+00 0.00000000e+00 0.00000000e+00 0.00000000e+00
   0.00000000e+00]
  [1.82412097e-01 1.60079094e-01 1.01290628e-01 7.88000745e-02
   6.08550001e-02 4.31080291e-02 3.09886862e-02 2.12109998e-02
   1.53411482e-02 1.05783441e-02 7.75954385e-03 5.49610417e-03
   3.73929843e-03 2.61521579e-03 1.83295438e-03 1.28531924e-03
   9.03280260e-04 6.99051196e-04 5.47398535e-04 3.79391817e-04
   2.65618543e-04 2.10572119e-04 1.42521704e-04 9.40659079e-05
   5.79101459e-05 3.10521559e-05 1.45432111e-05 8.57780561e-06
   3.45377978e-06 2.32120294e-06 1.19329998e-06 6.53725929e-07
   3.32933019e-07]]

 [[6.98087456e-03 1.35345431e-03 3.96332534e-04 1.05653997e-04
   1.92236538e-06 7.43455382e-09 5.65359910e-09 4.43460920e-11
   1.57175288e-13 3.14770432e-16 1.48785123e-16 1.66533454e-19
   0.00000000e+00 0.00000000e+00 0.00000000e+00 0.00000000e+00
   0.00000000e+00 0.00000000e+00 0.00000000e+00 0.00000000e+00
   0.00000000e+00 0.00000000e+00 0.00000000e+00 0.00000000e+00
   0.00000000e+00 0.00000000e+00 0.00000000e+00 0.00000000e+00
   0.00000000e+00 0.00000000e+00 0.00000000e+00 0.00000000e+00
   0.00000000e+00]
  [3.26506607e-01 2.75099154e-01 2.57710431e-01 2.68106326e-01
   2.82812376e-01 2.67798041e-01 2.71216847e-01 2.63719373e-01
   2.56802190e-01 2.49946575e-01 2.50384874e-01 2.48063215e-01
   2.37672867e-01 2.39951950e-01 2.35962833e-01 2.28817486e-01
   2.23921320e-01 2.21384149e-01 2.15306262e-01 2.10443471e-01
   2.05451495e-01 2.00315951e-01 1.96634481e-01 1.92882459e-01
   1.88211475e-01 1.84544572e-01 1.81970751e-01 1.78977753e-01
   1.75793920e-01 1.73747209e-01 1.70106977e-01 1.67709076e-01
   1.64132480e-01]
  [1.06261732e-01 7.62026877e-02 5.98588857e-02 3.98523820e-02
   2.85764813e-02 1.91196607e-02 1.42979782e-02 1.03269897e-02
   6.91501454e-03 4.98396297e-03 3.21586470e-03 2.22484350e-03
   1.62325116e-03 1.18078514e-03 8.17860868e-04 5.39472964e-04
   5.01062899e-04 3.61686467e-04 3.13847326e-04 2.85085384e-04
   1.75207852e-04 1.23389350e-04 6.69787653e-05 5.62065942e-05
   3.30653917e-05 1.65778919e-05 1.46009420e-05 1.12704887e-05
   9.30610282e-06 4.58956680e-06 3.63190279e-06 2.98757270e-06
   2.50804230e-06]
  [3.71381881e-01 2.76031399e-01 2.70614816e-01 2.84569885e-01
   2.84145114e-01 2.91727594e-01 2.88668149e-01 2.83690320e-01
   2.79557032e-01 2.85072813e-01 2.81828657e-01 2.79013574e-01
   2.81702417e-01 2.83602264e-01 2.83965586e-01 2.83793078e-01
   2.85705487e-01 2.88193974e-01 2.86372426e-01 2.86965426e-01
   2.86490432e-01 2.84904579e-01 2.85466182e-01 2.84865353e-01
   2.81646246e-01 2.82822035e-01 2.83229318e-01 2.83312400e-01
   2.84758297e-01 2.83235160e-01 2.83668718e-01 2.83867345e-01
   2.81319864e-01]
  [4.43788169e-02 2.14366807e-02 1.21239667e-02 7.09557648e-03
   4.05745561e-03 2.22744115e-03 9.53883095e-04 6.41291857e-04
   4.02551389e-04 2.05412191e-04 1.28466222e-04 8.66191472e-05
   3.66573700e-05 3.45932359e-05 5.39713364e-06 2.00801754e-06
   1.53033874e-06 1.52527135e-07 1.16472562e-07 4.94673562e-08
   2.86613801e-09 2.04050580e-09 4.97118516e-09 2.02567510e-10
   2.12804000e-11 1.50509048e-11 5.46691531e-12 7.70383793e-13
   7.95884908e-13 1.21879778e-13 1.28844295e-13 3.08899698e-14
   5.88311246e-14]
  [3.79227681e-01 2.57977532e-01 2.88083843e-01 2.73049603e-01
   2.75378199e-01 2.80674840e-01 2.88709182e-01 2.90656259e-01
   2.87582673e-01 2.82193696e-01 2.82187481e-01 2.80709782e-01
   2.78746987e-01 2.79499664e-01 2.78987231e-01 2.76352570e-01
   2.79294768e-01 2.83064996e-01 2.81777000e-01 2.82814912e-01
   2.78424636e-01 2.78646750e-01 2.78696298e-01 2.75663082e-01
   2.73299777e-01 2.74128642e-01 2.72697444e-01 2.71313796e-01
   2.70059018e-01 2.68738041e-01 2.71205763e-01 2.68091850e-01
   2.67497672e-01]]

 [[1.78201792e-04 3.54731817e-06 3.08670585e-09 2.05452340e-11
   2.88897521e-14 1.31228362e-17 0.00000000e+00 0.00000000e+00
   0.00000000e+00 0.00000000e+00 0.00000000e+00 0.00000000e+00
   0.00000000e+00 0.00000000e+00 0.00000000e+00 0.00000000e+00
   0.00000000e+00 0.00000000e+00 0.00000000e+00 0.00000000e+00
   0.00000000e+00 0.00000000e+00 0.00000000e+00 0.00000000e+00
   0.00000000e+00 0.00000000e+00 0.00000000e+00 0.00000000e+00
   0.00000000e+00 0.00000000e+00 0.00000000e+00 0.00000000e+00
   0.00000000e+00]
  [1.08357342e-01 1.06243435e-01 6.53581965e-02 3.10461289e-02
   1.89587271e-02 1.04597621e-02 5.45011384e-03 2.91287822e-03
   1.48944421e-03 8.59128135e-04 4.20364519e-04 2.11991301e-04
   1.03674750e-04 5.46271704e-05 2.74562216e-05 1.37398638e-05
   6.29999471e-06 3.02910442e-06 1.35421778e-06 4.98958603e-07
   2.45951752e-07 1.03908825e-07 5.10994767e-08 1.75849141e-08
   5.57084079e-09 1.81613253e-09 8.88153825e-10 4.12629809e-10
   1.39548236e-10 4.39671715e-11 1.39527633e-11 3.75499155e-12
   1.78292313e-12]
  [1.58780515e-02 4.01885350e-03 9.09443282e-04 9.65326934e-05
   1.74181902e-05 3.07612996e-06 9.17975227e-07 1.09192675e-06
   3.40394116e-08 2.75970358e-10 1.07449819e-12 1.50046867e-13
   6.47540331e-16 7.77156117e-18 0.00000000e+00 3.33066907e-20
   2.22044605e-20 0.00000000e+00 0.00000000e+00 0.00000000e+00
   0.00000000e+00 0.00000000e+00 0.00000000e+00 0.00000000e+00
   0.00000000e+00 0.00000000e+00 0.00000000e+00 0.00000000e+00
   0.00000000e+00 0.00000000e+00 0.00000000e+00 0.00000000e+00
   0.00000000e+00]
  [1.17150047e-01 1.16742771e-01 7.95493555e-02 3.92543616e-02
   2.47762642e-02 1.47745796e-02 8.14665491e-03 4.57558643e-03
   2.56336136e-03 1.57636847e-03 8.30026185e-04 4.23112364e-04
   2.24599044e-04 1.19167276e-04 6.58068872e-05 3.62848982e-05
   1.68620503e-05 8.19585753e-06 4.00907618e-06 1.73812170e-06
   9.49397642e-07 4.67422815e-07 2.59884728e-07 9.80233280e-08
   3.50002088e-08 1.20782019e-08 5.75159773e-09 2.63229145e-09
   1.02679863e-09 3.69863724e-10 1.25538319e-10 3.72926111e-11
   1.88019029e-11]
  [7.43978932e-01 5.98315968e-01 4.76757579e-01 4.06877845e-01
   4.27408437e-01 4.57373745e-01 4.81042428e-01 4.70651827e-01
   4.63432618e-01 4.55626664e-01 4.37156692e-01 4.09637242e-01
   3.83913441e-01 3.61879427e-01 3.57075530e-01 3.52917728e-01
   3.55406800e-01 3.60840999e-01 3.71744680e-01 3.68352545e-01
   3.56543774e-01 3.53134444e-01 3.57407363e-01 3.55225334e-01
   3.52388729e-01 3.50391649e-01 3.38931669e-01 3.30669632e-01
   3.34200532e-01 3.31654550e-01 3.29017925e-01 3.28716058e-01
   3.27342682e-01]
  [1.18174836e-01 1.17526747e-01 8.04245180e-02 3.96366218e-02
   2.49115016e-02 1.47908378e-02 8.35757788e-03 4.69553748e-03
   2.66056329e-03 1.65745475e-03 8.76853452e-04 4.44867418e-04
   2.36798064e-04 1.24501266e-04 6.90839749e-05 3.86846223e-05
   1.81411693e-05 8.66547099e-06 4.31319433e-06 1.92432667e-06
   1.06423907e-06 5.40988751e-07 3.08961447e-07 1.17773609e-07
   4.27750829e-08 1.47642918e-08 6.82135160e-09 3.01263659e-09
   1.20470761e-09 4.42078696e-10 1.51195687e-10 4.49447713e-11
   2.24938799e-11]]

 [[4.33310731e-03 9.37662758e-04 2.34215831e-05 2.86169730e-06
   9.12782063e-07 2.91079015e-08 5.38373881e-09 2.97270744e-10
   8.29650141e-12 4.14113188e-18 0.00000000e+00 0.00000000e+00
   0.00000000e+00 0.00000000e+00 0.00000000e+00 0.00000000e+00
   0.00000000e+00 0.00000000e+00 0.00000000e+00 0.00000000e+00
   0.00000000e+00 0.00000000e+00 0.00000000e+00 0.00000000e+00
   0.00000000e+00 0.00000000e+00 0.00000000e+00 0.00000000e+00
   0.00000000e+00 0.00000000e+00 0.00000000e+00 0.00000000e+00
   0.00000000e+00]
  [3.62367608e-01 2.68626321e-01 2.51831313e-01 2.61541631e-01
   2.58252796e-01 2.46894930e-01 2.42731148e-01 2.31740758e-01
   2.16915581e-01 2.13831451e-01 2.08055735e-01 1.99378667e-01
   1.93682926e-01 1.90047823e-01 1.82849655e-01 1.76933369e-01
   1.69377919e-01 1.62370636e-01 1.57057053e-01 1.51914170e-01
   1.46147530e-01 1.40610439e-01 1.34054678e-01 1.28678395e-01
   1.23362404e-01 1.19079638e-01 1.14359065e-01 1.09274966e-01
   1.05349376e-01 1.01677930e-01 9.86892190e-02 9.47554426e-02
   9.08391717e-02]
  [1.08483535e-01 7.89474821e-02 5.96151668e-02 3.96925429e-02
   2.75823185e-02 1.79449015e-02 1.19525682e-02 8.11331029e-03
   5.15478420e-03 3.65023978e-03 2.40714584e-03 1.53618827e-03
   1.03178069e-03 6.40980530e-04 4.37566933e-04 2.38774236e-04
   1.97313706e-04 1.13098217e-04 4.58009830e-05 3.74358796e-05
   2.65370714e-05 1.77052810e-05 1.21912131e-05 9.05704564e-06
   7.47376671e-06 6.03443373e-06 3.92662457e-06 3.70115363e-06
   3.55728623e-06 1.75557739e-06 6.29466979e-07 3.37509446e-07
   3.48794739e-07]
  [3.76468545e-01 2.76668837e-01 2.76630107e-01 2.94788127e-01
   2.84139435e-01 2.89026884e-01 2.88018523e-01 2.83120190e-01
   2.78981419e-01 2.81229285e-01 2.81168152e-01 2.81648723e-01
   2.85735542e-01 2.83852450e-01 2.80919350e-01 2.81959475e-01
   2.82240623e-01 2.83615938e-01 2.85289791e-01 2.83736589e-01
   2.83068521e-01 2.80909360e-01 2.81893263e-01 2.78835410e-01
   2.79449578e-01 2.79393182e-01 2.77667302e-01 2.77581440e-01
   2.78143113e-01 2.78549648e-01 2.78038262e-01 2.79271707e-01
   2.78329558e-01]
  [4.72600387e-02 2.19722097e-02 1.23059244e-02 7.09086088e-03
   4.03806946e-03 2.26345078e-03 1.32511091e-03 6.53912748e-04
   2.97219438e-04 2.08465343e-04 1.75791164e-04 7.36256662e-05
   5.21014909e-05 3.18838430e-05 2.25398019e-05 1.08169025e-05
   1.26877048e-05 1.16773436e-05 1.31995150e-06 1.14857675e-06
   9.77183545e-08 8.35709589e-08 1.56945261e-08 1.07163375e-08
   9.43078562e-10 1.94835552e-10 2.47960548e-11 1.32452790e-11
   1.22603288e-12 1.45357337e-12 2.17207966e-12 2.39125270e-13
   6.15554262e-13]
  [3.81894315e-01 2.65844536e-01 2.81595234e-01 2.91931434e-01
   2.76546416e-01 2.77543478e-01 2.89444527e-01 2.85691455e-01
   2.85406623e-01 2.85191184e-01 2.88822002e-01 2.95485161e-01
   2.93853242e-01 2.86026915e-01 2.87635057e-01 2.83667398e-01
   2.85341592e-01 2.85636699e-01 2.91011038e-01 2.92531221e-01
   2.92786188e-01 2.93956291e-01 2.93344788e-01 2.90344502e-01
   2.91858128e-01 2.91831374e-01 2.91137854e-01 2.88949282e-01
   2.90717357e-01 2.91366846e-01 2.90346371e-01 2.90815256e-01
   2.89076590e-01]]] 
