Testing model resnet_1696846798_SPH_9_BH_n2_M10_BH_n4_M8_BH_n4_M10_BH_n4_M12_BH_n6_M10_CUT_res50. 
Number of events in data: 
15000 
Classes in data: 
6 
Number of events detected: 
[ 2  3  4  5  6  7  8  9 10 11 12 13 14 15 16 17 18 19 20 21 22 23 24 25
 26 27 28 29 30 31 32 33 34] 
Number of samples for each n number of events: 1000 
p_values: 
[[[8.55331987e-01 8.11615013e-01 7.79283533e-01 7.71219793e-01
   7.72010057e-01 7.64912415e-01 7.56570103e-01 7.50965222e-01
   7.44038341e-01 7.37153543e-01 7.23667437e-01 7.20860249e-01
   7.07647561e-01 7.01927075e-01 6.99704390e-01 6.93831904e-01
   6.88596083e-01 6.81081837e-01 6.70185553e-01 6.62761695e-01
   6.59252498e-01 6.55064808e-01 6.50552919e-01 6.51091499e-01
   6.46479119e-01 6.44602266e-01 6.42478416e-01 6.40148539e-01
   6.40784800e-01 6.39567912e-01 6.36916743e-01 6.32263023e-01
   6.30882831e-01]
  [7.50459199e-02 2.16897599e-02 5.92754198e-03 1.87077688e-03
   4.04109667e-04 1.18954454e-04 6.46931261e-05 8.01140458e-06
   1.31524000e-06 1.20611651e-06 1.26981667e-07 1.10438256e-08
   1.95685847e-08 1.77962946e-09 1.41876073e-10 1.01361901e-11
   6.63542665e-13 4.00067757e-14 2.47102339e-15 1.96342942e-15
   1.33781874e-16 8.21565038e-18 4.44089210e-19 0.00000000e+00
   0.00000000e+00 0.00000000e+00 0.00000000e+00 0.00000000e+00
   0.00000000e+00 0.00000000e+00 0.00000000e+00 0.00000000e+00
   0.00000000e+00]
  [1.30823216e-01 4.86705721e-02 1.70318507e-02 6.06165779e-03
   2.03223277e-03 7.79340575e-04 2.90869869e-04 6.45467648e-05
   1.67639336e-05 1.76239734e-05 3.86382964e-06 7.60104088e-07
   2.10262954e-06 4.23352221e-07 7.65202477e-08 1.27000346e-08
   2.02132527e-09 3.13960327e-10 1.04870754e-10 2.20857830e-10
   3.08396269e-11 4.15477941e-12 5.27697441e-13 6.56259491e-14
   8.07065526e-15 1.82209803e-15 2.05724326e-16 3.53050922e-17
   4.65183447e-17 5.32907052e-18 5.55111512e-19 1.11022302e-19
   0.00000000e+00]
  [2.84952804e-02 4.49674138e-03 5.96684593e-04 1.27809404e-04
   1.06539654e-05 5.98758646e-07 6.51442658e-07 1.10834147e-08
   2.10681164e-10 5.08576935e-10 6.13880435e-12 5.65828495e-14
   3.06262016e-13 3.05633296e-15 2.50910404e-17 2.22044605e-19
   0.00000000e+00 0.00000000e+00 0.00000000e+00 0.00000000e+00
   0.00000000e+00 0.00000000e+00 0.00000000e+00 0.00000000e+00
   0.00000000e+00 0.00000000e+00 0.00000000e+00 0.00000000e+00
   0.00000000e+00 0.00000000e+00 0.00000000e+00 0.00000000e+00
   0.00000000e+00]
  [7.40708343e-06 1.83927004e-07 2.26789010e-12 6.50346443e-15
   0.00000000e+00 0.00000000e+00 0.00000000e+00 0.00000000e+00
   0.00000000e+00 0.00000000e+00 0.00000000e+00 0.00000000e+00
   0.00000000e+00 0.00000000e+00 0.00000000e+00 0.00000000e+00
   0.00000000e+00 0.00000000e+00 0.00000000e+00 0.00000000e+00
   0.00000000e+00 0.00000000e+00 0.00000000e+00 0.00000000e+00
   0.00000000e+00 0.00000000e+00 0.00000000e+00 0.00000000e+00
   0.00000000e+00 0.00000000e+00 0.00000000e+00 0.00000000e+00
   0.00000000e+00]
  [1.61928231e-02 2.63082436e-03 1.54040926e-04 3.75263363e-05
   1.19248233e-06 1.98630939e-08 3.60570989e-08 1.71147518e-10
   7.99017408e-13 3.33571359e-12 1.06292752e-14 2.46469511e-17
   2.63011835e-16 6.66133815e-19 0.00000000e+00 0.00000000e+00
   0.00000000e+00 0.00000000e+00 0.00000000e+00 0.00000000e+00
   0.00000000e+00 0.00000000e+00 0.00000000e+00 0.00000000e+00
   0.00000000e+00 0.00000000e+00 0.00000000e+00 0.00000000e+00
   0.00000000e+00 0.00000000e+00 0.00000000e+00 0.00000000e+00
   0.00000000e+00]]

 [[1.48902548e-02 2.88629928e-03 2.91192750e-04 2.60893267e-07
   1.64990423e-07 1.50284692e-07 7.92129427e-07 2.10232801e-10
   9.00277297e-13 1.48769885e-17 0.00000000e+00 0.00000000e+00
   0.00000000e+00 0.00000000e+00 0.00000000e+00 0.00000000e+00
   0.00000000e+00 0.00000000e+00 0.00000000e+00 0.00000000e+00
   0.00000000e+00 0.00000000e+00 0.00000000e+00 0.00000000e+00
   0.00000000e+00 0.00000000e+00 0.00000000e+00 0.00000000e+00
   0.00000000e+00 0.00000000e+00 0.00000000e+00 0.00000000e+00
   0.00000000e+00]
  [5.10688963e-01 5.06341593e-01 5.12477855e-01 5.19435302e-01
   5.15243890e-01 5.13136204e-01 5.08446576e-01 5.04845107e-01
   5.01806032e-01 5.08707790e-01 5.12949981e-01 5.13455626e-01
   5.06939230e-01 5.10399952e-01 5.13007609e-01 5.16246524e-01
   5.12608893e-01 5.17207605e-01 5.14736429e-01 5.14154953e-01
   5.12283864e-01 5.10871915e-01 5.08763666e-01 5.03805393e-01
   5.01223822e-01 5.03684426e-01 5.02954999e-01 5.01260029e-01
   4.97625963e-01 4.97120057e-01 4.98198070e-01 5.01087522e-01
   5.01481024e-01]
  [1.73922424e-01 1.27057834e-01 9.22766984e-02 7.09339452e-02
   5.60314307e-02 4.08097778e-02 3.24002931e-02 2.76136191e-02
   2.26695983e-02 1.58443561e-02 1.08370103e-02 8.16701550e-03
   6.60998106e-03 4.87728099e-03 3.56758048e-03 2.58016207e-03
   1.98446767e-03 1.42738664e-03 8.39106802e-04 4.58160653e-04
   2.73127243e-04 1.85599430e-04 1.23282521e-04 8.27941292e-05
   5.66071311e-05 3.21749749e-05 2.87169140e-05 1.89829209e-05
   1.36754460e-05 9.29581540e-06 5.55440482e-06 4.71952508e-06
   3.73594766e-06]
  [4.78371426e-01 4.71348486e-01 4.61882334e-01 4.60551645e-01
   4.44828742e-01 4.34747440e-01 4.22973802e-01 4.15950564e-01
   4.05960215e-01 3.98035075e-01 3.90903859e-01 3.83695320e-01
   3.72811735e-01 3.67055129e-01 3.61129971e-01 3.56138681e-01
   3.50182544e-01 3.42437949e-01 3.32978018e-01 3.26731778e-01
   3.18934927e-01 3.07564338e-01 3.01770028e-01 2.92471021e-01
   2.87944595e-01 2.85279368e-01 2.82057674e-01 2.75443013e-01
   2.67484446e-01 2.62590527e-01 2.58503086e-01 2.58142530e-01
   2.54593816e-01]
  [6.69279367e-02 2.65506021e-02 1.20642587e-02 5.06531961e-03
   2.79088267e-03 1.38727444e-03 6.45651841e-04 2.41450539e-04
   1.68104489e-04 6.93289522e-05 1.87299354e-05 6.96856732e-06
   5.77706318e-06 1.39190992e-06 8.83262925e-07 4.52852127e-07
   3.54731472e-07 1.09646437e-07 2.13467798e-07 7.85190246e-08
   1.70937218e-08 2.74112034e-09 6.07174570e-10 1.40437567e-10
   9.57862299e-11 1.24363807e-10 2.21074652e-11 3.15713855e-12
   3.64892561e-13 3.63322705e-14 1.32540645e-14 4.95414820e-15
   1.24555921e-15]
  [4.43852000e-01 4.26059413e-01 4.07731197e-01 4.01321603e-01
   3.81139190e-01 3.64678493e-01 3.49393999e-01 3.38264029e-01
   3.24673977e-01 3.11383429e-01 2.99405788e-01 2.89287656e-01
   2.76102087e-01 2.64817858e-01 2.54846713e-01 2.47428493e-01
   2.38916208e-01 2.28058207e-01 2.17700422e-01 2.09593233e-01
   1.99986515e-01 1.89423982e-01 1.82883309e-01 1.74321774e-01
   1.68879372e-01 1.65107115e-01 1.60475001e-01 1.54503803e-01
   1.47078497e-01 1.42213536e-01 1.37032094e-01 1.35718708e-01
   1.31755036e-01]]

 [[3.23678111e-02 1.13828881e-02 3.23473250e-03 9.60924861e-04
   4.99134639e-04 2.40962888e-04 1.62860453e-05 2.51628395e-07
   5.17402756e-08 9.00116099e-08 1.66260206e-12 1.11849621e-11
   3.54871688e-15 3.33066907e-19 1.44328993e-18 0.00000000e+00
   1.11022302e-19 0.00000000e+00 0.00000000e+00 0.00000000e+00
   0.00000000e+00 0.00000000e+00 0.00000000e+00 0.00000000e+00
   0.00000000e+00 0.00000000e+00 0.00000000e+00 0.00000000e+00
   0.00000000e+00 0.00000000e+00 0.00000000e+00 0.00000000e+00
   0.00000000e+00]
  [2.62699469e-01 1.78991343e-01 1.39208678e-01 1.06086848e-01
   8.23804360e-02 6.03606773e-02 4.88537879e-02 3.70659301e-02
   2.85272018e-02 2.16044112e-02 1.61497396e-02 1.18054128e-02
   9.51123262e-03 7.08103079e-03 4.79509793e-03 3.37009989e-03
   2.58629589e-03 2.25650387e-03 1.91211954e-03 1.33189257e-03
   1.11805199e-03 1.01681720e-03 6.70875111e-04 3.83019418e-04
   3.20961784e-04 1.58907534e-04 1.18683156e-04 1.25529202e-04
   5.12651833e-05 3.30078929e-05 1.89820537e-05 2.87113139e-05
   1.50483409e-05]
  [6.02850881e-01 5.79770342e-01 5.58843118e-01 5.40750700e-01
   5.31100723e-01 5.31102236e-01 5.16050841e-01 5.14612039e-01
   5.10684995e-01 5.07219625e-01 5.04924569e-01 5.00847109e-01
   4.99133706e-01 5.02087708e-01 4.97049929e-01 4.95924217e-01
   4.90882662e-01 4.86024671e-01 4.84497434e-01 4.81560615e-01
   4.82437133e-01 4.86423948e-01 4.93707822e-01 4.91859810e-01
   4.94879697e-01 4.94041566e-01 4.99331613e-01 5.06147550e-01
   5.10758421e-01 5.06804455e-01 5.03937718e-01 5.05271606e-01
   5.03182276e-01]
  [2.61742216e-01 1.87430057e-01 1.46889569e-01 1.14046497e-01
   8.81463076e-02 6.49025691e-02 5.25510366e-02 3.97411494e-02
   3.12853068e-02 2.45056366e-02 1.80120420e-02 1.27671839e-02
   9.17282781e-03 6.35239512e-03 3.84637968e-03 3.04581471e-03
   2.32029697e-03 1.88670343e-03 1.57318676e-03 1.00841014e-03
   7.48417943e-04 5.64140285e-04 3.19396524e-04 2.09861798e-04
   2.28162643e-04 1.03266925e-04 7.20264824e-05 8.94154232e-05
   5.18104889e-05 3.38766338e-05 1.31094137e-05 1.67861139e-05
   1.19664262e-05]
  [8.30895475e-03 3.18579241e-03 9.32970440e-04 2.28632498e-04
   3.54886645e-05 2.52573033e-06 3.81571123e-07 3.34771101e-07
   2.08376865e-07 1.87501755e-08 1.19249872e-09 1.01163780e-10
   4.76107798e-12 9.18423115e-14 5.91193761e-16 7.99360578e-18
   3.10862447e-18 3.49720253e-17 0.00000000e+00 0.00000000e+00
   0.00000000e+00 0.00000000e+00 0.00000000e+00 0.00000000e+00
   0.00000000e+00 0.00000000e+00 0.00000000e+00 0.00000000e+00
   0.00000000e+00 0.00000000e+00 0.00000000e+00 0.00000000e+00
   0.00000000e+00]
  [2.62213249e-01 1.88268587e-01 1.47494002e-01 1.16229387e-01
   8.94694194e-02 6.63609183e-02 5.32378316e-02 4.02622808e-02
   3.12710084e-02 2.44245828e-02 1.81285163e-02 1.28159326e-02
   8.92892532e-03 5.96963128e-03 3.62395001e-03 3.00179106e-03
   2.33939535e-03 1.81914659e-03 1.44965861e-03 8.93287942e-04
   6.72182096e-04 5.43022695e-04 3.58081142e-04 2.45802190e-04
   2.67585303e-04 1.36646485e-04 9.44775336e-05 1.07444976e-04
   5.97311046e-05 3.12085775e-05 1.22747234e-05 9.52486674e-06
   7.07498653e-06]]

 [[3.37408160e-03 3.70839630e-04 2.32520629e-04 1.90518353e-08
   1.15489125e-10 2.87676699e-10 3.90334668e-10 2.85882429e-16
   1.28208555e-15 5.14255305e-16 1.23392407e-14 1.66533454e-18
   0.00000000e+00 0.00000000e+00 0.00000000e+00 0.00000000e+00
   0.00000000e+00 0.00000000e+00 0.00000000e+00 0.00000000e+00
   0.00000000e+00 0.00000000e+00 0.00000000e+00 0.00000000e+00
   0.00000000e+00 0.00000000e+00 0.00000000e+00 0.00000000e+00
   0.00000000e+00 0.00000000e+00 0.00000000e+00 0.00000000e+00
   0.00000000e+00]
  [4.40461637e-01 4.41198157e-01 4.29449197e-01 4.20629976e-01
   4.14213571e-01 4.09519900e-01 4.01278876e-01 3.96938686e-01
   3.94170377e-01 3.77936214e-01 3.70021210e-01 3.65611949e-01
   3.57290896e-01 3.49642192e-01 3.45619286e-01 3.39783688e-01
   3.33847431e-01 3.26156310e-01 3.17137714e-01 3.14595316e-01
   3.07919087e-01 3.00792888e-01 2.93475021e-01 2.90509499e-01
   2.80139077e-01 2.69682899e-01 2.64694824e-01 2.58032942e-01
   2.47581180e-01 2.42518875e-01 2.36606265e-01 2.34030463e-01
   2.30897654e-01]
  [1.54473146e-01 1.19243945e-01 9.31083273e-02 7.57115272e-02
   5.86828106e-02 4.62467325e-02 3.70172546e-02 2.46950654e-02
   1.91732230e-02 1.37365060e-02 8.48101115e-03 5.81385436e-03
   3.60510135e-03 3.50908855e-03 2.62655173e-03 2.09385929e-03
   1.76417813e-03 1.19391028e-03 1.03178699e-03 6.31232502e-04
   3.05515299e-04 2.03437165e-04 1.51305934e-04 6.82036734e-05
   5.26966013e-05 3.65056409e-05 2.45942326e-05 1.61326968e-05
   1.64650300e-05 7.99433490e-06 3.89315911e-06 2.08560665e-06
   1.20643705e-06]
  [4.96530959e-01 5.10728186e-01 5.08282192e-01 5.05100726e-01
   5.05164768e-01 5.05191342e-01 4.98473775e-01 5.02283321e-01
   5.09250345e-01 5.06541707e-01 5.08053354e-01 5.10994058e-01
   5.11034323e-01 5.05257276e-01 5.03834966e-01 5.05692391e-01
   5.05657151e-01 5.03752690e-01 5.01547379e-01 5.01704265e-01
   5.03996845e-01 5.01094056e-01 4.95002522e-01 4.96496392e-01
   4.92824206e-01 4.90850002e-01 4.91284655e-01 4.91914901e-01
   4.85789072e-01 4.84001676e-01 4.81442562e-01 4.84359360e-01
   4.86839247e-01]
  [5.95958229e-02 3.24199105e-02 1.43708359e-02 1.03686156e-02
   5.87831447e-03 3.45703752e-03 1.36879317e-03 4.50613494e-04
   2.32817185e-04 2.27046144e-04 1.30154510e-04 3.00258459e-05
   4.21851253e-05 1.60748087e-05 6.63733027e-06 1.88700127e-06
   1.51278221e-06 2.30922760e-06 1.20777583e-06 2.21277193e-07
   1.15870143e-08 2.93063301e-09 1.52255740e-09 8.62769895e-10
   3.64640682e-10 6.41404371e-11 7.77671896e-11 1.60390413e-11
   7.64395569e-12 2.61917721e-12 5.69310266e-13 3.61160990e-13
   1.53303148e-13]
  [4.92917049e-01 5.00216143e-01 4.96880778e-01 4.92134256e-01
   4.89826647e-01 4.86703668e-01 4.76937376e-01 4.78612293e-01
   4.85639336e-01 4.83081407e-01 4.82919632e-01 4.83344380e-01
   4.83664227e-01 4.76327864e-01 4.73332373e-01 4.72533731e-01
   4.71956194e-01 4.68969765e-01 4.66541252e-01 4.64565457e-01
   4.66089246e-01 4.61872686e-01 4.55622182e-01 4.55538814e-01
   4.51962442e-01 4.50565654e-01 4.49920310e-01 4.50791176e-01
   4.45057356e-01 4.41611133e-01 4.37436356e-01 4.38077453e-01
   4.40357429e-01]]

 [[1.95986120e-05 2.27556329e-12 8.25796487e-12 4.33820757e-14
   0.00000000e+00 0.00000000e+00 0.00000000e+00 0.00000000e+00
   0.00000000e+00 0.00000000e+00 0.00000000e+00 0.00000000e+00
   0.00000000e+00 0.00000000e+00 0.00000000e+00 0.00000000e+00
   0.00000000e+00 0.00000000e+00 0.00000000e+00 0.00000000e+00
   0.00000000e+00 0.00000000e+00 0.00000000e+00 0.00000000e+00
   0.00000000e+00 0.00000000e+00 0.00000000e+00 0.00000000e+00
   0.00000000e+00 0.00000000e+00 0.00000000e+00 0.00000000e+00
   0.00000000e+00]
  [1.70978000e-01 8.04301499e-02 4.50703501e-02 2.15828584e-02
   1.04473708e-02 5.17338836e-03 2.36364126e-03 1.21635522e-03
   5.45014063e-04 1.98246725e-04 1.68636648e-04 4.24874273e-05
   7.78084526e-05 7.06367887e-05 1.24646068e-04 2.64961195e-05
   4.22102056e-06 6.85825859e-06 1.00449717e-06 1.62669371e-07
   5.16584192e-08 5.96980573e-09 6.55558091e-10 1.03954987e-09
   4.73786374e-10 1.29069357e-09 2.83371520e-09 3.07638536e-10
   7.43869810e-10 1.39229000e-09 1.61332723e-10 1.69273309e-11
   3.41496114e-11]
  [6.87340403e-03 2.48857509e-03 9.99926982e-04 1.35522553e-04
   1.05467748e-05 1.34766110e-07 6.20302106e-10 4.43204381e-10
   1.57523474e-11 2.92132984e-15 2.09390283e-14 1.99840144e-18
   2.91988655e-17 1.34336986e-16 4.02788913e-16 0.00000000e+00
   0.00000000e+00 0.00000000e+00 0.00000000e+00 0.00000000e+00
   0.00000000e+00 0.00000000e+00 0.00000000e+00 0.00000000e+00
   0.00000000e+00 0.00000000e+00 0.00000000e+00 0.00000000e+00
   0.00000000e+00 0.00000000e+00 0.00000000e+00 0.00000000e+00
   0.00000000e+00]
  [1.98416715e-01 9.78181327e-02 5.97068597e-02 3.03494280e-02
   1.48492638e-02 7.90935827e-03 4.20273670e-03 2.19319436e-03
   1.06852497e-03 4.55018514e-04 3.71739379e-04 1.13407967e-04
   1.64449559e-04 1.09604478e-04 1.52144602e-04 4.17765363e-05
   8.63436995e-06 1.72352999e-05 3.20075313e-06 9.20109812e-07
   4.56978188e-07 6.91605822e-08 1.43320447e-08 2.00207291e-08
   5.95770405e-09 1.70514395e-08 2.72414748e-08 3.80598889e-09
   8.93869943e-09 1.71460904e-08 2.54417310e-09 3.43833404e-10
   8.67797548e-10]
  [6.97747080e-01 6.79070822e-01 6.45810682e-01 6.23324611e-01
   6.13832509e-01 6.04533285e-01 5.85549698e-01 5.69587546e-01
   5.63187351e-01 5.60710132e-01 5.54183115e-01 5.52750020e-01
   5.45076890e-01 5.36959679e-01 5.35687174e-01 5.37873195e-01
   5.36314883e-01 5.36513658e-01 5.36529015e-01 5.35794089e-01
   5.34369014e-01 5.35948608e-01 5.37367126e-01 5.35582226e-01
   5.34570231e-01 5.33833976e-01 5.30272086e-01 5.34876470e-01
   5.34306896e-01 5.34766057e-01 5.33241415e-01 5.28786322e-01
   5.25620061e-01]
  [1.96741498e-01 9.54083358e-02 5.85699002e-02 3.00012080e-02
   1.44667955e-02 7.67840152e-03 4.15022734e-03 2.09110646e-03
   1.05333833e-03 4.37392972e-04 3.48649545e-04 1.03479875e-04
   1.44422281e-04 7.98045974e-05 1.02317295e-04 2.86034030e-05
   5.95370048e-06 1.27217812e-05 2.35321681e-06 8.20090876e-07
   4.80678955e-07 7.42059349e-08 1.86617190e-08 2.39050631e-08
   5.64567654e-09 1.60175515e-08 2.14478504e-08 2.99467348e-09
   7.33229037e-09 1.50643149e-08 2.23331696e-09 3.01489584e-10
   8.23637453e-10]]

 [[6.32913744e-03 3.58015536e-04 3.51603547e-05 2.86677876e-08
   1.46957997e-10 2.38305820e-10 4.93339813e-14 1.16220367e-14
   0.00000000e+00 0.00000000e+00 0.00000000e+00 0.00000000e+00
   0.00000000e+00 0.00000000e+00 0.00000000e+00 0.00000000e+00
   0.00000000e+00 0.00000000e+00 0.00000000e+00 0.00000000e+00
   0.00000000e+00 0.00000000e+00 0.00000000e+00 0.00000000e+00
   0.00000000e+00 0.00000000e+00 0.00000000e+00 0.00000000e+00
   0.00000000e+00 0.00000000e+00 0.00000000e+00 0.00000000e+00
   0.00000000e+00]
  [4.13771202e-01 4.08747924e-01 4.01271456e-01 3.86858671e-01
   3.71432500e-01 3.61424894e-01 3.61587544e-01 3.43030102e-01
   3.29337966e-01 3.17805743e-01 3.02395439e-01 2.97474147e-01
   2.81585369e-01 2.65702205e-01 2.56245538e-01 2.46354783e-01
   2.33682333e-01 2.29170163e-01 2.17741881e-01 2.07210564e-01
   1.96680507e-01 1.93109462e-01 1.87017685e-01 1.77801492e-01
   1.70823054e-01 1.62730381e-01 1.59484042e-01 1.54349070e-01
   1.47329831e-01 1.40568462e-01 1.35407157e-01 1.30323331e-01
   1.24057143e-01]
  [1.50764765e-01 1.12798325e-01 9.11529732e-02 6.70525714e-02
   5.21506714e-02 3.98236026e-02 3.04240431e-02 2.35054999e-02
   1.65825667e-02 1.21738940e-02 8.66901274e-03 7.46071923e-03
   5.68422756e-03 3.97945416e-03 2.75953320e-03 2.04959546e-03
   1.57453688e-03 1.41322099e-03 9.96406541e-04 6.55219715e-04
   4.52233946e-04 4.19842642e-04 3.02402674e-04 3.24308550e-04
   1.71846192e-04 1.18975396e-04 5.15525728e-05 3.29864580e-05
   2.68976574e-05 2.27511212e-05 1.29371332e-05 1.56523218e-05
   1.09040621e-05]
  [4.93282139e-01 5.01546399e-01 5.11110135e-01 5.14219827e-01
   5.09843730e-01 5.16053840e-01 5.20858072e-01 5.08172236e-01
   5.00688720e-01 4.95294382e-01 4.94779722e-01 4.98796009e-01
   4.96519629e-01 4.92034836e-01 4.89258253e-01 4.83566675e-01
   4.80608323e-01 4.85298194e-01 4.84028512e-01 4.78377375e-01
   4.76348883e-01 4.76798923e-01 4.78124140e-01 4.77030588e-01
   4.75489386e-01 4.75043676e-01 4.75367402e-01 4.76201273e-01
   4.75787357e-01 4.74899112e-01 4.74571554e-01 4.73383097e-01
   4.72401274e-01]
  [7.00830407e-02 3.33419002e-02 1.93906453e-02 1.07057499e-02
   6.96775892e-03 4.70123365e-03 1.62836864e-03 8.69613354e-04
   2.14513176e-04 4.35776598e-05 2.12204383e-05 6.45482008e-06
   7.04511233e-06 3.26136235e-06 6.89730198e-06 6.09895032e-06
   3.97458702e-06 4.14292798e-07 2.71501745e-08 1.69016709e-08
   9.53224975e-09 1.35997825e-08 2.41728276e-08 2.06820630e-08
   1.08369615e-08 1.01799319e-09 7.05999463e-11 4.21547233e-11
   2.43691402e-11 9.28269306e-12 7.23770377e-13 3.57276875e-13
   1.11301190e-13]
  [4.98269478e-01 5.01940286e-01 5.13492746e-01 5.19376654e-01
   5.15142192e-01 5.22821774e-01 5.24874667e-01 5.12806497e-01
   5.06759458e-01 5.02092357e-01 5.03523887e-01 5.07930336e-01
   5.07370982e-01 5.05523272e-01 5.03373114e-01 4.97781486e-01
   4.97013119e-01 5.02128177e-01 5.03664674e-01 5.00020050e-01
   5.00050350e-01 5.00560254e-01 5.02440665e-01 5.03564383e-01
   5.02861275e-01 5.05138004e-01 5.06182947e-01 5.08372699e-01
   5.08906129e-01 5.08815192e-01 5.09084969e-01 5.08904569e-01
   5.08763824e-01]]] 
Error up: 
[[[1.44234666e-01 1.87222025e-01 2.18391363e-01 2.24824035e-01
   2.21911193e-01 2.26382048e-01 2.31588083e-01 1.90240978e-01
   1.94591637e-01 2.00773565e-01 2.09166327e-01 2.12406443e-01
   2.27547373e-01 2.34184431e-01 2.37122091e-01 2.43721390e-01
   2.49345418e-01 2.56660350e-01 2.66933789e-01 2.72938474e-01
   2.75763174e-01 2.78187024e-01 2.64107458e-01 2.63046592e-01
   2.42338248e-01 2.44553667e-01 2.42214781e-01 2.43223222e-01
   2.42950654e-01 2.44181653e-01 2.46406557e-01 2.50836571e-01
   2.44631704e-01]
  [3.97996044e-01 1.37507376e-01 5.88306191e-02 6.23735867e-02
   1.67924968e-02 4.38603827e-03 1.11035849e-02 1.43700504e-03
   1.60620850e-04 5.55490889e-04 5.23944131e-05 4.17973166e-06
   1.31252780e-05 1.21052669e-06 9.74264767e-08 7.00222015e-09
   3.73732254e-10 1.74649137e-11 7.80249046e-13 1.03853643e-12
   5.77100495e-14 3.09155765e-15 4.43645121e-16 0.00000000e+00
   0.00000000e+00 0.00000000e+00 0.00000000e+00 0.00000000e+00
   0.00000000e+00 0.00000000e+00 0.00000000e+00 0.00000000e+00
   0.00000000e+00]
  [5.36858133e-01 2.62902068e-01 1.14121459e-01 5.53144923e-02
   5.10221634e-02 1.92684205e-02 8.30411686e-03 2.11356057e-03
   7.65172570e-04 2.15617297e-03 4.71177211e-04 1.04456362e-04
   6.84471500e-04 1.49408206e-04 2.95022682e-05 4.55417787e-06
   1.07453909e-06 1.20531391e-07 2.52614756e-08 1.19591982e-07
   1.44421411e-08 1.72000026e-09 2.19900042e-10 2.29293751e-11
   2.41807649e-12 3.65537095e-13 3.96382918e-14 5.22118287e-15
   2.54385994e-14 2.94672998e-15 5.54556401e-16 1.10911280e-16
   0.00000000e+00]
  [1.84090666e-01 1.24554028e-01 3.00974404e-02 1.22681690e-02
   2.23065456e-03 6.52278411e-05 1.92978955e-04 1.09753406e-05
   1.06291410e-07 2.92328991e-07 4.32552942e-09 5.64110255e-11
   2.15984904e-10 2.15679448e-12 2.50659493e-14 2.21822560e-16
   0.00000000e+00 0.00000000e+00 0.00000000e+00 0.00000000e+00
   0.00000000e+00 0.00000000e+00 0.00000000e+00 0.00000000e+00
   0.00000000e+00 0.00000000e+00 0.00000000e+00 0.00000000e+00
   0.00000000e+00 0.00000000e+00 0.00000000e+00 0.00000000e+00
   0.00000000e+00]
  [2.58789854e-04 3.65966247e-05 3.38005509e-10 3.32353597e-12
   0.00000000e+00 0.00000000e+00 0.00000000e+00 0.00000000e+00
   0.00000000e+00 0.00000000e+00 0.00000000e+00 0.00000000e+00
   0.00000000e+00 0.00000000e+00 0.00000000e+00 0.00000000e+00
   0.00000000e+00 0.00000000e+00 0.00000000e+00 0.00000000e+00
   0.00000000e+00 0.00000000e+00 0.00000000e+00 0.00000000e+00
   0.00000000e+00 0.00000000e+00 0.00000000e+00 0.00000000e+00
   0.00000000e+00 0.00000000e+00 0.00000000e+00 0.00000000e+00
   0.00000000e+00]
  [1.12297868e-01 2.44102365e-01 7.92658181e-03 4.72348431e-03
   2.44692406e-04 2.17566485e-06 3.59316438e-05 1.70785686e-07
   4.09348672e-10 3.33061784e-09 1.06152043e-11 2.46223042e-14
   2.62637800e-13 6.65467681e-16 0.00000000e+00 0.00000000e+00
   0.00000000e+00 0.00000000e+00 0.00000000e+00 0.00000000e+00
   0.00000000e+00 0.00000000e+00 0.00000000e+00 0.00000000e+00
   0.00000000e+00 0.00000000e+00 0.00000000e+00 0.00000000e+00
   0.00000000e+00 0.00000000e+00 0.00000000e+00 0.00000000e+00
   0.00000000e+00]]

 [[9.84676398e-01 2.03133987e-01 7.45864383e-02 3.49823766e-05
   1.05942469e-04 1.05958252e-04 5.56585249e-04 2.09997788e-07
   6.34626924e-10 7.04667217e-15 0.00000000e+00 0.00000000e+00
   0.00000000e+00 0.00000000e+00 0.00000000e+00 0.00000000e+00
   0.00000000e+00 0.00000000e+00 0.00000000e+00 0.00000000e+00
   0.00000000e+00 0.00000000e+00 0.00000000e+00 0.00000000e+00
   0.00000000e+00 0.00000000e+00 0.00000000e+00 0.00000000e+00
   0.00000000e+00 0.00000000e+00 0.00000000e+00 0.00000000e+00
   0.00000000e+00]
  [1.83887570e-01 2.00262121e-01 2.07407490e-01 2.51358288e-01
   2.45331958e-01 2.52304452e-01 2.66262457e-01 2.66109009e-01
   2.67763802e-01 2.67583183e-01 2.72039958e-01 2.70740739e-01
   2.75314008e-01 2.71661484e-01 2.73822388e-01 2.74880479e-01
   2.75354366e-01 2.69373037e-01 2.68173856e-01 2.70211337e-01
   2.72973864e-01 2.75395958e-01 2.75168734e-01 2.74040169e-01
   2.75610117e-01 2.79136602e-01 2.81643384e-01 2.82416630e-01
   2.78853629e-01 2.79695837e-01 2.85379146e-01 2.85432313e-01
   2.84527396e-01]
  [4.07383077e-01 4.11957026e-01 3.20812930e-01 2.57242115e-01
   2.30436512e-01 2.08032722e-01 1.89180647e-01 2.10628462e-01
   1.98479100e-01 1.66685483e-01 1.18702491e-01 9.65215619e-02
   1.06780506e-01 7.73794739e-02 5.90465145e-02 5.02164172e-02
   4.02238888e-02 3.28692876e-02 1.68914779e-02 9.07321001e-03
   4.83614283e-03 4.05264278e-03 3.38369031e-03 2.14227950e-03
   1.45381339e-03 6.70044612e-04 8.19949520e-04 4.84417785e-04
   3.97231351e-04 3.59209461e-04 1.65997152e-04 2.26001273e-04
   1.93461418e-04]
  [2.44703686e-01 2.26831952e-01 2.31348129e-01 2.51152746e-01
   2.83786257e-01 2.85372573e-01 3.00647468e-01 2.94147812e-01
   3.03912301e-01 3.09908264e-01 3.18003555e-01 3.22549702e-01
   3.25142261e-01 3.25829694e-01 3.21095776e-01 3.24274428e-01
   3.30494176e-01 3.35571544e-01 3.34844907e-01 3.39362889e-01
   3.37112487e-01 3.42545441e-01 3.42018136e-01 3.43822155e-01
   3.44507983e-01 3.41364511e-01 3.46969840e-01 3.43939841e-01
   3.48413182e-01 3.49101541e-01 3.48738020e-01 3.49749934e-01
   3.60714733e-01]
  [3.76280651e-01 3.04581636e-01 1.87125020e-01 9.63020818e-02
   1.11422686e-01 5.71946247e-02 3.81514813e-02 1.30978939e-02
   1.25615476e-02 5.72822353e-03 1.70454792e-03 4.13490193e-04
   6.87455317e-04 1.00159102e-04 7.34451521e-05 6.41493201e-05
   4.45370695e-05 1.16447801e-05 4.61684996e-05 2.26135719e-05
   4.72402532e-06 6.90928894e-07 9.34071312e-08 1.49798853e-08
   1.43018123e-08 3.64495682e-08 7.36903934e-09 8.79868777e-10
   8.19854528e-11 7.19570362e-12 2.83293933e-12 7.24955552e-13
   2.03372364e-13]
  [3.05968254e-01 2.67310359e-01 2.82349690e-01 2.65630217e-01
   2.96690097e-01 3.14508881e-01 3.32092831e-01 3.17158543e-01
   3.30178889e-01 3.31354635e-01 3.30548859e-01 3.43450024e-01
   3.39649385e-01 3.28580151e-01 3.23400553e-01 3.31475986e-01
   3.30637196e-01 3.39679173e-01 3.43062995e-01 3.48558306e-01
   3.46785326e-01 3.37346200e-01 3.37790060e-01 3.34959522e-01
   3.35290029e-01 3.33832709e-01 3.32552780e-01 3.25491840e-01
   3.23776497e-01 3.23663011e-01 3.15954321e-01 3.19502165e-01
   3.25370642e-01]]

 [[9.67198842e-01 3.73665700e-01 1.36506273e-01 1.92674211e-01
   2.20325152e-01 1.01623285e-01 4.83497528e-03 9.85058952e-05
   2.27204698e-05 5.03966889e-05 6.36734039e-10 1.11689249e-08
   1.96053101e-12 1.75225730e-16 1.44184664e-15 0.00000000e+00
   1.10911280e-16 0.00000000e+00 0.00000000e+00 0.00000000e+00
   0.00000000e+00 0.00000000e+00 0.00000000e+00 0.00000000e+00
   0.00000000e+00 0.00000000e+00 0.00000000e+00 0.00000000e+00
   0.00000000e+00 0.00000000e+00 0.00000000e+00 0.00000000e+00
   0.00000000e+00]
  [2.46519872e-01 3.94645673e-01 2.82447594e-01 3.13968707e-01
   2.87077693e-01 2.50992894e-01 2.88464202e-01 2.55058170e-01
   2.41214466e-01 2.22516398e-01 2.01646689e-01 1.94926765e-01
   1.71758432e-01 1.66544458e-01 1.27981625e-01 9.44683572e-02
   8.91899891e-02 9.96884013e-02 8.04103104e-02 6.11000045e-02
   6.97498092e-02 8.48189434e-02 5.56262730e-02 2.71780877e-02
   2.38534212e-02 1.11416475e-02 9.19936313e-03 1.35166873e-02
   4.55010243e-03 3.25271985e-03 2.27976330e-03 5.18173868e-03
   2.34716464e-03]
  [2.65302408e-01 2.70655787e-01 2.46660877e-01 2.48374027e-01
   2.64191649e-01 2.51244991e-01 2.47860631e-01 2.50420298e-01
   2.49565511e-01 2.56648936e-01 2.57434732e-01 2.63677158e-01
   2.62358481e-01 2.58346305e-01 2.60567072e-01 2.52551414e-01
   2.54565878e-01 2.60072630e-01 2.59935210e-01 2.62507871e-01
   2.63910133e-01 2.74263326e-01 2.69640081e-01 2.73312075e-01
   2.68454403e-01 2.64628932e-01 2.65874744e-01 2.69447460e-01
   2.67974480e-01 2.70269732e-01 2.78778387e-01 2.71218287e-01
   2.68320778e-01]
  [3.27690384e-01 2.51885397e-01 2.76718410e-01 3.24401877e-01
   2.72747372e-01 3.17106112e-01 2.67689123e-01 2.50473217e-01
   2.24376792e-01 2.03416652e-01 1.89883888e-01 1.53989919e-01
   1.35037428e-01 1.03381491e-01 7.05924582e-02 6.70611412e-02
   5.27497981e-02 5.21810447e-02 4.58656861e-02 3.07818127e-02
   2.92034342e-02 2.07326865e-02 1.42180839e-02 9.26720603e-03
   1.43944820e-02 6.87208374e-03 3.90148501e-03 7.54647919e-03
   3.69510260e-03 3.54350384e-03 9.53949330e-04 2.04561435e-03
   1.35920171e-03]
  [2.59609503e-01 1.52241621e-01 6.17833467e-02 4.03621913e-02
   4.38617666e-03 3.42052427e-04 6.74681067e-05 1.17189129e-04
   7.31431826e-05 1.18941627e-05 3.85538544e-07 3.92773327e-08
   2.17184172e-09 5.21003860e-11 3.30163052e-13 3.04357388e-15
   2.04479086e-15 3.49370533e-14 0.00000000e+00 0.00000000e+00
   0.00000000e+00 0.00000000e+00 0.00000000e+00 0.00000000e+00
   0.00000000e+00 0.00000000e+00 0.00000000e+00 0.00000000e+00
   0.00000000e+00 0.00000000e+00 0.00000000e+00 0.00000000e+00
   0.00000000e+00]
  [3.78899509e-01 2.55562506e-01 2.78528640e-01 2.98416331e-01
   2.77742954e-01 2.99012989e-01 2.57732594e-01 2.47398030e-01
   2.17997712e-01 1.92400930e-01 1.68613679e-01 1.33919486e-01
   1.12221892e-01 8.09968088e-02 4.79113333e-02 5.41173828e-02
   4.24239329e-02 4.56224349e-02 3.43509488e-02 2.42337636e-02
   2.52794428e-02 1.73439741e-02 1.86918997e-02 9.20562956e-03
   1.61245794e-02 7.88365909e-03 5.21210883e-03 7.21454404e-03
   4.18529628e-03 2.02760724e-03 5.92304422e-04 5.38930916e-04
   5.27139723e-04]]

 [[2.20942922e-01 3.66388790e-02 1.20940584e-01 6.32628821e-06
   2.30870796e-08 1.09289283e-07 3.89720567e-07 1.50429827e-13
   9.00024583e-13 5.13296960e-13 1.23266795e-11 1.66366920e-15
   0.00000000e+00 0.00000000e+00 0.00000000e+00 0.00000000e+00
   0.00000000e+00 0.00000000e+00 0.00000000e+00 0.00000000e+00
   0.00000000e+00 0.00000000e+00 0.00000000e+00 0.00000000e+00
   0.00000000e+00 0.00000000e+00 0.00000000e+00 0.00000000e+00
   0.00000000e+00 0.00000000e+00 0.00000000e+00 0.00000000e+00
   0.00000000e+00]
  [2.63911183e-01 2.32558810e-01 2.85537063e-01 2.89527829e-01
   2.83111919e-01 2.92550762e-01 3.04555339e-01 3.08793606e-01
   3.00399494e-01 3.06383856e-01 3.10685570e-01 3.20587891e-01
   3.19406755e-01 3.20427843e-01 3.39200145e-01 3.37417903e-01
   3.46466973e-01 3.44726650e-01 3.43474024e-01 3.41931738e-01
   3.46183911e-01 3.44774479e-01 3.48368104e-01 3.50324225e-01
   3.53714332e-01 3.51390220e-01 3.47410627e-01 3.44682613e-01
   3.42747815e-01 3.42336993e-01 3.37524273e-01 3.42074158e-01
   3.55656511e-01]
  [3.98115726e-01 3.74621243e-01 3.19012644e-01 2.86310888e-01
   2.51423295e-01 2.22541273e-01 2.22814317e-01 1.82154086e-01
   1.76033594e-01 1.39089886e-01 1.04879996e-01 8.30904992e-02
   5.28813098e-02 7.14245513e-02 5.86165173e-02 7.29506507e-02
   7.04877510e-02 4.40876761e-02 5.03854000e-02 2.87333675e-02
   1.11563945e-02 6.79042593e-03 8.79371679e-03 2.31527282e-03
   1.53873061e-03 1.41954600e-03 1.00437072e-03 6.24781558e-04
   7.61427140e-04 2.91997884e-04 1.34760161e-04 7.09073827e-05
   3.83314251e-05]
  [2.48372852e-01 2.13673145e-01 2.38712867e-01 2.57150064e-01
   2.45828096e-01 2.46345748e-01 2.64830593e-01 2.61614794e-01
   2.65648887e-01 2.73688423e-01 2.67341069e-01 2.69527444e-01
   2.72671620e-01 2.81942803e-01 2.80795798e-01 2.78805810e-01
   2.76607472e-01 2.73513624e-01 2.77352053e-01 2.76067238e-01
   2.74597739e-01 2.73461612e-01 2.78558187e-01 2.76057758e-01
   2.83039805e-01 2.87024056e-01 2.88078699e-01 2.84618805e-01
   2.88973564e-01 2.87483617e-01 2.91970039e-01 2.87303168e-01
   2.85299728e-01]
  [3.53106421e-01 2.98036949e-01 2.06895031e-01 2.07779472e-01
   2.09521120e-01 1.29776741e-01 5.36082535e-02 1.90218107e-02
   9.11427602e-03 1.74683204e-02 1.73646899e-02 3.28915012e-03
   8.32135353e-03 2.23439088e-03 9.26658307e-04 1.86566926e-04
   1.97194217e-04 5.55035460e-04 3.19002412e-04 5.14662429e-05
   1.04443483e-06 2.74707685e-07 1.80251024e-07 1.65959046e-07
   5.61680823e-08 8.63222089e-09 1.52701563e-08 3.06818828e-09
   1.67191143e-09 6.72610788e-10 1.10710104e-10 7.16998350e-11
   2.98297891e-11]
  [2.70323553e-01 2.36323828e-01 2.60629224e-01 2.54431921e-01
   2.58000346e-01 2.68313027e-01 2.68865804e-01 2.83939460e-01
   2.83697667e-01 2.89336499e-01 2.82493133e-01 2.91837016e-01
   2.91467803e-01 2.95247682e-01 2.95502283e-01 2.95266217e-01
   2.94288123e-01 2.90856891e-01 2.91629154e-01 2.94997722e-01
   2.93113100e-01 2.91473822e-01 2.98904527e-01 2.99307528e-01
   3.08412315e-01 3.11435584e-01 3.08074927e-01 3.10186400e-01
   3.16250238e-01 3.08134120e-01 3.16822117e-01 3.10344810e-01
   3.08689919e-01]]

 [[6.52015849e-03 1.89834492e-10 4.12015420e-09 4.33386936e-11
   0.00000000e+00 0.00000000e+00 0.00000000e+00 0.00000000e+00
   0.00000000e+00 0.00000000e+00 0.00000000e+00 0.00000000e+00
   0.00000000e+00 0.00000000e+00 0.00000000e+00 0.00000000e+00
   0.00000000e+00 0.00000000e+00 0.00000000e+00 0.00000000e+00
   0.00000000e+00 0.00000000e+00 0.00000000e+00 0.00000000e+00
   0.00000000e+00 0.00000000e+00 0.00000000e+00 0.00000000e+00
   0.00000000e+00 0.00000000e+00 0.00000000e+00 0.00000000e+00
   0.00000000e+00]
  [3.29594710e-01 3.06307689e-01 2.31180407e-01 1.72130088e-01
   1.79159582e-01 9.60313730e-02 6.56023838e-02 3.84926502e-02
   2.93718054e-02 7.67259865e-03 1.73645854e-02 2.83492003e-03
   1.10374991e-02 1.33059389e-02 2.93383773e-02 6.49944441e-03
   9.74617708e-04 1.71876490e-03 3.02190411e-04 3.60791010e-05
   1.13866691e-05 1.17336038e-06 1.31484047e-07 2.58863810e-07
   2.22056314e-07 7.02061800e-07 1.97538554e-06 2.14716679e-07
   7.42036985e-07 1.39081249e-06 1.61160089e-07 1.68970575e-08
   2.40848839e-08]
  [1.66860813e-01 9.99876978e-02 8.43914516e-02 1.74474751e-02
   1.99840752e-03 3.40329311e-05 1.14853051e-07 2.19827577e-07
   7.19161948e-09 5.57706804e-13 6.46816922e-12 5.91013377e-16
   7.65152432e-15 6.70341560e-14 2.00991668e-13 0.00000000e+00
   0.00000000e+00 0.00000000e+00 0.00000000e+00 0.00000000e+00
   0.00000000e+00 0.00000000e+00 0.00000000e+00 0.00000000e+00
   0.00000000e+00 0.00000000e+00 0.00000000e+00 0.00000000e+00
   0.00000000e+00 0.00000000e+00 0.00000000e+00 0.00000000e+00
   0.00000000e+00]
  [3.55361073e-01 2.71041471e-01 2.71494526e-01 1.84035121e-01
   1.83272932e-01 9.42960759e-02 9.73074875e-02 4.76109262e-02
   4.54811680e-02 1.52619056e-02 3.54188267e-02 6.74711237e-03
   2.04852466e-02 1.38513805e-02 3.17738178e-02 6.62432210e-03
   1.31525319e-03 3.59207138e-03 6.18686461e-04 1.57429254e-04
   1.17352102e-04 1.55087106e-05 2.83049594e-06 5.96383922e-06
   1.85749413e-06 5.97687434e-06 1.85189602e-05 2.59851025e-06
   5.13745468e-06 1.71256966e-05 2.54114499e-06 3.43156472e-07
   6.12166512e-07]
  [2.94230325e-01 2.60690896e-01 2.63938958e-01 2.69468783e-01
   2.76489477e-01 2.64946215e-01 2.67305986e-01 2.66144856e-01
   2.72298840e-01 2.65703897e-01 2.69343591e-01 2.58081123e-01
   2.60017018e-01 2.63900981e-01 2.61108099e-01 2.62192824e-01
   2.58823994e-01 2.53898670e-01 2.49203937e-01 2.48918790e-01
   2.44618145e-01 2.40565283e-01 2.50863197e-01 2.50861698e-01
   2.43963176e-01 2.45055474e-01 2.42846387e-01 2.44269890e-01
   2.48244852e-01 2.49283243e-01 2.52961469e-01 2.57039109e-01
   2.58958478e-01]
  [3.60827249e-01 2.69542937e-01 2.72625837e-01 1.77433727e-01
   1.73647683e-01 9.11313394e-02 1.00167391e-01 4.32444686e-02
   4.59820636e-02 1.46355519e-02 2.98093275e-02 6.17362668e-03
   1.79342534e-02 8.97097429e-03 2.06244682e-02 4.30441388e-03
   7.41817232e-04 2.57374917e-03 4.24929777e-04 1.40885407e-04
   1.19333565e-04 1.68303759e-05 3.62468602e-06 7.68099440e-06
   1.72437081e-06 5.61751966e-06 1.43232264e-05 1.64409837e-06
   4.20893542e-06 1.50456935e-05 2.23060750e-06 3.00971910e-07
   8.22062260e-07]]

 [[3.94672793e-01 3.25879357e-02 1.16789088e-02 7.09617990e-06
   4.24721549e-08 2.38010023e-07 4.92603335e-11 6.96716229e-12
   0.00000000e+00 0.00000000e+00 0.00000000e+00 0.00000000e+00
   0.00000000e+00 0.00000000e+00 0.00000000e+00 0.00000000e+00
   0.00000000e+00 0.00000000e+00 0.00000000e+00 0.00000000e+00
   0.00000000e+00 0.00000000e+00 0.00000000e+00 0.00000000e+00
   0.00000000e+00 0.00000000e+00 0.00000000e+00 0.00000000e+00
   0.00000000e+00 0.00000000e+00 0.00000000e+00 0.00000000e+00
   0.00000000e+00]
  [2.93945082e-01 2.53046730e-01 3.01410261e-01 2.81877089e-01
   3.21843914e-01 3.15875696e-01 3.14669656e-01 3.21223525e-01
   3.31157016e-01 3.34326797e-01 3.33495872e-01 3.22420608e-01
   3.24563538e-01 3.27619554e-01 3.29536179e-01 3.48815361e-01
   3.40322087e-01 3.50972149e-01 3.38687435e-01 3.31092201e-01
   3.29627131e-01 3.39848234e-01 3.34800996e-01 3.21500290e-01
   3.33012544e-01 3.24075638e-01 3.34691633e-01 3.33395941e-01
   3.31088122e-01 3.23098257e-01 3.20775452e-01 3.25082887e-01
   3.24272953e-01]
  [3.91612313e-01 3.75081773e-01 3.30446249e-01 2.66478944e-01
   2.37599557e-01 2.13133687e-01 2.00740697e-01 1.79468450e-01
   1.49566535e-01 1.19484770e-01 7.91796360e-02 8.34892805e-02
   8.12853271e-02 5.42086754e-02 4.67715012e-02 4.26774829e-02
   3.89838100e-02 5.47299292e-02 3.83012737e-02 2.06612442e-02
   1.72523339e-02 2.43095600e-02 1.28052855e-02 1.98722057e-02
   9.01608939e-03 5.79013518e-03 1.86171377e-03 1.46762398e-03
   2.03584190e-03 1.39593274e-03 6.66967558e-04 1.13786049e-03
   9.60403594e-04]
  [2.53440587e-01 2.24680889e-01 2.40267873e-01 2.63710353e-01
   2.44819190e-01 2.47119382e-01 2.60552637e-01 2.68880037e-01
   2.74407182e-01 2.83795791e-01 2.75223080e-01 2.79127813e-01
   2.86436730e-01 2.92752090e-01 2.88769285e-01 2.83552754e-01
   2.86006061e-01 2.85693190e-01 2.85223244e-01 2.94529085e-01
   2.92287660e-01 2.94141716e-01 2.92441850e-01 2.93108571e-01
   2.89058233e-01 2.92693865e-01 2.94307798e-01 2.91959655e-01
   2.97024671e-01 2.95104701e-01 2.89937320e-01 2.90082704e-01
   2.84249230e-01]
  [4.07697827e-01 2.81975812e-01 2.53587593e-01 1.98235032e-01
   2.24741684e-01 1.82911292e-01 9.02183244e-02 4.93025384e-02
   8.71543389e-03 1.42211267e-03 9.87068461e-04 3.54621249e-04
   1.00703386e-03 3.70275273e-04 1.48310572e-03 2.18662793e-03
   1.93313791e-03 1.18881489e-04 5.26703973e-06 3.42166078e-06
   1.84749893e-06 3.44921020e-06 1.05656768e-05 2.05939006e-05
   7.62356145e-06 7.11950019e-07 2.11508966e-08 1.20795446e-08
   5.46893659e-09 2.43573320e-09 1.43012666e-10 8.85828913e-11
   3.13471334e-11]
  [2.68699519e-01 2.29594461e-01 2.52536244e-01 2.49902438e-01
   2.49769323e-01 2.48017498e-01 2.55420627e-01 2.69931294e-01
   2.67977368e-01 2.81151363e-01 2.74326746e-01 2.71581208e-01
   2.78661133e-01 2.74491427e-01 2.86212354e-01 2.82059778e-01
   2.84173512e-01 2.76423046e-01 2.73199690e-01 2.77682846e-01
   2.77675231e-01 2.80481567e-01 2.85302977e-01 2.77267645e-01
   2.79801306e-01 2.79869113e-01 2.82547486e-01 2.79286296e-01
   2.73568404e-01 2.72463450e-01 2.72442648e-01 2.67883355e-01
   2.70742714e-01]]] 
Error down: 
[[[8.50491627e-01 7.63834695e-01 6.44910076e-01 5.49768360e-01
   4.91391980e-01 4.58329181e-01 4.43990003e-01 6.88415484e-01
   6.55063762e-01 6.33974516e-01 6.70249363e-01 6.49804940e-01
   6.13775247e-01 5.85686238e-01 5.58867923e-01 5.35886791e-01
   5.09566145e-01 4.86214534e-01 4.61082285e-01 4.41243586e-01
   4.27099319e-01 4.12818738e-01 4.27411021e-01 4.26383486e-01
   4.71276166e-01 4.65368638e-01 4.74995003e-01 4.62574297e-01
   4.54647336e-01 4.52010836e-01 4.43113289e-01 4.35479188e-01
   4.55800474e-01]
  [6.00780677e-02 2.09324102e-02 5.84917232e-03 1.73922743e-03
   3.95517676e-04 1.17880594e-04 6.36034103e-05 7.93240730e-06
   1.31037569e-06 1.19750780e-06 1.26352197e-07 1.10021353e-08
   1.95156554e-08 1.77538846e-09 1.41621534e-10 1.01179173e-11
   6.62523753e-13 3.99522171e-14 2.46817726e-15 1.95972891e-15
   1.33781874e-16 8.21565038e-18 4.44089210e-19 0.00000000e+00
   0.00000000e+00 0.00000000e+00 0.00000000e+00 0.00000000e+00
   0.00000000e+00 0.00000000e+00 0.00000000e+00 0.00000000e+00
   0.00000000e+00]
  [6.13665318e-02 3.87309992e-02 1.56567907e-02 5.84220585e-03
   1.79665616e-03 7.38864205e-04 2.82437838e-04 6.27611578e-05
   1.60155418e-05 1.74149817e-05 3.82962093e-06 7.48908668e-07
   2.09484096e-06 4.21479395e-07 7.61499126e-08 1.26178633e-08
   2.00471948e-09 3.11407719e-10 1.04547946e-10 2.20318824e-10
   3.07748590e-11 4.14503407e-12 5.26528978e-13 6.54465625e-14
   8.05450006e-15 1.82006319e-15 2.05724326e-16 3.53050922e-17
   4.65183447e-17 5.32907052e-18 5.55111512e-19 1.11022302e-19
   0.00000000e+00]
  [2.83420267e-02 4.21859277e-03 5.86077332e-04 1.27743066e-04
   1.04469188e-05 5.95993721e-07 6.49760110e-07 1.10117879e-08
   2.09951562e-10 5.08461188e-10 6.13255617e-12 5.64953476e-14
   3.06261237e-13 3.05633296e-15 2.50910404e-17 2.22044605e-19
   0.00000000e+00 0.00000000e+00 0.00000000e+00 0.00000000e+00
   0.00000000e+00 0.00000000e+00 0.00000000e+00 0.00000000e+00
   0.00000000e+00 0.00000000e+00 0.00000000e+00 0.00000000e+00
   0.00000000e+00 0.00000000e+00 0.00000000e+00 0.00000000e+00
   0.00000000e+00]
  [7.36900669e-06 1.83903100e-07 2.26772536e-12 6.50346443e-15
   0.00000000e+00 0.00000000e+00 0.00000000e+00 0.00000000e+00
   0.00000000e+00 0.00000000e+00 0.00000000e+00 0.00000000e+00
   0.00000000e+00 0.00000000e+00 0.00000000e+00 0.00000000e+00
   0.00000000e+00 0.00000000e+00 0.00000000e+00 0.00000000e+00
   0.00000000e+00 0.00000000e+00 0.00000000e+00 0.00000000e+00
   0.00000000e+00 0.00000000e+00 0.00000000e+00 0.00000000e+00
   0.00000000e+00 0.00000000e+00 0.00000000e+00 0.00000000e+00
   0.00000000e+00]
  [1.61849084e-02 2.50356142e-03 1.53664738e-04 3.73537817e-05
   1.18739892e-06 1.98518594e-08 3.59751841e-08 1.70962901e-10
   7.98667251e-13 3.33416052e-12 1.06260136e-14 2.46469511e-17
   2.62924142e-16 6.66133815e-19 0.00000000e+00 0.00000000e+00
   0.00000000e+00 0.00000000e+00 0.00000000e+00 0.00000000e+00
   0.00000000e+00 0.00000000e+00 0.00000000e+00 0.00000000e+00
   0.00000000e+00 0.00000000e+00 0.00000000e+00 0.00000000e+00
   0.00000000e+00 0.00000000e+00 0.00000000e+00 0.00000000e+00
   0.00000000e+00]]

 [[1.41651238e-02 2.85908216e-03 2.91076126e-04 2.60874228e-07
   1.64775604e-07 1.50266340e-07 7.91833312e-07 2.10208947e-10
   9.00019566e-13 1.48769885e-17 0.00000000e+00 0.00000000e+00
   0.00000000e+00 0.00000000e+00 0.00000000e+00 0.00000000e+00
   0.00000000e+00 0.00000000e+00 0.00000000e+00 0.00000000e+00
   0.00000000e+00 0.00000000e+00 0.00000000e+00 0.00000000e+00
   0.00000000e+00 0.00000000e+00 0.00000000e+00 0.00000000e+00
   0.00000000e+00 0.00000000e+00 0.00000000e+00 0.00000000e+00
   0.00000000e+00]
  [2.89272678e-01 2.78891822e-01 3.09537698e-01 2.65004110e-01
   2.80993408e-01 2.74254413e-01 2.68560562e-01 2.68296827e-01
   2.79373568e-01 2.80350066e-01 2.85622396e-01 2.85910922e-01
   2.80835093e-01 2.85928053e-01 2.85982762e-01 2.83717775e-01
   2.83785956e-01 2.90782861e-01 2.88090372e-01 2.88920980e-01
   2.94057881e-01 2.86662738e-01 2.91636702e-01 2.86506489e-01
   2.88444301e-01 2.81762893e-01 2.81503549e-01 2.84711251e-01
   2.84096182e-01 2.87409876e-01 2.86577971e-01 2.82804417e-01
   2.85111302e-01]
  [1.48659917e-01 1.06496840e-01 7.86373464e-02 6.23116774e-02
   5.02212600e-02 3.73103917e-02 2.96522681e-02 2.52438496e-02
   2.10666513e-02 1.48528145e-02 1.01261063e-02 7.72886584e-03
   6.20354846e-03 4.65067433e-03 3.41818152e-03 2.46119737e-03
   1.91071587e-03 1.37759747e-03 8.07010237e-04 4.42510432e-04
   2.64053474e-04 1.78513075e-04 1.19164625e-04 8.01043268e-05
   5.51408290e-05 3.13344417e-05 2.79518784e-05 1.86072648e-05
   1.33642072e-05 9.10340594e-06 5.43417546e-06 4.62335380e-06
   3.65491967e-06]
  [2.29793684e-01 2.50747086e-01 2.76401152e-01 2.73541851e-01
   2.51460660e-01 2.55136541e-01 2.43921174e-01 2.51866515e-01
   2.54972275e-01 2.49407237e-01 2.44583280e-01 2.43877340e-01
   2.42007304e-01 2.35977711e-01 2.37224809e-01 2.34684533e-01
   2.32016398e-01 2.25437581e-01 2.18251800e-01 2.13012920e-01
   2.11711967e-01 2.06648774e-01 2.06296997e-01 2.01313055e-01
   1.99913731e-01 1.99098117e-01 1.96969661e-01 1.97102097e-01
   1.90560856e-01 1.88270153e-01 1.86997347e-01 1.90575307e-01
   1.86223790e-01]
  [6.31066659e-02 2.51910036e-02 1.16164188e-02 4.88448995e-03
   2.69182593e-03 1.34587604e-03 6.29295899e-04 2.36988757e-04
   1.65479993e-04 6.83286180e-05 1.85081350e-05 6.89102505e-06
   5.72439133e-06 1.38117619e-06 8.76292031e-07 4.48538120e-07
   3.52750207e-07 1.09125785e-07 2.12945730e-07 7.83279763e-08
   1.70486210e-08 2.73287486e-09 6.06086484e-10 1.40200178e-10
   9.55728889e-11 1.24094555e-10 2.20738566e-11 3.14515722e-12
   3.64062076e-13 3.61940039e-14 1.32042115e-14 4.93555190e-15
   1.24223285e-15]
  [2.36606121e-01 2.43165507e-01 2.35341561e-01 2.61059371e-01
   2.45211690e-01 2.35900411e-01 2.23522090e-01 2.27300205e-01
   2.20727584e-01 2.15773500e-01 2.08732247e-01 2.02942956e-01
   1.98232250e-01 1.91257592e-01 1.87044224e-01 1.81704092e-01
   1.78059230e-01 1.67973658e-01 1.60483689e-01 1.54293422e-01
   1.47485063e-01 1.44332678e-01 1.41327050e-01 1.36207888e-01
   1.32017904e-01 1.28950782e-01 1.25852681e-01 1.23457026e-01
   1.17871254e-01 1.14897101e-01 1.11375759e-01 1.11169610e-01
   1.08216418e-01]]

 [[3.10509719e-02 1.13300911e-02 3.23443534e-03 9.58927148e-04
   4.97345993e-04 2.40945857e-04 1.62702203e-05 2.51459488e-07
   5.17221805e-08 9.00000948e-08 1.66134326e-12 1.11810045e-11
   3.54860737e-15 3.33066907e-19 1.44328993e-18 0.00000000e+00
   1.11022302e-19 0.00000000e+00 0.00000000e+00 0.00000000e+00
   0.00000000e+00 0.00000000e+00 0.00000000e+00 0.00000000e+00
   0.00000000e+00 0.00000000e+00 0.00000000e+00 0.00000000e+00
   0.00000000e+00 0.00000000e+00 0.00000000e+00 0.00000000e+00
   0.00000000e+00]
  [2.31006190e-01 1.24975711e-01 1.22361892e-01 8.68534413e-02
   7.25537858e-02 5.46042242e-02 4.35315524e-02 3.42513871e-02
   2.65784544e-02 2.01944455e-02 1.53613125e-02 1.11699298e-02
   9.13877262e-03 6.77009961e-03 4.61448912e-03 3.26547750e-03
   2.51581647e-03 2.19262271e-03 1.86773641e-03 1.30050330e-03
   1.09353538e-03 9.96549942e-04 6.57810054e-04 3.76733498e-04
   3.15143062e-04 1.56620597e-04 1.16839740e-04 1.24061050e-04
   5.07747264e-05 3.27059248e-05 1.87850694e-05 2.85223932e-05
   1.49473256e-05]
  [4.63004626e-01 3.87633300e-01 3.88688185e-01 3.37710348e-01
   2.94499679e-01 3.00309778e-01 3.14879118e-01 3.15994087e-01
   3.13246632e-01 3.14337781e-01 3.08323149e-01 3.00663542e-01
   3.01540163e-01 2.99429890e-01 2.91066344e-01 2.89589120e-01
   2.87052012e-01 2.77639296e-01 2.74777656e-01 2.74361835e-01
   2.75986884e-01 2.73452503e-01 2.84323387e-01 2.79499100e-01
   2.84149541e-01 2.86807894e-01 2.88091614e-01 2.86637667e-01
   2.87042376e-01 2.82697859e-01 2.77033042e-01 2.82332628e-01
   2.86595373e-01]
  [1.87769944e-01 1.51208127e-01 1.27033640e-01 8.90193896e-02
   7.88611185e-02 5.47444375e-02 4.78495144e-02 3.61447184e-02
   2.90388739e-02 2.28741485e-02 1.67980390e-02 1.20342354e-02
   8.62937199e-03 6.04815099e-03 3.64654527e-03 2.90514119e-03
   2.22508517e-03 1.81256514e-03 1.52582795e-03 9.77869132e-04
   7.28375542e-04 5.51614083e-04 3.11776607e-04 2.04208611e-04
   2.23694614e-04 1.00816192e-04 7.06299786e-05 8.78611137e-05
   5.11141381e-05 3.33786024e-05 1.29152539e-05 1.65924192e-05
   1.18602364e-05]
  [7.96777715e-03 3.17093597e-03 9.26809799e-04 2.26607452e-04
   3.53550044e-05 2.51163355e-06 3.79244612e-07 3.33870316e-07
   2.08135193e-07 1.87245759e-08 1.19160136e-09 1.01129185e-10
   4.75659422e-12 9.17297488e-14 5.90915566e-16 7.99360578e-18
   3.10862447e-18 3.49720253e-17 0.00000000e+00 0.00000000e+00
   0.00000000e+00 0.00000000e+00 0.00000000e+00 0.00000000e+00
   0.00000000e+00 0.00000000e+00 0.00000000e+00 0.00000000e+00
   0.00000000e+00 0.00000000e+00 0.00000000e+00 0.00000000e+00
   0.00000000e+00]
  [1.86440795e-01 1.46387214e-01 1.21281547e-01 9.24935606e-02
   7.71631291e-02 5.63735552e-02 4.82453027e-02 3.62059734e-02
   2.86289646e-02 2.24920769e-02 1.68391033e-02 1.19597668e-02
   8.31596732e-03 5.60989830e-03 3.42919207e-03 2.82687517e-03
   2.23438482e-03 1.71979585e-03 1.39705328e-03 8.56962590e-04
   6.48381956e-04 5.26912768e-04 3.46942646e-04 2.39271992e-04
   2.60553759e-04 1.33378138e-04 9.22135859e-05 1.05860272e-04
   5.86902485e-05 3.06370680e-05 1.20325477e-05 9.38275560e-06
   6.97592392e-06]]

 [[3.37377857e-03 3.70839174e-04 2.32505734e-04 1.90421675e-08
   1.15486110e-10 2.87630683e-10 3.90173767e-10 2.85613101e-16
   1.28197912e-15 5.13858603e-16 1.23390195e-14 1.66533454e-18
   0.00000000e+00 0.00000000e+00 0.00000000e+00 0.00000000e+00
   0.00000000e+00 0.00000000e+00 0.00000000e+00 0.00000000e+00
   0.00000000e+00 0.00000000e+00 0.00000000e+00 0.00000000e+00
   0.00000000e+00 0.00000000e+00 0.00000000e+00 0.00000000e+00
   0.00000000e+00 0.00000000e+00 0.00000000e+00 0.00000000e+00
   0.00000000e+00]
  [2.41338713e-01 2.91321051e-01 2.57717575e-01 2.63293785e-01
   2.62286357e-01 2.62928999e-01 2.59127977e-01 2.59609533e-01
   2.66601035e-01 2.50875504e-01 2.49954536e-01 2.44786833e-01
   2.42549102e-01 2.39024377e-01 2.36864188e-01 2.34402087e-01
   2.29040482e-01 2.29721703e-01 2.22426807e-01 2.25476926e-01
   2.21698424e-01 2.19168819e-01 2.16183211e-01 2.15476354e-01
   2.07175550e-01 1.99914233e-01 1.96502167e-01 1.93520116e-01
   1.87230428e-01 1.85977863e-01 1.80447895e-01 1.78982683e-01
   1.74735542e-01]
  [1.31833467e-01 1.00915137e-01 8.00190695e-02 6.68971877e-02
   5.23363194e-02 4.27117800e-02 3.43427834e-02 2.27591880e-02
   1.78015514e-02 1.28915649e-02 8.00580095e-03 5.50770148e-03
   3.40443397e-03 3.34976575e-03 2.51565161e-03 2.00063816e-03
   1.69630394e-03 1.14997565e-03 9.99427233e-04 6.12940717e-04
   2.95135333e-04 1.97222297e-04 1.46896998e-04 6.63836796e-05
   5.13962526e-05 3.56529915e-05 2.40528143e-05 1.57831535e-05
   1.61740234e-05 7.83745547e-06 3.82244554e-06 2.04566740e-06
   1.18135763e-06]
  [2.27719633e-01 2.74819766e-01 2.70661939e-01 2.61146427e-01
   2.75087926e-01 2.84473986e-01 2.68613327e-01 2.74295608e-01
   2.85202317e-01 2.74896662e-01 2.82933973e-01 2.84251104e-01
   2.88311979e-01 2.85001955e-01 2.80577590e-01 2.85403767e-01
   2.79565905e-01 2.77910166e-01 2.74277486e-01 2.80031779e-01
   2.84255842e-01 2.78026758e-01 2.77080482e-01 2.79248093e-01
   2.78535609e-01 2.79500752e-01 2.78811366e-01 2.81863168e-01
   2.75221699e-01 2.76261096e-01 2.74322870e-01 2.71705931e-01
   2.73782594e-01]
  [5.48074216e-02 3.08226749e-02 1.37649028e-02 1.00087650e-02
   5.69483595e-03 3.37062729e-03 1.34201834e-03 4.37767088e-04
   2.27631343e-04 2.23330689e-04 1.28243197e-04 2.95702788e-05
   4.18364825e-05 1.59216450e-05 6.57459114e-06 1.87072701e-06
   1.50446981e-06 2.30094182e-06 1.20365524e-06 2.20510994e-07
   1.15265551e-08 2.91483987e-09 1.51393089e-09 8.58507554e-10
   3.63552339e-10 6.39044355e-11 7.75235436e-11 1.59960002e-11
   7.61978378e-12 2.60913773e-12 5.67387935e-13 3.60625026e-13
   1.52935031e-13]
  [2.47884014e-01 2.79374590e-01 2.64687697e-01 2.71466690e-01
   2.79991394e-01 2.78034520e-01 2.80280363e-01 2.70957659e-01
   2.79576642e-01 2.76167096e-01 2.81056821e-01 2.76064304e-01
   2.81136885e-01 2.88045071e-01 2.80336525e-01 2.80835368e-01
   2.77306162e-01 2.74675265e-01 2.77952932e-01 2.75148345e-01
   2.76817726e-01 2.76556630e-01 2.71365515e-01 2.72756212e-01
   2.72057976e-01 2.75413454e-01 2.78895386e-01 2.80794159e-01
   2.75133424e-01 2.76180605e-01 2.71767933e-01 2.71661680e-01
   2.74254238e-01]]

 [[1.95893933e-05 2.26989635e-12 8.25689695e-12 4.33820757e-14
   0.00000000e+00 0.00000000e+00 0.00000000e+00 0.00000000e+00
   0.00000000e+00 0.00000000e+00 0.00000000e+00 0.00000000e+00
   0.00000000e+00 0.00000000e+00 0.00000000e+00 0.00000000e+00
   0.00000000e+00 0.00000000e+00 0.00000000e+00 0.00000000e+00
   0.00000000e+00 0.00000000e+00 0.00000000e+00 0.00000000e+00
   0.00000000e+00 0.00000000e+00 0.00000000e+00 0.00000000e+00
   0.00000000e+00 0.00000000e+00 0.00000000e+00 0.00000000e+00
   0.00000000e+00]
  [1.58490477e-01 6.81717952e-02 4.23590263e-02 2.05289211e-02
   9.87416728e-03 5.02671337e-03 2.26364636e-03 1.20226096e-03
   5.27973770e-04 1.96317653e-04 1.65440404e-04 4.20900402e-05
   7.71967188e-05 7.03568426e-05 1.24491539e-04 2.64170886e-05
   4.20665493e-06 6.84782109e-06 1.00116358e-06 1.62248868e-07
   5.15879619e-08 5.96439085e-09 6.53818673e-10 1.03903388e-09
   4.72250456e-10 1.28944660e-09 2.83346404e-09 3.07450173e-10
   7.43132836e-10 1.39220579e-09 1.61321505e-10 1.69188334e-11
   3.41495683e-11]
  [6.24244454e-03 2.46580416e-03 9.97541681e-04 1.34784367e-04
   1.05445922e-05 1.34335923e-07 6.19501383e-10 4.42619174e-10
   1.57359258e-11 2.91919297e-15 2.09390283e-14 1.99840144e-18
   2.91988655e-17 1.34336986e-16 4.02788913e-16 0.00000000e+00
   0.00000000e+00 0.00000000e+00 0.00000000e+00 0.00000000e+00
   0.00000000e+00 0.00000000e+00 0.00000000e+00 0.00000000e+00
   0.00000000e+00 0.00000000e+00 0.00000000e+00 0.00000000e+00
   0.00000000e+00 0.00000000e+00 0.00000000e+00 0.00000000e+00
   0.00000000e+00]
  [1.76787246e-01 8.79638531e-02 5.45120144e-02 2.90196441e-02
   1.36117965e-02 7.77095808e-03 3.94266577e-03 2.16147545e-03
   1.01928963e-03 4.46866048e-04 3.61374373e-04 1.11807773e-04
   1.62134104e-04 1.09105859e-04 1.51618125e-04 4.17043984e-05
   8.59618930e-06 1.72137048e-05 3.19367928e-06 9.17481607e-07
   4.55772890e-07 6.90524453e-08 1.42820356e-08 1.99844334e-08
   5.93514402e-09 1.70400451e-08 2.72238272e-08 3.80065247e-09
   8.93439779e-09 1.71429431e-08 2.54369792e-09 3.43628868e-10
   8.67792356e-10]
  [5.16466730e-01 5.18532828e-01 5.01101536e-01 4.67667988e-01
   4.22767157e-01 4.31665759e-01 4.14247782e-01 4.05182089e-01
   3.64025970e-01 3.62961481e-01 3.47142884e-01 3.43522381e-01
   3.26995917e-01 3.21524659e-01 3.10320102e-01 3.02959580e-01
   3.04697290e-01 3.07743993e-01 3.09348701e-01 3.05833466e-01
   3.14528522e-01 3.20408946e-01 3.04062471e-01 3.09161713e-01
   3.15764183e-01 3.19179629e-01 3.19414130e-01 3.14919919e-01
   3.12977853e-01 3.11838941e-01 3.02687385e-01 3.03462839e-01
   3.01503480e-01]
  [1.75855433e-01 8.63341784e-02 5.34587485e-02 2.89832634e-02
   1.32676132e-02 7.54973226e-03 3.89734729e-03 2.05926999e-03
   1.00547955e-03 4.29427454e-04 3.39669262e-04 1.01982959e-04
   1.42302639e-04 7.94450954e-05 1.01826611e-04 2.85357819e-05
   5.93859197e-06 1.27026043e-05 2.34822711e-06 8.17820072e-07
   4.80068377e-07 7.41482796e-08 1.86113294e-08 2.38605660e-08
   5.62492390e-09 1.60073911e-08 2.14250683e-08 2.99091473e-09
   7.32896081e-09 1.50609119e-08 2.23285205e-09 3.01326667e-10
   8.23223115e-10]]

 [[6.26618602e-03 3.58015040e-04 3.51433441e-05 2.86652652e-08
   1.46951562e-10 2.38250390e-10 4.93155826e-14 1.16220367e-14
   0.00000000e+00 0.00000000e+00 0.00000000e+00 0.00000000e+00
   0.00000000e+00 0.00000000e+00 0.00000000e+00 0.00000000e+00
   0.00000000e+00 0.00000000e+00 0.00000000e+00 0.00000000e+00
   0.00000000e+00 0.00000000e+00 0.00000000e+00 0.00000000e+00
   0.00000000e+00 0.00000000e+00 0.00000000e+00 0.00000000e+00
   0.00000000e+00 0.00000000e+00 0.00000000e+00 0.00000000e+00
   0.00000000e+00]
  [2.32216535e-01 2.80103886e-01 2.42528655e-01 2.65975083e-01
   2.43325152e-01 2.43687017e-01 2.47714216e-01 2.42785448e-01
   2.32688414e-01 2.27793147e-01 2.17777565e-01 2.18968082e-01
   2.09828198e-01 1.98545992e-01 1.92366040e-01 1.80427332e-01
   1.76084831e-01 1.70212244e-01 1.64792265e-01 1.59646633e-01
   1.52814225e-01 1.50081396e-01 1.46845849e-01 1.41461404e-01
   1.34217815e-01 1.29130031e-01 1.27200745e-01 1.24487504e-01
   1.19265175e-01 1.14364457e-01 1.10382808e-01 1.06319211e-01
   1.00442048e-01]
  [1.27714635e-01 9.65252305e-02 7.84716624e-02 5.91510978e-02
   4.73977804e-02 3.70276545e-02 2.77469701e-02 2.19045562e-02
   1.54668969e-02 1.13831874e-02 8.21121366e-03 7.12171512e-03
   5.43440003e-03 3.82094574e-03 2.65468294e-03 1.96318996e-03
   1.52174398e-03 1.36282637e-03 9.63813314e-04 6.39204522e-04
   4.39652001e-04 4.09252475e-04 2.95520024e-04 3.17183227e-04
   1.68083167e-04 1.16806804e-04 5.06706026e-05 3.23718574e-05
   2.65410041e-05 2.24195135e-05 1.27934603e-05 1.54896937e-05
   1.07929367e-05]
  [2.40569391e-01 2.79369553e-01 2.83930398e-01 2.67738108e-01
   2.89182056e-01 2.98105845e-01 2.88380051e-01 2.91003210e-01
   2.81193885e-01 2.78394776e-01 2.86921042e-01 2.93492435e-01
   2.89988872e-01 2.82842768e-01 2.84375193e-01 2.85902443e-01
   2.81308033e-01 2.79160065e-01 2.78607765e-01 2.69176798e-01
   2.66784298e-01 2.70724967e-01 2.77646568e-01 2.76759644e-01
   2.81511398e-01 2.77939005e-01 2.79311964e-01 2.80676146e-01
   2.81516796e-01 2.84701758e-01 2.90624067e-01 2.90695247e-01
   2.91839983e-01]
  [6.51773469e-02 3.19175948e-02 1.84713250e-02 1.03341486e-02
   6.73700353e-03 4.60813081e-03 1.58445418e-03 8.51717966e-04
   2.09860733e-04 4.25153073e-05 2.08195961e-05 6.32855869e-06
   6.95371709e-06 3.22875657e-06 6.84565632e-06 6.06781467e-06
   3.96333543e-06 4.12630892e-07 2.69512299e-08 1.68167094e-08
   9.46993051e-09 1.35545279e-08 2.41174251e-08 2.06280019e-08
   1.08203850e-08 1.01380088e-09 7.03434932e-11 4.20005294e-11
   2.43042091e-11 9.25690869e-12 7.21379690e-13 3.56104683e-13
   1.11046090e-13]
  [2.60471697e-01 3.00040637e-01 2.81447370e-01 2.87682511e-01
   2.83970093e-01 2.95389717e-01 2.95787123e-01 2.92230371e-01
   2.86963077e-01 2.80938239e-01 2.90615741e-01 2.99113295e-01
   2.94478713e-01 2.98812715e-01 2.84390611e-01 2.83430738e-01
   2.75812432e-01 2.83815865e-01 2.83928164e-01 2.79974122e-01
   2.77163540e-01 2.78719058e-01 2.79787572e-01 2.84159549e-01
   2.79182232e-01 2.77712890e-01 2.77689093e-01 2.77846814e-01
   2.82936659e-01 2.82942771e-01 2.78315467e-01 2.83363382e-01
   2.80360592e-01]]] 
