Testing model resnet18_1703081132_SPH_9_BH_n2_M10_BH_n4_M8_BH_n4_M10_BH_n4_M12_BH_n6_M10_CUT. 
Number of events in data: 
15000 
Classes in data: 
6 
Number of events detected: 
[ 2  3  4  5  6  7  8  9 10 11 12 13 14 15 16 17 18 19 20 21 22 23 24 25
 26 27 28 29 30 31 32 33 34 35 36 37 38 39 40 41 42 43 44 45 46 47 48 49] 
Number of samples for each n number of events: 3000 
p_values: 
[[[8.50822527e-01 8.20677211e-01 8.19146831e-01 8.27238074e-01
   8.31090996e-01 8.32443827e-01 8.31817004e-01 8.28001311e-01
   8.23435046e-01 8.18839522e-01 8.14683120e-01 8.09506120e-01
   8.04184949e-01 8.01575689e-01 7.95968572e-01 7.91458935e-01
   7.88350480e-01 7.84224729e-01 7.78887102e-01 7.75639118e-01
   7.70966035e-01 7.67753400e-01 7.62687582e-01 7.60600771e-01
   7.55728175e-01 7.51099026e-01 7.46841204e-01 7.43557311e-01
   7.38415389e-01 7.35888953e-01 7.34210853e-01 7.32403324e-01
   7.29479805e-01 7.23897939e-01 7.19337672e-01 7.18798713e-01
   7.14711690e-01 7.09506056e-01 7.07583380e-01 7.05193719e-01
   7.00674332e-01 6.99027912e-01 6.94156041e-01 6.91024054e-01
   6.91130858e-01 6.89573350e-01 6.87265307e-01 6.85309693e-01]
  [2.38043292e-02 4.61181739e-03 6.75316159e-04 1.22584365e-04
   9.73508560e-06 2.72835488e-06 3.44014473e-07 9.17972277e-09
   1.52125465e-09 3.77871500e-11 1.89529888e-11 1.67708913e-12
   2.10320790e-12 2.58975434e-14 2.40770367e-16 3.77475828e-18
   0.00000000e+00 0.00000000e+00 0.00000000e+00 0.00000000e+00
   0.00000000e+00 0.00000000e+00 0.00000000e+00 0.00000000e+00
   0.00000000e+00 0.00000000e+00 0.00000000e+00 0.00000000e+00
   0.00000000e+00 0.00000000e+00 0.00000000e+00 0.00000000e+00
   0.00000000e+00 0.00000000e+00 0.00000000e+00 0.00000000e+00
   0.00000000e+00 0.00000000e+00 0.00000000e+00 0.00000000e+00
   0.00000000e+00 0.00000000e+00 0.00000000e+00 0.00000000e+00
   0.00000000e+00 0.00000000e+00 0.00000000e+00 0.00000000e+00]
  [5.10816457e-02 1.34724282e-02 3.51037813e-03 1.00998668e-03
   3.39496428e-04 6.32630095e-05 1.08641137e-05 9.04375688e-07
   5.05665246e-08 3.68084017e-09 1.01076374e-09 4.80495576e-11
   1.97820301e-11 7.68035635e-13 3.89307105e-14 9.64854123e-15
   2.21933583e-16 4.81096644e-18 1.48029737e-19 1.11022302e-19
   0.00000000e+00 0.00000000e+00 0.00000000e+00 0.00000000e+00
   0.00000000e+00 0.00000000e+00 0.00000000e+00 0.00000000e+00
   0.00000000e+00 0.00000000e+00 0.00000000e+00 0.00000000e+00
   0.00000000e+00 0.00000000e+00 0.00000000e+00 0.00000000e+00
   0.00000000e+00 0.00000000e+00 0.00000000e+00 0.00000000e+00
   0.00000000e+00 0.00000000e+00 0.00000000e+00 0.00000000e+00
   0.00000000e+00 0.00000000e+00 0.00000000e+00 0.00000000e+00]
  [6.03961285e-03 1.30679746e-03 8.68240920e-05 4.74730998e-06
   2.88351775e-08 5.63542405e-09 1.17597542e-09 2.48794011e-12
   1.50209474e-14 8.88178420e-18 2.02800739e-17 3.70074342e-20
   1.48029737e-19 0.00000000e+00 0.00000000e+00 0.00000000e+00
   0.00000000e+00 0.00000000e+00 0.00000000e+00 0.00000000e+00
   0.00000000e+00 0.00000000e+00 0.00000000e+00 0.00000000e+00
   0.00000000e+00 0.00000000e+00 0.00000000e+00 0.00000000e+00
   0.00000000e+00 0.00000000e+00 0.00000000e+00 0.00000000e+00
   0.00000000e+00 0.00000000e+00 0.00000000e+00 0.00000000e+00
   0.00000000e+00 0.00000000e+00 0.00000000e+00 0.00000000e+00
   0.00000000e+00 0.00000000e+00 0.00000000e+00 0.00000000e+00
   0.00000000e+00 0.00000000e+00 0.00000000e+00 0.00000000e+00]
  [2.01376643e-04 1.00927674e-12 2.22044605e-19 0.00000000e+00
   0.00000000e+00 0.00000000e+00 0.00000000e+00 0.00000000e+00
   0.00000000e+00 0.00000000e+00 0.00000000e+00 0.00000000e+00
   0.00000000e+00 0.00000000e+00 0.00000000e+00 0.00000000e+00
   0.00000000e+00 0.00000000e+00 0.00000000e+00 0.00000000e+00
   0.00000000e+00 0.00000000e+00 0.00000000e+00 0.00000000e+00
   0.00000000e+00 0.00000000e+00 0.00000000e+00 0.00000000e+00
   0.00000000e+00 0.00000000e+00 0.00000000e+00 0.00000000e+00
   0.00000000e+00 0.00000000e+00 0.00000000e+00 0.00000000e+00
   0.00000000e+00 0.00000000e+00 0.00000000e+00 0.00000000e+00
   0.00000000e+00 0.00000000e+00 0.00000000e+00 0.00000000e+00
   0.00000000e+00 0.00000000e+00 0.00000000e+00 0.00000000e+00]
  [3.48699099e-03 4.85249978e-04 3.94600662e-05 6.34268465e-07
   2.97130874e-09 4.40883914e-11 2.99156544e-11 5.22818825e-15
   1.44328993e-18 0.00000000e+00 0.00000000e+00 0.00000000e+00
   0.00000000e+00 0.00000000e+00 0.00000000e+00 0.00000000e+00
   0.00000000e+00 0.00000000e+00 0.00000000e+00 0.00000000e+00
   0.00000000e+00 0.00000000e+00 0.00000000e+00 0.00000000e+00
   0.00000000e+00 0.00000000e+00 0.00000000e+00 0.00000000e+00
   0.00000000e+00 0.00000000e+00 0.00000000e+00 0.00000000e+00
   0.00000000e+00 0.00000000e+00 0.00000000e+00 0.00000000e+00
   0.00000000e+00 0.00000000e+00 0.00000000e+00 0.00000000e+00
   0.00000000e+00 0.00000000e+00 0.00000000e+00 0.00000000e+00
   0.00000000e+00 0.00000000e+00 0.00000000e+00 0.00000000e+00]]

 [[6.33572044e-03 1.30810724e-03 7.28474591e-05 3.67803546e-06
   1.26769482e-08 6.70167882e-08 3.27478785e-16 9.86618195e-17
   0.00000000e+00 0.00000000e+00 0.00000000e+00 0.00000000e+00
   0.00000000e+00 0.00000000e+00 0.00000000e+00 0.00000000e+00
   0.00000000e+00 0.00000000e+00 0.00000000e+00 0.00000000e+00
   0.00000000e+00 0.00000000e+00 0.00000000e+00 0.00000000e+00
   0.00000000e+00 0.00000000e+00 0.00000000e+00 0.00000000e+00
   0.00000000e+00 0.00000000e+00 0.00000000e+00 0.00000000e+00
   0.00000000e+00 0.00000000e+00 0.00000000e+00 0.00000000e+00
   0.00000000e+00 0.00000000e+00 0.00000000e+00 0.00000000e+00
   0.00000000e+00 0.00000000e+00 0.00000000e+00 0.00000000e+00
   0.00000000e+00 0.00000000e+00 0.00000000e+00 0.00000000e+00]
  [5.82374119e-01 5.69289105e-01 5.56079529e-01 5.44775705e-01
   5.40726764e-01 5.29725134e-01 5.26897324e-01 5.21799623e-01
   5.19863788e-01 5.18558284e-01 5.13823634e-01 5.12990620e-01
   5.12315580e-01 5.10187562e-01 5.09525542e-01 5.10458301e-01
   5.06990393e-01 5.09872612e-01 5.08999047e-01 5.04867949e-01
   5.06445174e-01 5.07665390e-01 5.08220273e-01 5.08916681e-01
   5.10484810e-01 5.09484796e-01 5.10482735e-01 5.08650792e-01
   5.09941202e-01 5.11055597e-01 5.10757671e-01 5.11981536e-01
   5.13250112e-01 5.15321979e-01 5.14512681e-01 5.13915160e-01
   5.15327949e-01 5.16576580e-01 5.15343867e-01 5.16669681e-01
   5.16939068e-01 5.17564635e-01 5.17198391e-01 5.19084755e-01
   5.17661219e-01 5.17312814e-01 5.18621992e-01 5.18164803e-01]
  [7.63662074e-02 4.80651781e-02 2.32992804e-02 1.12166362e-02
   5.50229044e-03 3.32479106e-03 1.69669883e-03 9.13053201e-04
   5.08235588e-04 1.37421945e-04 3.34885660e-05 1.02257070e-05
   3.42422705e-06 3.31653555e-06 8.56341635e-07 5.25193145e-07
   1.43370128e-07 2.65219352e-08 1.31153686e-08 1.89216856e-08
   3.05378018e-09 6.25101499e-10 2.92922408e-10 5.45383647e-11
   7.59014733e-12 4.72969086e-12 3.07921052e-12 1.07119739e-12
   1.00746737e-12 3.89044833e-13 1.70412573e-14 4.77418105e-15
   4.95640566e-16 1.46401410e-16 4.84427313e-17 1.70974346e-17
   1.21754458e-17 7.80856861e-18 1.70234197e-18 2.96059473e-19
   3.70074342e-20 0.00000000e+00 0.00000000e+00 0.00000000e+00
   0.00000000e+00 0.00000000e+00 0.00000000e+00 0.00000000e+00]
  [5.55770546e-01 5.22397251e-01 4.94547781e-01 4.75643614e-01
   4.59945512e-01 4.45618297e-01 4.34341392e-01 4.23197257e-01
   4.15641339e-01 4.03802278e-01 3.94083425e-01 3.88005745e-01
   3.79952387e-01 3.72027509e-01 3.62563852e-01 3.55067996e-01
   3.44273037e-01 3.39916998e-01 3.33010523e-01 3.26531986e-01
   3.23082390e-01 3.18040445e-01 3.11029326e-01 3.05156244e-01
   2.97131943e-01 2.89827384e-01 2.84961669e-01 2.79158043e-01
   2.73930375e-01 2.69759428e-01 2.64210634e-01 2.58927542e-01
   2.53535130e-01 2.48633977e-01 2.41828469e-01 2.37048681e-01
   2.32531521e-01 2.28795538e-01 2.23524645e-01 2.20171841e-01
   2.15627250e-01 2.12865340e-01 2.09419001e-01 2.05148870e-01
   2.00247929e-01 1.96662527e-01 1.92168978e-01 1.88406786e-01]
  [4.86998171e-02 1.52135562e-02 5.64295940e-03 1.78796707e-03
   7.18370283e-04 2.31838626e-04 9.94237051e-05 2.77112563e-05
   9.07008142e-06 8.52914004e-07 1.64815693e-06 1.01085156e-06
   2.58610771e-07 2.21135895e-08 1.97293629e-09 2.51622306e-10
   2.59610064e-11 6.28132975e-12 2.07570620e-12 1.57098926e-13
   2.09086637e-13 8.02543143e-13 2.63762863e-13 6.87330563e-14
   1.56326433e-14 4.73417601e-15 6.61285841e-16 1.70567264e-16
   1.50250183e-17 2.62752782e-18 2.22044605e-19 0.00000000e+00
   0.00000000e+00 0.00000000e+00 0.00000000e+00 0.00000000e+00
   0.00000000e+00 0.00000000e+00 0.00000000e+00 0.00000000e+00
   0.00000000e+00 0.00000000e+00 0.00000000e+00 0.00000000e+00
   0.00000000e+00 0.00000000e+00 0.00000000e+00 0.00000000e+00]
  [5.27408193e-01 4.76057107e-01 4.30446731e-01 4.00720227e-01
   3.75967147e-01 3.57648912e-01 3.41365784e-01 3.26273674e-01
   3.14892506e-01 2.97172823e-01 2.84526113e-01 2.74873636e-01
   2.63800129e-01 2.52904079e-01 2.39874185e-01 2.28673135e-01
   2.16339578e-01 2.08387351e-01 1.99802329e-01 1.92816963e-01
   1.86843822e-01 1.79329462e-01 1.70367031e-01 1.62816123e-01
   1.53889163e-01 1.46212857e-01 1.40678564e-01 1.35789743e-01
   1.29869913e-01 1.24877021e-01 1.19143162e-01 1.12731993e-01
   1.06993596e-01 1.01451012e-01 9.57786543e-02 9.11380197e-02
   8.73429700e-02 8.34557036e-02 7.94247947e-02 7.61971257e-02
   7.21833653e-02 6.99885776e-02 6.70655647e-02 6.39036469e-02
   6.07503275e-02 5.80618111e-02 5.42371840e-02 5.19657444e-02]]

 [[2.62980506e-02 8.94094356e-03 2.42053671e-03 5.15977781e-04
   8.02462821e-05 3.63006683e-05 1.36307349e-06 4.25867169e-08
   6.86940399e-09 1.09043604e-09 6.55267426e-12 5.11624475e-11
   1.38037729e-17 2.59052039e-19 0.00000000e+00 0.00000000e+00
   0.00000000e+00 0.00000000e+00 0.00000000e+00 0.00000000e+00
   0.00000000e+00 0.00000000e+00 0.00000000e+00 0.00000000e+00
   0.00000000e+00 0.00000000e+00 0.00000000e+00 0.00000000e+00
   0.00000000e+00 0.00000000e+00 0.00000000e+00 0.00000000e+00
   0.00000000e+00 0.00000000e+00 0.00000000e+00 0.00000000e+00
   0.00000000e+00 0.00000000e+00 0.00000000e+00 0.00000000e+00
   0.00000000e+00 0.00000000e+00 0.00000000e+00 0.00000000e+00
   0.00000000e+00 0.00000000e+00 0.00000000e+00 0.00000000e+00]
  [1.07858043e-01 5.07252683e-02 2.46347960e-02 1.17211141e-02
   5.11258904e-03 2.61441728e-03 1.45839323e-03 4.48343490e-04
   2.30547607e-04 1.37042622e-04 4.72080048e-05 1.64062693e-05
   6.27952937e-06 3.86181823e-06 1.35553985e-06 5.51713473e-07
   1.39044648e-07 7.84453730e-08 4.61097124e-09 5.41632483e-10
   2.86793762e-11 9.85649073e-12 3.38446301e-11 2.68626889e-11
   1.22721822e-12 4.42766934e-14 1.41682962e-15 1.32486614e-16
   4.46679730e-16 1.18571819e-16 1.00290147e-17 3.25665421e-18
   1.62832710e-18 7.40148683e-20 0.00000000e+00 0.00000000e+00
   0.00000000e+00 0.00000000e+00 0.00000000e+00 0.00000000e+00
   0.00000000e+00 0.00000000e+00 0.00000000e+00 0.00000000e+00
   0.00000000e+00 0.00000000e+00 0.00000000e+00 0.00000000e+00]
  [6.91280836e-01 6.91315689e-01 6.75312577e-01 6.56780424e-01
   6.41839003e-01 6.33830130e-01 6.23809620e-01 6.15467393e-01
   6.10239392e-01 6.06161216e-01 6.01317277e-01 5.97219926e-01
   5.91838054e-01 5.90281258e-01 5.86519814e-01 5.86338777e-01
   5.84497186e-01 5.82562517e-01 5.78519152e-01 5.77825331e-01
   5.76003865e-01 5.72473802e-01 5.69912288e-01 5.67128479e-01
   5.66788833e-01 5.64050387e-01 5.61444266e-01 5.57236811e-01
   5.53497672e-01 5.49111382e-01 5.46795197e-01 5.43566906e-01
   5.44146932e-01 5.42422752e-01 5.41383249e-01 5.40914951e-01
   5.39724429e-01 5.39605180e-01 5.35150819e-01 5.33254448e-01
   5.32302506e-01 5.30443556e-01 5.28267151e-01 5.27415967e-01
   5.27243261e-01 5.27971070e-01 5.26467709e-01 5.27101104e-01]
  [1.25612638e-01 5.20021836e-02 2.52718090e-02 1.26072235e-02
   5.33695751e-03 3.02380579e-03 1.79930455e-03 5.97269807e-04
   2.52153539e-04 1.59853708e-04 4.59733964e-05 1.60199634e-05
   1.06290801e-05 5.70256699e-06 1.86212724e-06 7.44675321e-07
   3.62910410e-07 1.25488372e-07 1.25944480e-08 2.75427100e-09
   2.40654748e-10 3.35630503e-11 1.01630236e-10 2.01712235e-11
   1.92360006e-12 1.20423856e-13 9.93083393e-15 1.12683936e-15
   1.70426636e-15 8.60792918e-17 2.43138842e-17 5.69914486e-18
   4.81096644e-19 0.00000000e+00 0.00000000e+00 0.00000000e+00
   0.00000000e+00 0.00000000e+00 0.00000000e+00 0.00000000e+00
   0.00000000e+00 0.00000000e+00 0.00000000e+00 0.00000000e+00
   0.00000000e+00 0.00000000e+00 0.00000000e+00 0.00000000e+00]
  [1.49728803e-03 1.37959301e-04 5.68160037e-07 6.37262585e-10
   6.40012878e-10 0.00000000e+00 0.00000000e+00 0.00000000e+00
   0.00000000e+00 0.00000000e+00 0.00000000e+00 0.00000000e+00
   0.00000000e+00 0.00000000e+00 0.00000000e+00 0.00000000e+00
   0.00000000e+00 0.00000000e+00 0.00000000e+00 0.00000000e+00
   0.00000000e+00 0.00000000e+00 0.00000000e+00 0.00000000e+00
   0.00000000e+00 0.00000000e+00 0.00000000e+00 0.00000000e+00
   0.00000000e+00 0.00000000e+00 0.00000000e+00 0.00000000e+00
   0.00000000e+00 0.00000000e+00 0.00000000e+00 0.00000000e+00
   0.00000000e+00 0.00000000e+00 0.00000000e+00 0.00000000e+00
   0.00000000e+00 0.00000000e+00 0.00000000e+00 0.00000000e+00
   0.00000000e+00 0.00000000e+00 0.00000000e+00 0.00000000e+00]
  [1.38346796e-01 5.47637063e-02 2.57631037e-02 1.28276341e-02
   5.54665576e-03 3.29580096e-03 1.94932810e-03 6.98077962e-04
   2.83353667e-04 1.74442895e-04 5.85588187e-05 2.34824518e-05
   1.51964947e-05 5.87846475e-06 2.32061452e-06 7.55012481e-07
   5.21065866e-07 1.33494672e-07 1.95905531e-08 5.76107922e-09
   7.05283566e-10 7.44916879e-11 1.48675742e-10 1.14055508e-11
   2.21048924e-12 1.73765224e-13 3.70306378e-14 4.72052027e-15
   4.25370850e-15 2.75483340e-16 5.52520992e-17 4.99600361e-18
   2.22044605e-19 0.00000000e+00 3.70074342e-20 0.00000000e+00
   0.00000000e+00 0.00000000e+00 0.00000000e+00 0.00000000e+00
   0.00000000e+00 0.00000000e+00 0.00000000e+00 0.00000000e+00
   0.00000000e+00 0.00000000e+00 0.00000000e+00 0.00000000e+00]]

 [[2.18923979e-03 3.65019843e-04 2.42929307e-05 4.77394225e-08
   1.01302935e-11 7.58001069e-15 1.04879068e-16 0.00000000e+00
   1.07321559e-18 0.00000000e+00 0.00000000e+00 0.00000000e+00
   0.00000000e+00 0.00000000e+00 0.00000000e+00 0.00000000e+00
   0.00000000e+00 0.00000000e+00 0.00000000e+00 0.00000000e+00
   0.00000000e+00 0.00000000e+00 0.00000000e+00 0.00000000e+00
   0.00000000e+00 0.00000000e+00 0.00000000e+00 0.00000000e+00
   0.00000000e+00 0.00000000e+00 0.00000000e+00 0.00000000e+00
   0.00000000e+00 0.00000000e+00 0.00000000e+00 0.00000000e+00
   0.00000000e+00 0.00000000e+00 0.00000000e+00 0.00000000e+00
   0.00000000e+00 0.00000000e+00 0.00000000e+00 0.00000000e+00
   0.00000000e+00 0.00000000e+00 0.00000000e+00 0.00000000e+00]
  [5.36021066e-01 5.13436958e-01 4.95429039e-01 4.87726502e-01
   4.75238301e-01 4.63648949e-01 4.48949530e-01 4.34603082e-01
   4.25440805e-01 4.14275913e-01 4.05906202e-01 3.97156777e-01
   3.89838964e-01 3.78699109e-01 3.71391367e-01 3.64591677e-01
   3.56844856e-01 3.47305164e-01 3.38075524e-01 3.32919647e-01
   3.25659758e-01 3.20869962e-01 3.13948130e-01 3.06206786e-01
   2.98719949e-01 2.94472840e-01 2.88022292e-01 2.80940171e-01
   2.74711485e-01 2.68549884e-01 2.62939949e-01 2.56219252e-01
   2.51533403e-01 2.46142429e-01 2.40737903e-01 2.34529094e-01
   2.28230699e-01 2.23152080e-01 2.17717705e-01 2.12866798e-01
   2.09578355e-01 2.04856074e-01 1.99018206e-01 1.93796311e-01
   1.89104977e-01 1.84096161e-01 1.80985653e-01 1.78034380e-01]
  [8.68462886e-02 4.53686242e-02 1.97574819e-02 8.44331738e-03
   3.65183393e-03 1.57967293e-03 6.95176787e-04 2.54626564e-04
   6.97034024e-05 4.09798323e-05 1.52336151e-05 6.17227226e-06
   5.09273969e-06 4.38162861e-06 1.16482942e-06 1.03735347e-06
   2.56119387e-07 7.52546878e-08 1.98097591e-08 1.09030925e-08
   4.56229483e-09 1.04413762e-09 8.18473233e-10 1.46757736e-10
   2.29685962e-11 3.86097923e-11 5.45825022e-12 8.40083780e-13
   1.51183066e-13 8.39469235e-14 3.13669091e-14 5.93351294e-15
   1.80822024e-15 7.32081062e-16 1.13168734e-16 1.55061149e-17
   2.51650552e-18 2.96059473e-19 0.00000000e+00 7.40148683e-20
   0.00000000e+00 0.00000000e+00 0.00000000e+00 0.00000000e+00
   0.00000000e+00 0.00000000e+00 0.00000000e+00 0.00000000e+00]
  [5.80555023e-01 5.59156676e-01 5.50250067e-01 5.46215719e-01
   5.43395154e-01 5.41430208e-01 5.40389325e-01 5.34145457e-01
   5.35137052e-01 5.32849187e-01 5.30515472e-01 5.29112673e-01
   5.28800105e-01 5.28469447e-01 5.27432713e-01 5.28339910e-01
   5.27424664e-01 5.26949183e-01 5.25143494e-01 5.24960981e-01
   5.25384650e-01 5.25947723e-01 5.25652472e-01 5.23011255e-01
   5.23055987e-01 5.26775549e-01 5.26796704e-01 5.27626870e-01
   5.27333142e-01 5.27525024e-01 5.25469872e-01 5.24456586e-01
   5.22853584e-01 5.21967466e-01 5.22863152e-01 5.23868931e-01
   5.23611158e-01 5.23032752e-01 5.23230209e-01 5.23021529e-01
   5.25227174e-01 5.27960195e-01 5.29555654e-01 5.31743204e-01
   5.31803563e-01 5.31054350e-01 5.31405270e-01 5.32519204e-01]
  [4.51946595e-02 1.61226459e-02 3.95647513e-03 1.21757458e-03
   4.38904746e-04 1.46317348e-04 3.37774455e-05 8.50763407e-06
   3.95118285e-06 8.77062410e-07 1.54459697e-07 1.46164054e-07
   1.33399527e-08 2.19824284e-09 3.34207937e-10 1.11740954e-10
   1.83352048e-11 8.21942603e-12 3.46865596e-12 9.86324911e-13
   8.40755613e-14 4.58574660e-14 1.75703156e-14 1.06248343e-14
   1.12221343e-15 1.40691162e-15 3.80103356e-16 4.38538095e-17
   7.36447940e-18 1.73934941e-18 4.81096644e-19 1.48029737e-19
   3.70074342e-20 0.00000000e+00 0.00000000e+00 0.00000000e+00
   0.00000000e+00 0.00000000e+00 0.00000000e+00 0.00000000e+00
   0.00000000e+00 0.00000000e+00 0.00000000e+00 0.00000000e+00
   0.00000000e+00 0.00000000e+00 0.00000000e+00 0.00000000e+00]
  [5.78191759e-01 5.46049126e-01 5.28924316e-01 5.17220491e-01
   5.10521706e-01 5.05953608e-01 5.04563905e-01 4.97471387e-01
   4.96458756e-01 4.92635250e-01 4.88059906e-01 4.84094165e-01
   4.81466856e-01 4.80724943e-01 4.77162163e-01 4.75790676e-01
   4.73070997e-01 4.71376664e-01 4.68139633e-01 4.65778469e-01
   4.65110860e-01 4.63446461e-01 4.61699107e-01 4.58016650e-01
   4.57302189e-01 4.56999564e-01 4.55246298e-01 4.54724911e-01
   4.53418439e-01 4.52264839e-01 4.48953863e-01 4.46160250e-01
   4.42287978e-01 4.39314887e-01 4.37917931e-01 4.38171605e-01
   4.36426239e-01 4.33283043e-01 4.31781906e-01 4.28752306e-01
   4.27133844e-01 4.28040684e-01 4.28092197e-01 4.28654550e-01
   4.27879038e-01 4.25036710e-01 4.23439855e-01 4.22284119e-01]]

 [[2.49907925e-05 3.85045688e-12 0.00000000e+00 0.00000000e+00
   0.00000000e+00 0.00000000e+00 0.00000000e+00 0.00000000e+00
   0.00000000e+00 0.00000000e+00 0.00000000e+00 0.00000000e+00
   0.00000000e+00 0.00000000e+00 0.00000000e+00 0.00000000e+00
   0.00000000e+00 0.00000000e+00 0.00000000e+00 0.00000000e+00
   0.00000000e+00 0.00000000e+00 0.00000000e+00 0.00000000e+00
   0.00000000e+00 0.00000000e+00 0.00000000e+00 0.00000000e+00
   0.00000000e+00 0.00000000e+00 0.00000000e+00 0.00000000e+00
   0.00000000e+00 0.00000000e+00 0.00000000e+00 0.00000000e+00
   0.00000000e+00 0.00000000e+00 0.00000000e+00 0.00000000e+00
   0.00000000e+00 0.00000000e+00 0.00000000e+00 0.00000000e+00
   0.00000000e+00 0.00000000e+00 0.00000000e+00 0.00000000e+00]
  [2.87371974e-02 9.76128326e-03 4.07379057e-03 1.67660638e-03
   3.64799380e-04 1.33061330e-04 1.50112078e-05 8.77305238e-08
   2.05580131e-07 8.18466210e-08 4.36735773e-09 1.68814214e-08
   5.73749151e-11 5.18660300e-14 1.53136763e-16 7.62353144e-18
   3.70074342e-20 3.70074342e-20 2.96059473e-19 0.00000000e+00
   0.00000000e+00 0.00000000e+00 0.00000000e+00 0.00000000e+00
   0.00000000e+00 0.00000000e+00 0.00000000e+00 0.00000000e+00
   0.00000000e+00 0.00000000e+00 0.00000000e+00 0.00000000e+00
   0.00000000e+00 0.00000000e+00 0.00000000e+00 0.00000000e+00
   0.00000000e+00 0.00000000e+00 0.00000000e+00 0.00000000e+00
   0.00000000e+00 0.00000000e+00 0.00000000e+00 0.00000000e+00
   0.00000000e+00 0.00000000e+00 0.00000000e+00 0.00000000e+00]
  [1.59956732e-03 3.99800841e-05 1.22819803e-07 2.22044605e-19
   3.70074342e-19 6.03221177e-18 0.00000000e+00 0.00000000e+00
   0.00000000e+00 0.00000000e+00 0.00000000e+00 0.00000000e+00
   0.00000000e+00 0.00000000e+00 0.00000000e+00 0.00000000e+00
   0.00000000e+00 0.00000000e+00 0.00000000e+00 0.00000000e+00
   0.00000000e+00 0.00000000e+00 0.00000000e+00 0.00000000e+00
   0.00000000e+00 0.00000000e+00 0.00000000e+00 0.00000000e+00
   0.00000000e+00 0.00000000e+00 0.00000000e+00 0.00000000e+00
   0.00000000e+00 0.00000000e+00 0.00000000e+00 0.00000000e+00
   0.00000000e+00 0.00000000e+00 0.00000000e+00 0.00000000e+00
   0.00000000e+00 0.00000000e+00 0.00000000e+00 0.00000000e+00
   0.00000000e+00 0.00000000e+00 0.00000000e+00 0.00000000e+00]
  [2.89108172e-02 9.63576244e-03 4.31720511e-03 1.74177638e-03
   4.05939941e-04 2.06559621e-04 1.62084884e-05 1.56563494e-07
   3.80989683e-07 3.11143389e-08 1.21309889e-08 3.74072827e-08
   1.17549691e-10 1.00266240e-13 7.80116712e-17 2.25005200e-17
   3.70074342e-20 7.40148683e-20 7.03141249e-19 0.00000000e+00
   0.00000000e+00 0.00000000e+00 0.00000000e+00 0.00000000e+00
   0.00000000e+00 0.00000000e+00 0.00000000e+00 0.00000000e+00
   0.00000000e+00 0.00000000e+00 0.00000000e+00 0.00000000e+00
   0.00000000e+00 0.00000000e+00 0.00000000e+00 0.00000000e+00
   0.00000000e+00 0.00000000e+00 0.00000000e+00 0.00000000e+00
   0.00000000e+00 0.00000000e+00 0.00000000e+00 0.00000000e+00
   0.00000000e+00 0.00000000e+00 0.00000000e+00 0.00000000e+00]
  [7.63905173e-01 7.57143174e-01 7.37776403e-01 7.10552361e-01
   6.80488005e-01 6.65830900e-01 6.52372945e-01 6.39168186e-01
   6.28272048e-01 6.20005677e-01 6.12026271e-01 6.01572825e-01
   5.94523030e-01 5.88564511e-01 5.85491084e-01 5.83132497e-01
   5.77569488e-01 5.76196765e-01 5.71338641e-01 5.66630611e-01
   5.64734309e-01 5.63398082e-01 5.62859311e-01 5.62505138e-01
   5.61891793e-01 5.62785982e-01 5.60170009e-01 5.60690209e-01
   5.61781996e-01 5.62141204e-01 5.59888167e-01 5.58684189e-01
   5.59494081e-01 5.60286780e-01 5.59193261e-01 5.58789647e-01
   5.60137286e-01 5.60568502e-01 5.58200380e-01 5.58193194e-01
   5.58379833e-01 5.57910989e-01 5.58640314e-01 5.56996047e-01
   5.58025275e-01 5.57276100e-01 5.58415010e-01 5.58326540e-01]
  [2.76784921e-02 8.76156434e-03 3.97559750e-03 1.57792018e-03
   3.73455900e-04 1.94409294e-04 1.24411277e-05 1.06746995e-07
   2.24903653e-07 1.32151440e-08 7.74194313e-09 2.18171195e-08
   6.43186008e-11 5.07811200e-14 2.68303898e-17 9.54791801e-18
   0.00000000e+00 3.70074342e-20 2.59052039e-19 0.00000000e+00
   0.00000000e+00 0.00000000e+00 0.00000000e+00 0.00000000e+00
   0.00000000e+00 0.00000000e+00 0.00000000e+00 0.00000000e+00
   0.00000000e+00 0.00000000e+00 0.00000000e+00 0.00000000e+00
   0.00000000e+00 0.00000000e+00 0.00000000e+00 0.00000000e+00
   0.00000000e+00 0.00000000e+00 0.00000000e+00 0.00000000e+00
   0.00000000e+00 0.00000000e+00 0.00000000e+00 0.00000000e+00
   0.00000000e+00 0.00000000e+00 0.00000000e+00 0.00000000e+00]]

 [[1.33606025e-03 1.04379638e-04 1.53492100e-07 4.71765851e-08
   2.43508917e-17 0.00000000e+00 0.00000000e+00 0.00000000e+00
   0.00000000e+00 0.00000000e+00 0.00000000e+00 0.00000000e+00
   0.00000000e+00 0.00000000e+00 0.00000000e+00 0.00000000e+00
   0.00000000e+00 0.00000000e+00 0.00000000e+00 0.00000000e+00
   0.00000000e+00 0.00000000e+00 0.00000000e+00 0.00000000e+00
   0.00000000e+00 0.00000000e+00 0.00000000e+00 0.00000000e+00
   0.00000000e+00 0.00000000e+00 0.00000000e+00 0.00000000e+00
   0.00000000e+00 0.00000000e+00 0.00000000e+00 0.00000000e+00
   0.00000000e+00 0.00000000e+00 0.00000000e+00 0.00000000e+00
   0.00000000e+00 0.00000000e+00 0.00000000e+00 0.00000000e+00
   0.00000000e+00 0.00000000e+00 0.00000000e+00 0.00000000e+00]
  [5.24255369e-01 4.95733555e-01 4.61022260e-01 4.37616901e-01
   4.13581463e-01 3.90945039e-01 3.76509599e-01 3.56945324e-01
   3.40483181e-01 3.24186923e-01 3.08939604e-01 2.95075939e-01
   2.86440722e-01 2.73345809e-01 2.62890571e-01 2.53005398e-01
   2.40704952e-01 2.30289761e-01 2.18907507e-01 2.10055272e-01
   2.01227028e-01 1.91545404e-01 1.84444073e-01 1.75634896e-01
   1.67854352e-01 1.58330137e-01 1.50449439e-01 1.46132761e-01
   1.41407480e-01 1.36101346e-01 1.31049752e-01 1.25252517e-01
   1.19691039e-01 1.13787540e-01 1.07519481e-01 1.02559522e-01
   9.83257116e-02 9.36510288e-02 8.96083992e-02 8.67631547e-02
   8.25652104e-02 7.84453196e-02 7.41609959e-02 7.07038774e-02
   6.79649006e-02 6.48971732e-02 6.15946577e-02 5.92760719e-02]
  [9.79858400e-02 5.32869024e-02 2.64668327e-02 1.28222426e-02
   6.67859401e-03 3.15348852e-03 1.91149844e-03 9.84180400e-04
   4.85538852e-04 1.57314773e-04 8.18208178e-05 2.39361118e-05
   2.32308896e-05 6.79523483e-06 2.09407471e-06 3.02041347e-06
   5.49696848e-07 7.49409754e-08 1.44599054e-07 5.72450146e-08
   6.80501064e-09 1.94083452e-09 5.50783351e-09 1.08152872e-09
   1.52150455e-10 1.70474899e-11 1.72006413e-12 4.49046097e-13
   1.83418022e-13 2.91744036e-14 6.63184322e-15 4.70401496e-15
   2.98076378e-15 4.36835753e-16 7.42369129e-17 1.60279197e-16
   1.66459439e-16 2.78665979e-17 9.54791801e-18 2.03540888e-18
   1.48029737e-19 7.40148683e-20 1.11022302e-19 3.70074342e-20
   0.00000000e+00 0.00000000e+00 0.00000000e+00 0.00000000e+00]
  [6.02147742e-01 5.79045221e-01 5.57421073e-01 5.49367558e-01
   5.39459164e-01 5.32836531e-01 5.32862924e-01 5.27518317e-01
   5.24694192e-01 5.20269131e-01 5.13874217e-01 5.12543135e-01
   5.13215555e-01 5.10380335e-01 5.08705673e-01 5.03181970e-01
   4.99758289e-01 4.95105197e-01 4.92029144e-01 4.89707362e-01
   4.87342245e-01 4.84510057e-01 4.83465237e-01 4.79988982e-01
   4.74588367e-01 4.70676947e-01 4.67360069e-01 4.65578714e-01
   4.63739834e-01 4.61673866e-01 4.60867223e-01 4.59259557e-01
   4.58217228e-01 4.55499343e-01 4.53031159e-01 4.51477712e-01
   4.49385785e-01 4.47869034e-01 4.44654796e-01 4.44801508e-01
   4.43202662e-01 4.40723393e-01 4.36793315e-01 4.33828081e-01
   4.32156633e-01 4.29590565e-01 4.27116701e-01 4.26348905e-01]
  [4.77468919e-02 1.27474680e-02 4.23572948e-03 1.49799154e-03
   3.72649892e-04 7.21064661e-05 4.18384024e-05 4.95914647e-06
   1.25095452e-06 2.27508210e-07 4.81352368e-08 1.97631417e-08
   2.50252383e-09 3.39145758e-10 7.95998039e-11 2.26130948e-11
   5.24679096e-12 5.93091265e-12 2.08688148e-12 1.01136444e-12
   2.67399584e-13 9.99302863e-14 1.90907290e-14 3.70211269e-15
   5.17956048e-16 8.82257230e-17 5.18104078e-18 4.81096644e-19
   7.40148683e-20 0.00000000e+00 0.00000000e+00 0.00000000e+00
   0.00000000e+00 0.00000000e+00 0.00000000e+00 0.00000000e+00
   0.00000000e+00 0.00000000e+00 0.00000000e+00 0.00000000e+00
   0.00000000e+00 0.00000000e+00 0.00000000e+00 0.00000000e+00
   0.00000000e+00 0.00000000e+00 0.00000000e+00 0.00000000e+00]
  [6.15156628e-01 5.82583846e-01 5.56995199e-01 5.47191408e-01
   5.37297473e-01 5.32694794e-01 5.34054136e-01 5.30632287e-01
   5.30139112e-01 5.28118072e-01 5.23568899e-01 5.24883876e-01
   5.26459889e-01 5.26046548e-01 5.25902911e-01 5.20955012e-01
   5.20235594e-01 5.17574978e-01 5.16698372e-01 5.16476180e-01
   5.16320688e-01 5.15793478e-01 5.15529542e-01 5.14664406e-01
   5.10897001e-01 5.09926829e-01 5.09303140e-01 5.08595641e-01
   5.07424912e-01 5.06958207e-01 5.07558823e-01 5.06156562e-01
   5.07124851e-01 5.05310183e-01 5.04032372e-01 5.04022798e-01
   5.02610927e-01 5.03853007e-01 5.02059176e-01 5.01634436e-01
   4.99959788e-01 4.99812602e-01 4.97542208e-01 4.96266821e-01
   4.95578816e-01 4.95412531e-01 4.94975203e-01 4.94822366e-01]]] 
Error up: 
[[[1.48473192e-01 1.77443629e-01 1.77117724e-01 1.66442306e-01
   1.39785287e-01 1.36287963e-01 1.37681873e-01 1.41716050e-01
   1.31610356e-01 1.31003295e-01 1.36579877e-01 1.43083984e-01
   1.49880899e-01 1.53147600e-01 1.58435412e-01 1.49111496e-01
   1.51797686e-01 1.55532236e-01 1.61342318e-01 1.65461735e-01
   1.65201780e-01 1.69724665e-01 1.75110305e-01 1.74550286e-01
   1.79312264e-01 1.80509630e-01 1.86216005e-01 1.90844158e-01
   1.90031455e-01 1.99210460e-01 1.99928012e-01 2.02283384e-01
   2.06266956e-01 2.11983126e-01 2.17314951e-01 2.20265019e-01
   2.22408082e-01 2.24121487e-01 2.22842911e-01 2.22054969e-01
   2.24394874e-01 2.25966238e-01 2.31196155e-01 2.34262939e-01
   2.36257704e-01 2.35549568e-01 2.37055633e-01 2.40182036e-01]
  [1.88757589e-01 1.13977245e-01 5.21195872e-02 1.26218611e-02
   1.33658132e-03 9.85759348e-04 1.61841230e-04 3.97760980e-06
   1.08295077e-06 1.92809895e-08 2.24675282e-08 1.77379359e-09
   4.43351965e-09 3.86552809e-11 3.21877382e-13 4.36486996e-15
   0.00000000e+00 0.00000000e+00 0.00000000e+00 0.00000000e+00
   0.00000000e+00 0.00000000e+00 0.00000000e+00 0.00000000e+00
   0.00000000e+00 0.00000000e+00 0.00000000e+00 0.00000000e+00
   0.00000000e+00 0.00000000e+00 0.00000000e+00 0.00000000e+00
   0.00000000e+00 0.00000000e+00 0.00000000e+00 0.00000000e+00
   0.00000000e+00 0.00000000e+00 0.00000000e+00 0.00000000e+00
   0.00000000e+00 0.00000000e+00 0.00000000e+00 0.00000000e+00
   0.00000000e+00 0.00000000e+00 0.00000000e+00 0.00000000e+00]
  [4.67645391e-01 2.02589846e-01 1.59965328e-01 7.90271872e-02
   8.92367096e-02 1.76594249e-02 2.60793745e-03 5.30215079e-04
   2.95914456e-05 1.41480056e-06 5.18300683e-07 2.88918450e-08
   1.38021876e-08 4.25447561e-10 2.17317281e-11 8.73628199e-12
   1.88738172e-13 4.62994164e-15 2.21896575e-16 3.32955885e-16
   0.00000000e+00 0.00000000e+00 0.00000000e+00 0.00000000e+00
   0.00000000e+00 0.00000000e+00 0.00000000e+00 0.00000000e+00
   0.00000000e+00 0.00000000e+00 0.00000000e+00 0.00000000e+00
   0.00000000e+00 0.00000000e+00 0.00000000e+00 0.00000000e+00
   0.00000000e+00 0.00000000e+00 0.00000000e+00 0.00000000e+00
   0.00000000e+00 0.00000000e+00 0.00000000e+00 0.00000000e+00
   0.00000000e+00 0.00000000e+00 0.00000000e+00 0.00000000e+00]
  [9.65357287e-02 8.72587205e-02 1.96221608e-02 1.51041825e-03
   9.30586981e-06 7.12668240e-06 1.41042244e-06 2.80837699e-09
   2.82172050e-11 8.18815365e-15 6.08199417e-14 1.10985295e-16
   4.43941180e-16 0.00000000e+00 0.00000000e+00 0.00000000e+00
   0.00000000e+00 0.00000000e+00 0.00000000e+00 0.00000000e+00
   0.00000000e+00 0.00000000e+00 0.00000000e+00 0.00000000e+00
   0.00000000e+00 0.00000000e+00 0.00000000e+00 0.00000000e+00
   0.00000000e+00 0.00000000e+00 0.00000000e+00 0.00000000e+00
   0.00000000e+00 0.00000000e+00 0.00000000e+00 0.00000000e+00
   0.00000000e+00 0.00000000e+00 0.00000000e+00 0.00000000e+00
   0.00000000e+00 0.00000000e+00 0.00000000e+00 0.00000000e+00
   0.00000000e+00 0.00000000e+00 0.00000000e+00 0.00000000e+00]
  [3.02459403e-01 8.37034424e-10 6.65911770e-16 0.00000000e+00
   0.00000000e+00 0.00000000e+00 0.00000000e+00 0.00000000e+00
   0.00000000e+00 0.00000000e+00 0.00000000e+00 0.00000000e+00
   0.00000000e+00 0.00000000e+00 0.00000000e+00 0.00000000e+00
   0.00000000e+00 0.00000000e+00 0.00000000e+00 0.00000000e+00
   0.00000000e+00 0.00000000e+00 0.00000000e+00 0.00000000e+00
   0.00000000e+00 0.00000000e+00 0.00000000e+00 0.00000000e+00
   0.00000000e+00 0.00000000e+00 0.00000000e+00 0.00000000e+00
   0.00000000e+00 0.00000000e+00 0.00000000e+00 0.00000000e+00
   0.00000000e+00 0.00000000e+00 0.00000000e+00 0.00000000e+00
   0.00000000e+00 0.00000000e+00 0.00000000e+00 0.00000000e+00
   0.00000000e+00 0.00000000e+00 0.00000000e+00 0.00000000e+00]
  [1.42262494e-01 2.62611384e-02 3.24585632e-02 3.01970898e-04
   2.17533917e-06 5.22698087e-08 8.96750864e-08 1.56786704e-11
   2.63193857e-15 0.00000000e+00 0.00000000e+00 0.00000000e+00
   0.00000000e+00 0.00000000e+00 0.00000000e+00 0.00000000e+00
   0.00000000e+00 0.00000000e+00 0.00000000e+00 0.00000000e+00
   0.00000000e+00 0.00000000e+00 0.00000000e+00 0.00000000e+00
   0.00000000e+00 0.00000000e+00 0.00000000e+00 0.00000000e+00
   0.00000000e+00 0.00000000e+00 0.00000000e+00 0.00000000e+00
   0.00000000e+00 0.00000000e+00 0.00000000e+00 0.00000000e+00
   0.00000000e+00 0.00000000e+00 0.00000000e+00 0.00000000e+00
   0.00000000e+00 0.00000000e+00 0.00000000e+00 0.00000000e+00
   0.00000000e+00 0.00000000e+00 0.00000000e+00 0.00000000e+00]]

 [[2.27792407e-01 1.07833908e-01 3.33046870e-02 1.16478828e-03
   8.02469286e-06 2.00972483e-04 9.82108876e-13 2.08831287e-13
   0.00000000e+00 0.00000000e+00 0.00000000e+00 0.00000000e+00
   0.00000000e+00 0.00000000e+00 0.00000000e+00 0.00000000e+00
   0.00000000e+00 0.00000000e+00 0.00000000e+00 0.00000000e+00
   0.00000000e+00 0.00000000e+00 0.00000000e+00 0.00000000e+00
   0.00000000e+00 0.00000000e+00 0.00000000e+00 0.00000000e+00
   0.00000000e+00 0.00000000e+00 0.00000000e+00 0.00000000e+00
   0.00000000e+00 0.00000000e+00 0.00000000e+00 0.00000000e+00
   0.00000000e+00 0.00000000e+00 0.00000000e+00 0.00000000e+00
   0.00000000e+00 0.00000000e+00 0.00000000e+00 0.00000000e+00
   0.00000000e+00 0.00000000e+00 0.00000000e+00 0.00000000e+00]
  [3.35271941e-01 2.68623562e-01 2.71943456e-01 2.60025413e-01
   2.48759760e-01 2.64184572e-01 2.59385415e-01 2.53206847e-01
   2.41274238e-01 2.46645698e-01 2.53184710e-01 2.58068285e-01
   2.60501627e-01 2.64207836e-01 2.66896909e-01 2.64390186e-01
   2.65670375e-01 2.66666203e-01 2.66540722e-01 2.67224306e-01
   2.69945175e-01 2.71376818e-01 2.71843324e-01 2.74503330e-01
   2.75424593e-01 2.74754509e-01 2.73564745e-01 2.73544899e-01
   2.75875109e-01 2.80808372e-01 2.80576632e-01 2.84444971e-01
   2.80845919e-01 2.80946412e-01 2.80966469e-01 2.84754871e-01
   2.77761109e-01 2.81875258e-01 2.83390302e-01 2.79831563e-01
   2.81080008e-01 2.80631712e-01 2.82850342e-01 2.81301110e-01
   2.85725801e-01 2.86558717e-01 2.84888109e-01 2.84740195e-01]
  [3.13230990e-01 2.91992292e-01 2.97667750e-01 2.10894510e-01
   1.19642311e-01 1.28193823e-01 1.01341585e-01 8.04338020e-02
   6.19838556e-02 1.36493332e-02 3.42535000e-03 1.42319946e-03
   5.93516637e-04 1.39865140e-03 2.87036040e-04 1.76809377e-04
   3.53119702e-05 7.34187299e-06 4.20830464e-06 9.59456541e-06
   1.12322444e-06 2.30173219e-07 1.46351618e-07 2.69175814e-08
   3.27249030e-09 2.64802291e-09 1.81826976e-09 5.82360807e-10
   8.75950616e-10 3.22165643e-10 7.27587279e-12 2.58586186e-12
   2.44651963e-13 8.19726049e-14 2.39770608e-14 8.87054648e-15
   1.14134411e-14 8.15982563e-15 2.93169290e-15 4.43793150e-16
   1.10985295e-16 0.00000000e+00 0.00000000e+00 0.00000000e+00
   0.00000000e+00 0.00000000e+00 0.00000000e+00 0.00000000e+00]
  [3.02384866e-01 3.48000868e-01 3.17981665e-01 3.20881215e-01
   2.90283156e-01 2.85797291e-01 2.94409754e-01 2.90004814e-01
   2.94304093e-01 2.99461257e-01 3.05675961e-01 3.13720335e-01
   3.17849288e-01 3.21880920e-01 3.24822544e-01 3.26268092e-01
   3.29831418e-01 3.34378030e-01 3.32236998e-01 3.39548426e-01
   3.41479211e-01 3.43845094e-01 3.39598136e-01 3.40722239e-01
   3.37189801e-01 3.33314026e-01 3.34810313e-01 3.41877426e-01
   3.46154800e-01 3.47565188e-01 3.50166320e-01 3.48560543e-01
   3.50118454e-01 3.46243151e-01 3.42278010e-01 3.40875105e-01
   3.42817590e-01 3.42546860e-01 3.42066510e-01 3.43146953e-01
   3.41458979e-01 3.41153430e-01 3.37514248e-01 3.36090116e-01
   3.39452434e-01 3.35350038e-01 3.27993846e-01 3.28568232e-01]
  [1.81501350e-01 3.23762090e-01 2.38769028e-01 9.63998369e-02
   5.81728509e-02 2.60796147e-02 1.39751486e-02 5.53700119e-03
   2.34291604e-03 1.64705209e-04 6.35192199e-04 8.26056412e-04
   1.17463823e-04 9.24143832e-06 6.09642754e-07 5.82553095e-08
   6.28262879e-09 1.53666352e-09 6.21305276e-10 3.28231084e-11
   1.04154051e-10 9.01503989e-10 3.21565271e-10 6.54698526e-11
   1.42588758e-11 3.50132648e-12 5.69606321e-13 1.98575453e-13
   1.70360604e-14 2.21602961e-15 2.21822560e-16 0.00000000e+00
   0.00000000e+00 0.00000000e+00 0.00000000e+00 0.00000000e+00
   0.00000000e+00 0.00000000e+00 0.00000000e+00 0.00000000e+00
   0.00000000e+00 0.00000000e+00 0.00000000e+00 0.00000000e+00
   0.00000000e+00 0.00000000e+00 0.00000000e+00 0.00000000e+00]
  [3.95234789e-01 3.67875700e-01 3.47439295e-01 3.78686415e-01
   3.42124096e-01 3.32111237e-01 3.22446718e-01 3.39223532e-01
   3.12400083e-01 3.23048738e-01 3.30442550e-01 3.35180782e-01
   3.49006857e-01 3.57134422e-01 3.53021164e-01 3.46790757e-01
   3.43754381e-01 3.37824071e-01 3.35424789e-01 3.33768123e-01
   3.37097209e-01 3.25813164e-01 3.27183328e-01 3.20291253e-01
   3.24879693e-01 3.12555347e-01 3.23673915e-01 3.19332147e-01
   3.14995960e-01 3.14311033e-01 3.08615027e-01 3.04292028e-01
   2.96705538e-01 2.93282448e-01 2.87996544e-01 2.78608636e-01
   2.77686465e-01 2.71219496e-01 2.65157943e-01 2.61466585e-01
   2.47449841e-01 2.53054199e-01 2.48565429e-01 2.42969796e-01
   2.40851530e-01 2.38420394e-01 2.29850735e-01 2.30090921e-01]]

 [[2.85910288e-01 2.78378405e-01 1.67613151e-01 1.15421147e-01
   3.07027312e-02 1.78801158e-02 7.21092542e-04 3.15665196e-05
   8.63429071e-06 1.45944071e-06 1.96351040e-08 1.53436157e-07
   2.16517490e-14 3.32865462e-16 0.00000000e+00 0.00000000e+00
   0.00000000e+00 0.00000000e+00 0.00000000e+00 0.00000000e+00
   0.00000000e+00 0.00000000e+00 0.00000000e+00 0.00000000e+00
   0.00000000e+00 0.00000000e+00 0.00000000e+00 0.00000000e+00
   0.00000000e+00 0.00000000e+00 0.00000000e+00 0.00000000e+00
   0.00000000e+00 0.00000000e+00 0.00000000e+00 0.00000000e+00
   0.00000000e+00 0.00000000e+00 0.00000000e+00 0.00000000e+00
   0.00000000e+00 0.00000000e+00 0.00000000e+00 0.00000000e+00
   0.00000000e+00 0.00000000e+00 0.00000000e+00 0.00000000e+00]
  [2.89505355e-01 3.83817064e-01 2.49396531e-01 2.14687199e-01
   1.34110767e-01 1.01462927e-01 1.01043063e-01 2.77152399e-02
   4.02303440e-02 3.70438623e-02 1.23194245e-02 5.42929246e-03
   1.60917811e-03 1.77780181e-03 5.16903200e-04 3.39454497e-04
   5.46242486e-05 7.82718435e-05 3.89190670e-06 2.93457619e-07
   1.08215792e-08 8.21303747e-09 4.90887957e-08 5.69011980e-08
   1.59352285e-09 5.76339333e-11 1.17457823e-12 5.60064733e-14
   3.43901520e-13 1.50292112e-13 6.90038494e-15 3.15430401e-15
   2.44086233e-15 1.10948288e-16 0.00000000e+00 0.00000000e+00
   0.00000000e+00 0.00000000e+00 0.00000000e+00 0.00000000e+00
   0.00000000e+00 0.00000000e+00 0.00000000e+00 0.00000000e+00
   0.00000000e+00 0.00000000e+00 0.00000000e+00 0.00000000e+00]
  [2.90747518e-01 2.04812485e-01 1.93108419e-01 2.03673245e-01
   2.28356212e-01 2.47656253e-01 2.53222712e-01 2.37139429e-01
   2.45557802e-01 2.45677013e-01 2.46500970e-01 2.47491102e-01
   2.45775231e-01 2.48881020e-01 2.51872546e-01 2.53556071e-01
   2.53117134e-01 2.54514570e-01 2.54555297e-01 2.52697423e-01
   2.58159338e-01 2.61067561e-01 2.65945929e-01 2.69877936e-01
   2.72231320e-01 2.71862055e-01 2.73307868e-01 2.77514236e-01
   2.77601546e-01 2.77060134e-01 2.78381697e-01 2.82503064e-01
   2.82583600e-01 2.83228412e-01 2.80195144e-01 2.76886516e-01
   2.78591385e-01 2.78302761e-01 2.81931033e-01 2.83469038e-01
   2.85468540e-01 2.83461988e-01 2.85071945e-01 2.90313554e-01
   2.92218873e-01 2.93862265e-01 2.97773298e-01 2.97819754e-01]
  [3.64544948e-01 4.21229160e-01 2.60200528e-01 2.19361210e-01
   1.10176769e-01 1.17470369e-01 9.09827712e-02 3.99760683e-02
   2.08004066e-02 2.86784627e-02 6.36702870e-03 2.24694544e-03
   2.81109806e-03 1.73422958e-03 6.89601446e-04 3.12117504e-04
   1.58570757e-04 1.02401979e-04 8.98947664e-06 1.50021796e-06
   9.73846723e-08 1.60441393e-08 1.01794356e-07 2.93692206e-08
   1.93532887e-09 1.09146463e-10 6.14344154e-12 5.52742935e-13
   1.35156506e-12 5.07828533e-14 1.74973302e-14 4.56899671e-15
   5.47237438e-16 0.00000000e+00 0.00000000e+00 0.00000000e+00
   0.00000000e+00 0.00000000e+00 0.00000000e+00 0.00000000e+00
   0.00000000e+00 0.00000000e+00 0.00000000e+00 0.00000000e+00
   0.00000000e+00 0.00000000e+00 0.00000000e+00 0.00000000e+00]
  [1.50169055e-01 1.60899866e-01 1.70307011e-03 3.19688569e-07
   8.57634194e-07 0.00000000e+00 0.00000000e+00 0.00000000e+00
   0.00000000e+00 0.00000000e+00 0.00000000e+00 0.00000000e+00
   0.00000000e+00 0.00000000e+00 0.00000000e+00 0.00000000e+00
   0.00000000e+00 0.00000000e+00 0.00000000e+00 0.00000000e+00
   0.00000000e+00 0.00000000e+00 0.00000000e+00 0.00000000e+00
   0.00000000e+00 0.00000000e+00 0.00000000e+00 0.00000000e+00
   0.00000000e+00 0.00000000e+00 0.00000000e+00 0.00000000e+00
   0.00000000e+00 0.00000000e+00 0.00000000e+00 0.00000000e+00
   0.00000000e+00 0.00000000e+00 0.00000000e+00 0.00000000e+00
   0.00000000e+00 0.00000000e+00 0.00000000e+00 0.00000000e+00
   0.00000000e+00 0.00000000e+00 0.00000000e+00 0.00000000e+00]
  [4.01339968e-01 6.05730495e-01 2.61052479e-01 1.67698644e-01
   1.03326675e-01 1.23391153e-01 9.55467484e-02 4.62356381e-02
   1.91751607e-02 2.37442863e-02 7.38196882e-03 4.41177505e-03
   3.83724372e-03 1.54643509e-03 8.05446240e-04 2.39312270e-04
   2.13152051e-04 9.77679412e-05 8.96438901e-06 2.68770363e-06
   2.81472300e-07 2.65846376e-08 1.05602022e-07 7.54518798e-09
   1.11008109e-09 8.20678690e-11 1.99412932e-11 1.93434441e-12
   2.96064258e-12 1.80711501e-13 2.69514919e-14 3.02789870e-15
   1.75331037e-16 0.00000000e+00 1.10985295e-16 0.00000000e+00
   0.00000000e+00 0.00000000e+00 0.00000000e+00 0.00000000e+00
   0.00000000e+00 0.00000000e+00 0.00000000e+00 0.00000000e+00
   0.00000000e+00 0.00000000e+00 0.00000000e+00 0.00000000e+00]]

 [[1.40121135e-01 8.20532448e-02 2.54541614e-02 6.32728165e-05
   9.26408478e-09 1.13596605e-11 1.57213724e-13 0.00000000e+00
   3.21857356e-15 0.00000000e+00 0.00000000e+00 0.00000000e+00
   0.00000000e+00 0.00000000e+00 0.00000000e+00 0.00000000e+00
   0.00000000e+00 0.00000000e+00 0.00000000e+00 0.00000000e+00
   0.00000000e+00 0.00000000e+00 0.00000000e+00 0.00000000e+00
   0.00000000e+00 0.00000000e+00 0.00000000e+00 0.00000000e+00
   0.00000000e+00 0.00000000e+00 0.00000000e+00 0.00000000e+00
   0.00000000e+00 0.00000000e+00 0.00000000e+00 0.00000000e+00
   0.00000000e+00 0.00000000e+00 0.00000000e+00 0.00000000e+00
   0.00000000e+00 0.00000000e+00 0.00000000e+00 0.00000000e+00
   0.00000000e+00 0.00000000e+00 0.00000000e+00 0.00000000e+00]
  [3.98693440e-01 3.05476908e-01 3.10973279e-01 2.75794352e-01
   2.96466753e-01 2.92327835e-01 2.93020979e-01 2.91556368e-01
   2.98783332e-01 2.93470938e-01 3.03801186e-01 3.03445527e-01
   3.02215274e-01 3.07282009e-01 3.10533788e-01 3.11839491e-01
   3.17552340e-01 3.15319859e-01 3.20979432e-01 3.22327444e-01
   3.22059622e-01 3.30566274e-01 3.31807308e-01 3.35516756e-01
   3.30179564e-01 3.36136099e-01 3.41255101e-01 3.40531560e-01
   3.40485096e-01 3.43754712e-01 3.35869394e-01 3.43505342e-01
   3.40516865e-01 3.41166012e-01 3.38178825e-01 3.38052732e-01
   3.35601975e-01 3.37804777e-01 3.26218331e-01 3.27907361e-01
   3.24912060e-01 3.23495577e-01 3.18522602e-01 3.19072330e-01
   3.18551031e-01 3.16441423e-01 3.18563549e-01 3.11392372e-01]
  [3.55639547e-01 2.96524685e-01 2.25707690e-01 1.67917642e-01
   8.76138644e-02 4.49781443e-02 2.50781536e-02 1.16033630e-02
   2.98500348e-03 3.93355739e-03 1.11958452e-03 4.74645059e-04
   8.23231574e-04 8.64032850e-04 2.38081084e-04 3.83149367e-04
   8.20121986e-05 2.08379769e-05 4.70371847e-06 3.18533274e-06
   2.50876926e-06 5.44294221e-07 3.16785718e-07 5.89606247e-08
   7.90953530e-09 2.15773707e-08 2.57666978e-09 3.03261206e-10
   4.07511575e-11 4.30010223e-11 1.41215708e-11 2.53645699e-12
   6.92182415e-13 3.35354484e-13 4.32592347e-14 6.12666951e-15
   1.15904681e-15 1.56730149e-16 0.00000000e+00 1.10948288e-16
   0.00000000e+00 0.00000000e+00 0.00000000e+00 0.00000000e+00
   0.00000000e+00 0.00000000e+00 0.00000000e+00 0.00000000e+00]
  [2.91348040e-01 3.12482829e-01 2.82108616e-01 2.72694420e-01
   2.64895262e-01 2.49568351e-01 2.35943779e-01 2.39005599e-01
   2.31526654e-01 2.35830390e-01 2.37998486e-01 2.43037543e-01
   2.50336244e-01 2.52682165e-01 2.56167841e-01 2.56993378e-01
   2.59009992e-01 2.59893292e-01 2.59963062e-01 2.60458384e-01
   2.58705312e-01 2.61191073e-01 2.60891712e-01 2.67391394e-01
   2.71552426e-01 2.67270642e-01 2.70637638e-01 2.70247188e-01
   2.69263248e-01 2.68676392e-01 2.70418727e-01 2.68042008e-01
   2.70289023e-01 2.72967859e-01 2.73295582e-01 2.74917009e-01
   2.76988395e-01 2.75043734e-01 2.76733951e-01 2.75482518e-01
   2.72277062e-01 2.71289389e-01 2.69284037e-01 2.66388570e-01
   2.66459389e-01 2.68792110e-01 2.68270779e-01 2.72497809e-01]
  [1.68200745e-01 3.17617220e-01 1.33127578e-01 4.41359942e-02
   1.74605618e-02 1.56477658e-02 3.71831971e-03 1.06414988e-03
   7.70830306e-04 1.71651876e-04 2.50124664e-05 5.65907739e-05
   3.73960505e-06 3.83127123e-07 3.53312286e-08 1.96376759e-08
   1.89292974e-09 1.32525421e-09 1.27066052e-09 3.70593671e-10
   1.41818539e-11 1.38817013e-11 6.50997678e-12 4.52273469e-12
   3.25903739e-13 8.51441317e-13 2.65332342e-13 2.70361106e-14
   3.26829056e-15 1.08604081e-15 4.11260119e-16 1.56869690e-16
   1.10985295e-16 0.00000000e+00 0.00000000e+00 0.00000000e+00
   0.00000000e+00 0.00000000e+00 0.00000000e+00 0.00000000e+00
   0.00000000e+00 0.00000000e+00 0.00000000e+00 0.00000000e+00
   0.00000000e+00 0.00000000e+00 0.00000000e+00 0.00000000e+00]
  [3.50171851e-01 3.12128946e-01 3.20491088e-01 3.08680877e-01
   3.25003051e-01 2.82399902e-01 2.61669828e-01 2.60376020e-01
   2.62425515e-01 2.55561005e-01 2.53515933e-01 2.63973315e-01
   2.65985425e-01 2.68976427e-01 2.81058881e-01 2.86158968e-01
   2.91645587e-01 2.94596433e-01 2.86832266e-01 2.85614611e-01
   2.86174691e-01 2.90847752e-01 2.89825441e-01 2.92340085e-01
   2.95420976e-01 2.92756487e-01 3.00785487e-01 3.01009228e-01
   2.99939227e-01 2.99017878e-01 3.06372736e-01 3.03913663e-01
   3.07673177e-01 3.08181048e-01 3.09328042e-01 3.10512448e-01
   3.09981930e-01 3.10590435e-01 3.09236327e-01 3.09834452e-01
   3.08623322e-01 3.07887752e-01 3.08976486e-01 3.08918368e-01
   3.10149802e-01 3.11017175e-01 3.12995129e-01 3.11897593e-01]]

 [[1.36266448e-02 1.15475202e-08 0.00000000e+00 0.00000000e+00
   0.00000000e+00 0.00000000e+00 0.00000000e+00 0.00000000e+00
   0.00000000e+00 0.00000000e+00 0.00000000e+00 0.00000000e+00
   0.00000000e+00 0.00000000e+00 0.00000000e+00 0.00000000e+00
   0.00000000e+00 0.00000000e+00 0.00000000e+00 0.00000000e+00
   0.00000000e+00 0.00000000e+00 0.00000000e+00 0.00000000e+00
   0.00000000e+00 0.00000000e+00 0.00000000e+00 0.00000000e+00
   0.00000000e+00 0.00000000e+00 0.00000000e+00 0.00000000e+00
   0.00000000e+00 0.00000000e+00 0.00000000e+00 0.00000000e+00
   0.00000000e+00 0.00000000e+00 0.00000000e+00 0.00000000e+00
   0.00000000e+00 0.00000000e+00 0.00000000e+00 0.00000000e+00
   0.00000000e+00 0.00000000e+00 0.00000000e+00 0.00000000e+00]
  [7.16961123e-01 2.04395643e-01 1.65342563e-01 1.80691892e-01
   7.20573113e-02 6.77774222e-02 7.05797017e-03 2.24282346e-05
   1.75001838e-04 1.71429017e-04 4.97697001e-06 2.90993382e-05
   1.21183415e-07 7.56723013e-11 1.47804632e-13 1.30720174e-14
   1.10985295e-16 1.10985295e-16 8.87882360e-16 0.00000000e+00
   0.00000000e+00 0.00000000e+00 0.00000000e+00 0.00000000e+00
   0.00000000e+00 0.00000000e+00 0.00000000e+00 0.00000000e+00
   0.00000000e+00 0.00000000e+00 0.00000000e+00 0.00000000e+00
   0.00000000e+00 0.00000000e+00 0.00000000e+00 0.00000000e+00
   0.00000000e+00 0.00000000e+00 0.00000000e+00 0.00000000e+00
   0.00000000e+00 0.00000000e+00 0.00000000e+00 0.00000000e+00
   0.00000000e+00 0.00000000e+00 0.00000000e+00 0.00000000e+00]
  [1.39496788e-01 1.96693577e-02 9.38074281e-05 3.50872704e-16
   3.59467936e-16 1.80906031e-14 0.00000000e+00 0.00000000e+00
   0.00000000e+00 0.00000000e+00 0.00000000e+00 0.00000000e+00
   0.00000000e+00 0.00000000e+00 0.00000000e+00 0.00000000e+00
   0.00000000e+00 0.00000000e+00 0.00000000e+00 0.00000000e+00
   0.00000000e+00 0.00000000e+00 0.00000000e+00 0.00000000e+00
   0.00000000e+00 0.00000000e+00 0.00000000e+00 0.00000000e+00
   0.00000000e+00 0.00000000e+00 0.00000000e+00 0.00000000e+00
   0.00000000e+00 0.00000000e+00 0.00000000e+00 0.00000000e+00
   0.00000000e+00 0.00000000e+00 0.00000000e+00 0.00000000e+00
   0.00000000e+00 0.00000000e+00 0.00000000e+00 0.00000000e+00
   0.00000000e+00 0.00000000e+00 0.00000000e+00 0.00000000e+00]
  [7.04783859e-01 1.99422117e-01 2.03108072e-01 1.86358022e-01
   8.10221851e-02 1.10742769e-01 7.80981396e-03 7.27970928e-05
   4.62892844e-04 3.85726181e-05 1.79908982e-05 6.47249393e-05
   2.48839112e-07 2.00265611e-10 6.59828328e-14 6.74790594e-14
   1.10985295e-16 2.21970590e-16 2.10872061e-15 0.00000000e+00
   0.00000000e+00 0.00000000e+00 0.00000000e+00 0.00000000e+00
   0.00000000e+00 0.00000000e+00 0.00000000e+00 0.00000000e+00
   0.00000000e+00 0.00000000e+00 0.00000000e+00 0.00000000e+00
   0.00000000e+00 0.00000000e+00 0.00000000e+00 0.00000000e+00
   0.00000000e+00 0.00000000e+00 0.00000000e+00 0.00000000e+00
   0.00000000e+00 0.00000000e+00 0.00000000e+00 0.00000000e+00
   0.00000000e+00 0.00000000e+00 0.00000000e+00 0.00000000e+00]
  [2.27214516e-01 1.93064639e-01 1.88629967e-01 2.14169770e-01
   2.49144655e-01 2.65137381e-01 2.57698446e-01 2.47761739e-01
   2.54479975e-01 2.50694212e-01 2.56284152e-01 2.59860596e-01
   2.60455211e-01 2.70662602e-01 2.70922776e-01 2.72270341e-01
   2.78255480e-01 2.81345359e-01 2.81245758e-01 2.83427263e-01
   2.85639250e-01 2.87752456e-01 2.87656409e-01 2.94872456e-01
   2.96698265e-01 2.95033123e-01 2.93262851e-01 2.86182044e-01
   2.82096188e-01 2.77516110e-01 2.70142233e-01 2.65513996e-01
   2.61641311e-01 2.53580068e-01 2.50395897e-01 2.48896324e-01
   2.46330681e-01 2.44072055e-01 2.42469266e-01 2.42404681e-01
   2.40647686e-01 2.42111886e-01 2.41891679e-01 2.42050286e-01
   2.40999570e-01 2.39214112e-01 2.39023101e-01 2.42132709e-01]
  [7.18881357e-01 1.88080021e-01 2.03804288e-01 1.77061051e-01
   8.30198509e-02 1.10451928e-01 6.59987559e-03 4.76123849e-05
   2.80189235e-04 1.59338147e-05 1.15241384e-05 6.54077902e-05
   1.36161310e-07 1.01645183e-10 2.31657031e-14 2.86342061e-14
   0.00000000e+00 1.10985295e-16 7.76897065e-16 0.00000000e+00
   0.00000000e+00 0.00000000e+00 0.00000000e+00 0.00000000e+00
   0.00000000e+00 0.00000000e+00 0.00000000e+00 0.00000000e+00
   0.00000000e+00 0.00000000e+00 0.00000000e+00 0.00000000e+00
   0.00000000e+00 0.00000000e+00 0.00000000e+00 0.00000000e+00
   0.00000000e+00 0.00000000e+00 0.00000000e+00 0.00000000e+00
   0.00000000e+00 0.00000000e+00 0.00000000e+00 0.00000000e+00
   0.00000000e+00 0.00000000e+00 0.00000000e+00 0.00000000e+00]]

 [[5.97544485e-02 2.87442852e-02 4.84311299e-05 1.41480302e-04
   3.65019866e-14 0.00000000e+00 0.00000000e+00 0.00000000e+00
   0.00000000e+00 0.00000000e+00 0.00000000e+00 0.00000000e+00
   0.00000000e+00 0.00000000e+00 0.00000000e+00 0.00000000e+00
   0.00000000e+00 0.00000000e+00 0.00000000e+00 0.00000000e+00
   0.00000000e+00 0.00000000e+00 0.00000000e+00 0.00000000e+00
   0.00000000e+00 0.00000000e+00 0.00000000e+00 0.00000000e+00
   0.00000000e+00 0.00000000e+00 0.00000000e+00 0.00000000e+00
   0.00000000e+00 0.00000000e+00 0.00000000e+00 0.00000000e+00
   0.00000000e+00 0.00000000e+00 0.00000000e+00 0.00000000e+00
   0.00000000e+00 0.00000000e+00 0.00000000e+00 0.00000000e+00
   0.00000000e+00 0.00000000e+00 0.00000000e+00 0.00000000e+00]
  [4.26038851e-01 3.19317023e-01 2.82801242e-01 3.01352451e-01
   3.11959797e-01 3.15392761e-01 3.18975641e-01 3.07982637e-01
   3.38334012e-01 3.15564508e-01 3.22973009e-01 3.25150898e-01
   3.29110644e-01 3.36281413e-01 3.34620009e-01 3.46820243e-01
   3.34058405e-01 3.37491971e-01 3.31818156e-01 3.37414683e-01
   3.36031312e-01 3.37147015e-01 3.39479698e-01 3.38007853e-01
   3.30110908e-01 3.25318482e-01 3.28230145e-01 3.31530094e-01
   3.33630213e-01 3.29842753e-01 3.24720589e-01 3.16808783e-01
   3.14307968e-01 3.02416418e-01 2.98756552e-01 2.94369687e-01
   2.91649611e-01 2.84545492e-01 2.85213617e-01 2.76929222e-01
   2.69770332e-01 2.71094719e-01 2.70591819e-01 2.63785712e-01
   2.62888972e-01 2.57432017e-01 2.53265384e-01 2.49576962e-01]
  [3.84968896e-01 3.18695253e-01 2.58908111e-01 2.22325748e-01
   1.20624208e-01 9.98588086e-02 1.01048910e-01 6.77903559e-02
   4.72718283e-02 1.70081948e-02 9.12597264e-03 3.80105271e-03
   8.76742514e-03 3.10701906e-03 6.82388064e-04 2.36849430e-03
   3.34519625e-04 3.16524859e-05 1.27136249e-04 5.09105854e-05
   5.15014248e-06 1.47601686e-06 1.65050532e-05 2.28891999e-06
   1.71470570e-07 1.51970415e-08 1.21564517e-09 2.56558783e-10
   1.11829489e-10 1.56920691e-11 2.52446179e-12 2.67711075e-12
   1.98715924e-12 2.40454984e-13 2.80133209e-14 1.20524732e-13
   1.45878990e-13 2.53726801e-14 8.14779161e-15 1.49432978e-15
   1.56869690e-16 1.10948288e-16 3.32955885e-16 1.10985295e-16
   0.00000000e+00 0.00000000e+00 0.00000000e+00 0.00000000e+00]
  [3.02010583e-01 3.30417300e-01 2.86671852e-01 2.78215758e-01
   2.69845931e-01 2.53836079e-01 2.45893194e-01 2.40559984e-01
   2.36163779e-01 2.40178792e-01 2.42501227e-01 2.45077172e-01
   2.51292450e-01 2.52082025e-01 2.57332948e-01 2.61536024e-01
   2.64607313e-01 2.71234731e-01 2.71047272e-01 2.69609915e-01
   2.73875976e-01 2.73558512e-01 2.72534375e-01 2.76217744e-01
   2.77578586e-01 2.78337900e-01 2.81076077e-01 2.84799539e-01
   2.88821356e-01 2.90055363e-01 2.93556265e-01 2.91321745e-01
   2.94044804e-01 2.92016995e-01 2.96198184e-01 2.96658293e-01
   2.95198945e-01 2.97818989e-01 2.98701918e-01 2.96992834e-01
   2.96868444e-01 2.94881083e-01 2.95071732e-01 2.95436563e-01
   2.95950853e-01 2.96912257e-01 2.97946770e-01 2.98481993e-01]
  [1.63640958e-01 2.92429560e-01 1.60431743e-01 5.62624543e-02
   1.65804190e-02 3.75892444e-03 5.29070512e-03 5.19168881e-04
   1.39063862e-04 2.72694528e-05 5.31039185e-06 4.48971174e-06
   3.62286863e-07 4.07078065e-08 1.06767319e-08 2.85105175e-09
   8.67631055e-10 2.57530054e-09 1.24705448e-09 4.74600877e-10
   1.12813894e-10 3.85203183e-11 8.97000411e-12 1.50584765e-12
   2.22475292e-13 4.36779793e-14 2.08781055e-15 3.10357963e-16
   1.10948288e-16 0.00000000e+00 0.00000000e+00 0.00000000e+00
   0.00000000e+00 0.00000000e+00 0.00000000e+00 0.00000000e+00
   0.00000000e+00 0.00000000e+00 0.00000000e+00 0.00000000e+00
   0.00000000e+00 0.00000000e+00 0.00000000e+00 0.00000000e+00
   0.00000000e+00 0.00000000e+00 0.00000000e+00 0.00000000e+00]
  [3.08326914e-01 2.72571800e-01 3.00848061e-01 2.88065342e-01
   2.98708131e-01 2.77563797e-01 2.54968570e-01 2.51464016e-01
   2.38355761e-01 2.33960675e-01 2.35990489e-01 2.43269255e-01
   2.41861035e-01 2.46064057e-01 2.49455537e-01 2.59319627e-01
   2.61362523e-01 2.66193326e-01 2.66049943e-01 2.63698160e-01
   2.59812455e-01 2.58277215e-01 2.60527855e-01 2.60960765e-01
   2.59193881e-01 2.59645962e-01 2.59850668e-01 2.62761292e-01
   2.65379948e-01 2.68991870e-01 2.71391241e-01 2.74498774e-01
   2.74203124e-01 2.76418630e-01 2.79617462e-01 2.77577553e-01
   2.77363327e-01 2.74678516e-01 2.74489370e-01 2.77775684e-01
   2.77691309e-01 2.75838666e-01 2.78429565e-01 2.77606806e-01
   2.79830274e-01 2.77786010e-01 2.81345137e-01 2.80356542e-01]]] 
Error down: 
[[[7.90721470e-01 6.11233949e-01 4.84507356e-01 4.09003315e-01
   5.01867622e-01 4.74297402e-01 4.59970662e-01 4.46561667e-01
   5.66634344e-01 6.32447581e-01 5.90858084e-01 5.56650006e-01
   5.22952305e-01 5.00211065e-01 4.74032918e-01 5.86770488e-01
   5.64129821e-01 5.40473966e-01 5.16715909e-01 5.06673906e-01
   5.39029015e-01 5.22126673e-01 5.15321837e-01 5.29941434e-01
   5.18614997e-01 5.37359809e-01 5.32454127e-01 5.21967309e-01
   5.52078974e-01 5.12274515e-01 5.27780594e-01 5.24698172e-01
   5.17783551e-01 5.11953549e-01 5.05960095e-01 5.01982211e-01
   5.07259892e-01 5.15615864e-01 5.33772571e-01 5.44427458e-01
   5.47516716e-01 5.43341704e-01 5.34886242e-01 5.30562101e-01
   5.25492238e-01 5.31422671e-01 5.34014176e-01 5.30549591e-01]
  [2.37162601e-02 4.46042580e-03 6.67811328e-04 1.22330880e-04
   9.65365929e-06 2.72763521e-06 3.42657292e-07 9.16717085e-09
   1.52072463e-09 3.77425245e-11 1.89511297e-11 1.67659799e-12
   2.10295723e-12 2.58953816e-14 2.40770367e-16 3.77475828e-18
   0.00000000e+00 0.00000000e+00 0.00000000e+00 0.00000000e+00
   0.00000000e+00 0.00000000e+00 0.00000000e+00 0.00000000e+00
   0.00000000e+00 0.00000000e+00 0.00000000e+00 0.00000000e+00
   0.00000000e+00 0.00000000e+00 0.00000000e+00 0.00000000e+00
   0.00000000e+00 0.00000000e+00 0.00000000e+00 0.00000000e+00
   0.00000000e+00 0.00000000e+00 0.00000000e+00 0.00000000e+00
   0.00000000e+00 0.00000000e+00 0.00000000e+00 0.00000000e+00
   0.00000000e+00 0.00000000e+00 0.00000000e+00 0.00000000e+00]
  [4.84200426e-02 1.30879102e-02 3.41015975e-03 1.00732319e-03
   3.34898047e-04 6.29637730e-05 1.08484929e-05 8.97657801e-07
   5.03864236e-08 3.67673367e-09 1.00986970e-09 4.79465997e-11
   1.97686788e-11 7.67746726e-13 3.88949867e-14 9.64595597e-15
   2.21933583e-16 4.81096644e-18 1.48029737e-19 1.11022302e-19
   0.00000000e+00 0.00000000e+00 0.00000000e+00 0.00000000e+00
   0.00000000e+00 0.00000000e+00 0.00000000e+00 0.00000000e+00
   0.00000000e+00 0.00000000e+00 0.00000000e+00 0.00000000e+00
   0.00000000e+00 0.00000000e+00 0.00000000e+00 0.00000000e+00
   0.00000000e+00 0.00000000e+00 0.00000000e+00 0.00000000e+00
   0.00000000e+00 0.00000000e+00 0.00000000e+00 0.00000000e+00
   0.00000000e+00 0.00000000e+00 0.00000000e+00 0.00000000e+00]
  [6.02966632e-03 1.29962539e-03 8.66932177e-05 4.74263452e-06
   2.88261790e-08 5.62913704e-09 1.17580027e-09 2.48674278e-12
   1.50187738e-14 8.88178420e-18 2.02800739e-17 3.70074342e-20
   1.48029737e-19 0.00000000e+00 0.00000000e+00 0.00000000e+00
   0.00000000e+00 0.00000000e+00 0.00000000e+00 0.00000000e+00
   0.00000000e+00 0.00000000e+00 0.00000000e+00 0.00000000e+00
   0.00000000e+00 0.00000000e+00 0.00000000e+00 0.00000000e+00
   0.00000000e+00 0.00000000e+00 0.00000000e+00 0.00000000e+00
   0.00000000e+00 0.00000000e+00 0.00000000e+00 0.00000000e+00
   0.00000000e+00 0.00000000e+00 0.00000000e+00 0.00000000e+00
   0.00000000e+00 0.00000000e+00 0.00000000e+00 0.00000000e+00
   0.00000000e+00 0.00000000e+00 0.00000000e+00 0.00000000e+00]
  [2.01376643e-04 1.00927674e-12 2.22044605e-19 0.00000000e+00
   0.00000000e+00 0.00000000e+00 0.00000000e+00 0.00000000e+00
   0.00000000e+00 0.00000000e+00 0.00000000e+00 0.00000000e+00
   0.00000000e+00 0.00000000e+00 0.00000000e+00 0.00000000e+00
   0.00000000e+00 0.00000000e+00 0.00000000e+00 0.00000000e+00
   0.00000000e+00 0.00000000e+00 0.00000000e+00 0.00000000e+00
   0.00000000e+00 0.00000000e+00 0.00000000e+00 0.00000000e+00
   0.00000000e+00 0.00000000e+00 0.00000000e+00 0.00000000e+00
   0.00000000e+00 0.00000000e+00 0.00000000e+00 0.00000000e+00
   0.00000000e+00 0.00000000e+00 0.00000000e+00 0.00000000e+00
   0.00000000e+00 0.00000000e+00 0.00000000e+00 0.00000000e+00
   0.00000000e+00 0.00000000e+00 0.00000000e+00 0.00000000e+00]
  [3.35529759e-03 4.85235834e-04 3.92605687e-05 6.34063882e-07
   2.96552950e-09 4.40724611e-11 2.99044621e-11 5.22796927e-15
   1.44328993e-18 0.00000000e+00 0.00000000e+00 0.00000000e+00
   0.00000000e+00 0.00000000e+00 0.00000000e+00 0.00000000e+00
   0.00000000e+00 0.00000000e+00 0.00000000e+00 0.00000000e+00
   0.00000000e+00 0.00000000e+00 0.00000000e+00 0.00000000e+00
   0.00000000e+00 0.00000000e+00 0.00000000e+00 0.00000000e+00
   0.00000000e+00 0.00000000e+00 0.00000000e+00 0.00000000e+00
   0.00000000e+00 0.00000000e+00 0.00000000e+00 0.00000000e+00
   0.00000000e+00 0.00000000e+00 0.00000000e+00 0.00000000e+00
   0.00000000e+00 0.00000000e+00 0.00000000e+00 0.00000000e+00
   0.00000000e+00 0.00000000e+00 0.00000000e+00 0.00000000e+00]]

 [[6.31786357e-03 1.30780936e-03 7.25852369e-05 3.67629897e-06
   1.26730389e-08 6.70134575e-08 3.27478785e-16 9.86618195e-17
   0.00000000e+00 0.00000000e+00 0.00000000e+00 0.00000000e+00
   0.00000000e+00 0.00000000e+00 0.00000000e+00 0.00000000e+00
   0.00000000e+00 0.00000000e+00 0.00000000e+00 0.00000000e+00
   0.00000000e+00 0.00000000e+00 0.00000000e+00 0.00000000e+00
   0.00000000e+00 0.00000000e+00 0.00000000e+00 0.00000000e+00
   0.00000000e+00 0.00000000e+00 0.00000000e+00 0.00000000e+00
   0.00000000e+00 0.00000000e+00 0.00000000e+00 0.00000000e+00
   0.00000000e+00 0.00000000e+00 0.00000000e+00 0.00000000e+00
   0.00000000e+00 0.00000000e+00 0.00000000e+00 0.00000000e+00
   0.00000000e+00 0.00000000e+00 0.00000000e+00 0.00000000e+00]
  [3.67459577e-01 3.66599338e-01 3.32582421e-01 3.36031517e-01
   3.32587184e-01 3.00354643e-01 2.98702148e-01 3.01897830e-01
   3.18529480e-01 3.13266046e-01 3.07324809e-01 3.06520664e-01
   3.01862887e-01 2.98904910e-01 2.95409340e-01 2.97953642e-01
   2.94595798e-01 2.93272467e-01 2.93108314e-01 2.89002799e-01
   2.86448313e-01 2.89448240e-01 2.94794025e-01 2.97769453e-01
   2.96016541e-01 2.97866850e-01 2.99977645e-01 2.97897778e-01
   2.96746913e-01 2.93096813e-01 2.94525556e-01 2.92033615e-01
   2.95737678e-01 2.97424815e-01 2.95414548e-01 2.94982018e-01
   2.99093259e-01 2.97529929e-01 2.99603590e-01 3.03144951e-01
   3.01161721e-01 3.02893171e-01 3.01313108e-01 3.04222616e-01
   3.01603830e-01 2.99564526e-01 3.01663650e-01 2.99655684e-01]
  [6.17452867e-02 4.63949205e-02 2.13984567e-02 1.06744582e-02
   5.34737525e-03 3.23430893e-03 1.66322861e-03 9.02253392e-04
   5.02719532e-04 1.35869576e-04 3.30996289e-05 1.01130228e-05
   3.39498588e-06 3.29393702e-06 8.52168211e-07 5.23373081e-07
   1.42748617e-07 2.63947305e-08 1.30637391e-08 1.88708163e-08
   3.04344424e-09 6.22837097e-10 2.92053936e-10 5.44246164e-11
   7.57017774e-12 4.71650224e-12 3.07055670e-12 1.06925059e-12
   1.00559832e-12 3.88686843e-13 1.70133508e-14 4.76594083e-15
   4.94747100e-16 1.46308800e-16 4.84427313e-17 1.70974346e-17
   1.21754458e-17 7.80856861e-18 1.70234197e-18 2.96059473e-19
   3.70074342e-20 0.00000000e+00 0.00000000e+00 0.00000000e+00
   0.00000000e+00 0.00000000e+00 0.00000000e+00 0.00000000e+00]
  [4.07727796e-01 3.43824319e-01 3.20990736e-01 2.88966473e-01
   2.99428406e-01 2.97228902e-01 2.87402541e-01 2.90008912e-01
   2.86802849e-01 2.72663035e-01 2.69019406e-01 2.63329812e-01
   2.58723788e-01 2.58813622e-01 2.53528360e-01 2.48688605e-01
   2.41282318e-01 2.39639946e-01 2.38702421e-01 2.33101369e-01
   2.33518600e-01 2.29853560e-01 2.28532433e-01 2.23329090e-01
   2.17885940e-01 2.14567640e-01 2.09570432e-01 2.06137253e-01
   2.03265451e-01 2.00902616e-01 1.96929788e-01 1.93212177e-01
   1.89013745e-01 1.85771021e-01 1.81225167e-01 1.77548669e-01
   1.74135130e-01 1.72414861e-01 1.69291635e-01 1.67642678e-01
   1.64809537e-01 1.64079724e-01 1.63013055e-01 1.59274307e-01
   1.54473642e-01 1.52425029e-01 1.49567489e-01 1.47639509e-01]
  [4.82569852e-02 1.32344432e-02 5.35564281e-03 1.74338959e-03
   7.10600556e-04 2.29440825e-04 9.82816169e-05 2.74599027e-05
   9.02094994e-06 8.45093868e-07 1.64414431e-06 1.00814441e-06
   2.58083135e-07 2.20402408e-08 1.96532616e-09 2.50687739e-10
   2.58391345e-11 6.25459105e-12 2.06578097e-12 1.56186964e-13
   2.08338235e-13 8.01699954e-13 2.63590156e-13 6.87121883e-14
   1.56227161e-14 4.73261630e-15 6.60959067e-16 1.70567264e-16
   1.50250183e-17 2.62752782e-18 2.22044605e-19 0.00000000e+00
   0.00000000e+00 0.00000000e+00 0.00000000e+00 0.00000000e+00
   0.00000000e+00 0.00000000e+00 0.00000000e+00 0.00000000e+00
   0.00000000e+00 0.00000000e+00 0.00000000e+00 0.00000000e+00
   0.00000000e+00 0.00000000e+00 0.00000000e+00 0.00000000e+00]
  [3.33235466e-01 3.57885541e-01 3.23251967e-01 2.62003321e-01
   2.57247322e-01 2.49162442e-01 2.46572446e-01 2.31257613e-01
   2.43812870e-01 2.24868656e-01 2.16887297e-01 2.09990832e-01
   1.99132710e-01 1.91150289e-01 1.83488808e-01 1.77525558e-01
   1.69286834e-01 1.65530873e-01 1.60082923e-01 1.56090516e-01
   1.51028538e-01 1.47014516e-01 1.38956563e-01 1.33633629e-01
   1.24794952e-01 1.20967844e-01 1.14621757e-01 1.12804632e-01
   1.08076973e-01 1.04284552e-01 9.97897179e-02 9.41892520e-02
   8.99514417e-02 8.50144543e-02 8.04757240e-02 7.69276436e-02
   7.38595507e-02 7.09173374e-02 6.79896976e-02 6.54269171e-02
   6.27097230e-02 6.05278219e-02 5.80380027e-02 5.56105431e-02
   5.29231262e-02 5.06499016e-02 4.71487085e-02 4.53050471e-02]]

 [[2.61440733e-02 8.92257155e-03 2.41591149e-03 5.15757615e-04
   7.98154426e-05 3.62997033e-05 1.36148492e-06 4.25707017e-08
   6.86300908e-09 1.09041512e-09 6.54856466e-12 5.11624397e-11
   1.38037729e-17 2.59052039e-19 0.00000000e+00 0.00000000e+00
   0.00000000e+00 0.00000000e+00 0.00000000e+00 0.00000000e+00
   0.00000000e+00 0.00000000e+00 0.00000000e+00 0.00000000e+00
   0.00000000e+00 0.00000000e+00 0.00000000e+00 0.00000000e+00
   0.00000000e+00 0.00000000e+00 0.00000000e+00 0.00000000e+00
   0.00000000e+00 0.00000000e+00 0.00000000e+00 0.00000000e+00
   0.00000000e+00 0.00000000e+00 0.00000000e+00 0.00000000e+00
   0.00000000e+00 0.00000000e+00 0.00000000e+00 0.00000000e+00
   0.00000000e+00 0.00000000e+00 0.00000000e+00 0.00000000e+00]
  [1.00333676e-01 4.67874592e-02 2.33582611e-02 1.13494922e-02
   4.97212694e-03 2.57845457e-03 1.42935195e-03 4.44897555e-04
   2.27709689e-04 1.36383875e-04 4.69958610e-05 1.63503616e-05
   6.26831606e-06 3.84968440e-06 1.35362875e-06 5.50784317e-07
   1.38936735e-07 7.83655858e-08 4.60705803e-09 5.41185113e-10
   2.86372492e-11 9.84911784e-12 3.38232088e-11 2.68553929e-11
   1.22681489e-12 4.42488301e-14 1.41589532e-15 1.32464996e-16
   4.46679730e-16 1.18512660e-16 1.00290147e-17 3.25665421e-18
   1.62832710e-18 7.40148683e-20 0.00000000e+00 0.00000000e+00
   0.00000000e+00 0.00000000e+00 0.00000000e+00 0.00000000e+00
   0.00000000e+00 0.00000000e+00 0.00000000e+00 0.00000000e+00
   0.00000000e+00 0.00000000e+00 0.00000000e+00 0.00000000e+00]
  [3.85523278e-01 4.60003626e-01 5.35433307e-01 5.30680637e-01
   4.65103826e-01 3.98788059e-01 3.71584575e-01 4.00982258e-01
   3.70764833e-01 3.69405334e-01 3.63111063e-01 3.60972307e-01
   3.73523615e-01 3.68180691e-01 3.69967615e-01 3.68319171e-01
   3.72067936e-01 3.72287403e-01 3.76875398e-01 3.82664571e-01
   3.78373714e-01 3.72444613e-01 3.64281061e-01 3.62864274e-01
   3.60245822e-01 3.63235697e-01 3.60564757e-01 3.54209367e-01
   3.55255051e-01 3.55518796e-01 3.53797675e-01 3.47569568e-01
   3.44872349e-01 3.45073172e-01 3.47887269e-01 3.50983617e-01
   3.49376073e-01 3.50862218e-01 3.45291071e-01 3.44085916e-01
   3.43754157e-01 3.44247524e-01 3.42410682e-01 3.36549494e-01
   3.36399028e-01 3.32449480e-01 3.28804109e-01 3.27637146e-01]
  [1.20900707e-01 4.49933938e-02 2.38563532e-02 1.19365890e-02
   5.23232529e-03 2.95079311e-03 1.77780558e-03 5.88085214e-04
   2.50286770e-04 1.58579616e-04 4.57621754e-05 1.59491008e-05
   1.05858965e-05 5.69405612e-06 1.85593510e-06 7.43804877e-07
   3.62400883e-07 1.25347039e-07 1.25708124e-08 2.75114098e-09
   2.40306357e-10 3.35259126e-11 1.01528905e-10 2.01463222e-11
   1.92214697e-12 1.20340784e-13 9.92059940e-15 1.12572081e-15
   1.70385702e-15 8.60792918e-17 2.43138842e-17 5.69914486e-18
   4.81096644e-19 0.00000000e+00 0.00000000e+00 0.00000000e+00
   0.00000000e+00 0.00000000e+00 0.00000000e+00 0.00000000e+00
   0.00000000e+00 0.00000000e+00 0.00000000e+00 0.00000000e+00
   0.00000000e+00 0.00000000e+00 0.00000000e+00 0.00000000e+00]
  [1.49164171e-03 1.37953461e-04 5.67916235e-07 6.37256755e-10
   6.39995472e-10 0.00000000e+00 0.00000000e+00 0.00000000e+00
   0.00000000e+00 0.00000000e+00 0.00000000e+00 0.00000000e+00
   0.00000000e+00 0.00000000e+00 0.00000000e+00 0.00000000e+00
   0.00000000e+00 0.00000000e+00 0.00000000e+00 0.00000000e+00
   0.00000000e+00 0.00000000e+00 0.00000000e+00 0.00000000e+00
   0.00000000e+00 0.00000000e+00 0.00000000e+00 0.00000000e+00
   0.00000000e+00 0.00000000e+00 0.00000000e+00 0.00000000e+00
   0.00000000e+00 0.00000000e+00 0.00000000e+00 0.00000000e+00
   0.00000000e+00 0.00000000e+00 0.00000000e+00 0.00000000e+00
   0.00000000e+00 0.00000000e+00 0.00000000e+00 0.00000000e+00
   0.00000000e+00 0.00000000e+00 0.00000000e+00 0.00000000e+00]
  [1.34610926e-01 4.44576003e-02 2.43549450e-02 1.22598987e-02
   5.42354871e-03 3.17816097e-03 1.92232132e-03 6.83437895e-04
   2.81314753e-04 1.72320414e-04 5.82956351e-05 2.32965601e-05
   1.51377076e-05 5.86300876e-06 2.31333727e-06 7.53721237e-07
   5.20368256e-07 1.33194699e-07 1.95655219e-08 5.75193222e-09
   7.03778950e-10 7.42658824e-11 1.48385172e-10 1.13876972e-11
   2.20774827e-12 1.73537704e-13 3.69640068e-14 4.71744418e-15
   4.24913334e-15 2.75082657e-16 5.52520992e-17 4.99600361e-18
   2.22044605e-19 0.00000000e+00 3.70074342e-20 0.00000000e+00
   0.00000000e+00 0.00000000e+00 0.00000000e+00 0.00000000e+00
   0.00000000e+00 0.00000000e+00 0.00000000e+00 0.00000000e+00
   0.00000000e+00 0.00000000e+00 0.00000000e+00 0.00000000e+00]]

 [[2.17664602e-03 3.64871743e-04 2.42605227e-05 4.77384397e-08
   1.01302304e-11 7.57871494e-15 1.04879068e-16 0.00000000e+00
   1.07321559e-18 0.00000000e+00 0.00000000e+00 0.00000000e+00
   0.00000000e+00 0.00000000e+00 0.00000000e+00 0.00000000e+00
   0.00000000e+00 0.00000000e+00 0.00000000e+00 0.00000000e+00
   0.00000000e+00 0.00000000e+00 0.00000000e+00 0.00000000e+00
   0.00000000e+00 0.00000000e+00 0.00000000e+00 0.00000000e+00
   0.00000000e+00 0.00000000e+00 0.00000000e+00 0.00000000e+00
   0.00000000e+00 0.00000000e+00 0.00000000e+00 0.00000000e+00
   0.00000000e+00 0.00000000e+00 0.00000000e+00 0.00000000e+00
   0.00000000e+00 0.00000000e+00 0.00000000e+00 0.00000000e+00
   0.00000000e+00 0.00000000e+00 0.00000000e+00 0.00000000e+00]
  [3.13294397e-01 3.41164598e-01 3.01716367e-01 3.26023446e-01
   2.89904869e-01 2.91004304e-01 2.84159859e-01 2.83331163e-01
   2.72592985e-01 2.72763127e-01 2.64110588e-01 2.61430114e-01
   2.61470769e-01 2.56370818e-01 2.51310569e-01 2.47628232e-01
   2.39959103e-01 2.37070633e-01 2.32075199e-01 2.32376863e-01
   2.31133235e-01 2.27749586e-01 2.24683931e-01 2.19170018e-01
   2.17348460e-01 2.12368874e-01 2.08724821e-01 2.03605330e-01
   2.01309114e-01 1.95701493e-01 1.95661614e-01 1.88560780e-01
   1.86862276e-01 1.82330144e-01 1.79235992e-01 1.74642263e-01
   1.71394345e-01 1.67530468e-01 1.65599692e-01 1.61659139e-01
   1.59798926e-01 1.55893177e-01 1.53084394e-01 1.49050864e-01
   1.46012494e-01 1.42352202e-01 1.40259857e-01 1.39544158e-01]
  [7.30002222e-02 4.27459421e-02 1.81912140e-02 7.78102146e-03
   3.52197544e-03 1.52897089e-03 6.71403622e-04 2.47267741e-04
   6.82451740e-05 4.02845657e-05 1.50538401e-05 6.08035637e-06
   5.04430627e-06 4.35351373e-06 1.15906901e-06 1.03446040e-06
   2.54877031e-07 7.49648788e-08 1.97534045e-08 1.08662288e-08
   4.54765516e-09 1.04159929e-09 8.17101373e-10 1.46397052e-10
   2.29050191e-11 3.85516302e-11 5.44911783e-12 8.38453499e-13
   1.50869868e-13 8.38133311e-14 3.13351369e-14 5.92719195e-15
   1.80460493e-15 7.31070965e-16 1.13130854e-16 1.55061149e-17
   2.51650552e-18 2.96059473e-19 0.00000000e+00 7.40148683e-20
   0.00000000e+00 0.00000000e+00 0.00000000e+00 0.00000000e+00
   0.00000000e+00 0.00000000e+00 0.00000000e+00 0.00000000e+00]
  [4.03841032e-01 3.55410009e-01 3.46836674e-01 3.31931590e-01
   3.14530324e-01 3.13159492e-01 3.30296204e-01 3.12589306e-01
   3.16791236e-01 3.06570909e-01 3.10500066e-01 3.07795458e-01
   2.99803779e-01 3.00443899e-01 2.99541995e-01 2.97851465e-01
   2.93278833e-01 2.94044170e-01 2.92779288e-01 2.91049058e-01
   2.92220411e-01 2.90595681e-01 2.92767133e-01 2.89993847e-01
   2.90183935e-01 2.95606208e-01 2.94385799e-01 2.95252783e-01
   2.98538235e-01 2.98858962e-01 2.93946633e-01 2.90439477e-01
   2.92036242e-01 2.88651009e-01 2.87525511e-01 2.87585640e-01
   2.86915936e-01 2.87779708e-01 2.86553622e-01 2.89791974e-01
   2.92933560e-01 2.95406348e-01 2.94443886e-01 2.93546213e-01
   2.92915358e-01 2.90828226e-01 2.94235954e-01 2.90327832e-01]
  [4.48323863e-02 1.41672502e-02 3.67257453e-03 1.17607562e-03
   4.31458704e-04 1.44181515e-04 3.33123868e-05 8.39341368e-06
   3.90948034e-06 8.66850052e-07 1.52366293e-07 1.45312825e-07
   1.32403858e-08 2.18343557e-09 3.31658541e-10 1.11133176e-10
   1.82006905e-11 8.16973807e-12 3.45160874e-12 9.81270046e-13
   8.36919762e-14 4.56857542e-14 1.75174662e-14 1.06060031e-14
   1.12031319e-15 1.40473949e-15 3.79535110e-16 4.38538095e-17
   7.36447940e-18 1.73934941e-18 4.81096644e-19 1.48029737e-19
   3.70074342e-20 0.00000000e+00 0.00000000e+00 0.00000000e+00
   0.00000000e+00 0.00000000e+00 0.00000000e+00 0.00000000e+00
   0.00000000e+00 0.00000000e+00 0.00000000e+00 0.00000000e+00
   0.00000000e+00 0.00000000e+00 0.00000000e+00 0.00000000e+00]
  [3.61825229e-01 3.89899152e-01 3.46953903e-01 3.33127754e-01
   2.89668086e-01 3.01592632e-01 3.18517797e-01 3.07038879e-01
   2.94612280e-01 3.02465243e-01 3.11130869e-01 3.04639890e-01
   3.03869424e-01 3.02328594e-01 2.94381629e-01 2.89045883e-01
   2.82483943e-01 2.80697122e-01 2.85377392e-01 2.84528994e-01
   2.82496242e-01 2.80359777e-01 2.83100707e-01 2.83388656e-01
   2.84221678e-01 2.85799745e-01 2.79354059e-01 2.80618742e-01
   2.82091961e-01 2.81886832e-01 2.78372286e-01 2.77055382e-01
   2.73895741e-01 2.73504618e-01 2.72643897e-01 2.75214111e-01
   2.74643078e-01 2.73407482e-01 2.72103838e-01 2.71207640e-01
   2.70145893e-01 2.70447989e-01 2.69786171e-01 2.69590840e-01
   2.68889196e-01 2.67170614e-01 2.67161475e-01 2.66879464e-01]]

 [[2.49907924e-05 3.85045688e-12 0.00000000e+00 0.00000000e+00
   0.00000000e+00 0.00000000e+00 0.00000000e+00 0.00000000e+00
   0.00000000e+00 0.00000000e+00 0.00000000e+00 0.00000000e+00
   0.00000000e+00 0.00000000e+00 0.00000000e+00 0.00000000e+00
   0.00000000e+00 0.00000000e+00 0.00000000e+00 0.00000000e+00
   0.00000000e+00 0.00000000e+00 0.00000000e+00 0.00000000e+00
   0.00000000e+00 0.00000000e+00 0.00000000e+00 0.00000000e+00
   0.00000000e+00 0.00000000e+00 0.00000000e+00 0.00000000e+00
   0.00000000e+00 0.00000000e+00 0.00000000e+00 0.00000000e+00
   0.00000000e+00 0.00000000e+00 0.00000000e+00 0.00000000e+00
   0.00000000e+00 0.00000000e+00 0.00000000e+00 0.00000000e+00
   0.00000000e+00 0.00000000e+00 0.00000000e+00 0.00000000e+00]
  [2.67714705e-02 9.71405383e-03 4.07217965e-03 1.67015347e-03
   3.64388628e-04 1.33032097e-04 1.49894978e-05 8.77266183e-08
   2.05556691e-07 8.17763804e-08 4.36733433e-09 1.68812749e-08
   5.73515250e-11 5.18602426e-14 1.53136763e-16 7.62353144e-18
   3.70074342e-20 3.70074342e-20 2.96059473e-19 0.00000000e+00
   0.00000000e+00 0.00000000e+00 0.00000000e+00 0.00000000e+00
   0.00000000e+00 0.00000000e+00 0.00000000e+00 0.00000000e+00
   0.00000000e+00 0.00000000e+00 0.00000000e+00 0.00000000e+00
   0.00000000e+00 0.00000000e+00 0.00000000e+00 0.00000000e+00
   0.00000000e+00 0.00000000e+00 0.00000000e+00 0.00000000e+00
   0.00000000e+00 0.00000000e+00 0.00000000e+00 0.00000000e+00
   0.00000000e+00 0.00000000e+00 0.00000000e+00 0.00000000e+00]
  [1.59531506e-03 3.99683605e-05 1.22819803e-07 2.22044605e-19
   3.70074342e-19 6.03221177e-18 0.00000000e+00 0.00000000e+00
   0.00000000e+00 0.00000000e+00 0.00000000e+00 0.00000000e+00
   0.00000000e+00 0.00000000e+00 0.00000000e+00 0.00000000e+00
   0.00000000e+00 0.00000000e+00 0.00000000e+00 0.00000000e+00
   0.00000000e+00 0.00000000e+00 0.00000000e+00 0.00000000e+00
   0.00000000e+00 0.00000000e+00 0.00000000e+00 0.00000000e+00
   0.00000000e+00 0.00000000e+00 0.00000000e+00 0.00000000e+00
   0.00000000e+00 0.00000000e+00 0.00000000e+00 0.00000000e+00
   0.00000000e+00 0.00000000e+00 0.00000000e+00 0.00000000e+00
   0.00000000e+00 0.00000000e+00 0.00000000e+00 0.00000000e+00
   0.00000000e+00 0.00000000e+00 0.00000000e+00 0.00000000e+00]
  [2.69816683e-02 9.60479900e-03 4.31494662e-03 1.73578486e-03
   4.05334069e-04 2.06457676e-04 1.61858062e-05 1.56559947e-07
   3.80970212e-07 3.10954613e-08 1.21269271e-08 3.74071991e-08
   1.17528006e-10 1.00243285e-13 7.80116712e-17 2.25005200e-17
   3.70074342e-20 7.40148683e-20 7.03141249e-19 0.00000000e+00
   0.00000000e+00 0.00000000e+00 0.00000000e+00 0.00000000e+00
   0.00000000e+00 0.00000000e+00 0.00000000e+00 0.00000000e+00
   0.00000000e+00 0.00000000e+00 0.00000000e+00 0.00000000e+00
   0.00000000e+00 0.00000000e+00 0.00000000e+00 0.00000000e+00
   0.00000000e+00 0.00000000e+00 0.00000000e+00 0.00000000e+00
   0.00000000e+00 0.00000000e+00 0.00000000e+00 0.00000000e+00
   0.00000000e+00 0.00000000e+00 0.00000000e+00 0.00000000e+00]
  [4.56306007e-01 4.95086280e-01 6.16724983e-01 5.91762238e-01
   4.93826280e-01 4.35414583e-01 4.42134349e-01 4.68527947e-01
   4.50223428e-01 4.65556586e-01 4.53126529e-01 4.52301911e-01
   4.50987898e-01 4.29942194e-01 4.31020468e-01 4.24583933e-01
   4.12015615e-01 3.99074351e-01 3.95774722e-01 3.83098111e-01
   3.69331186e-01 3.56680455e-01 3.43700491e-01 3.25678986e-01
   3.16803647e-01 3.10147285e-01 3.07713519e-01 3.07468222e-01
   3.06885379e-01 3.07320285e-01 3.10450069e-01 3.12580234e-01
   3.13379302e-01 3.19374124e-01 3.18624024e-01 3.20934920e-01
   3.21893739e-01 3.20803509e-01 3.26984861e-01 3.27081457e-01
   3.28602248e-01 3.23082592e-01 3.23654488e-01 3.23627367e-01
   3.25559318e-01 3.28920692e-01 3.29901452e-01 3.26128362e-01]
  [2.59029753e-02 8.74763516e-03 3.97387054e-03 1.57306369e-03
   3.72942864e-04 1.94306127e-04 1.24235368e-05 1.06744624e-07
   2.24890959e-07 1.32074659e-08 7.73999653e-09 2.18116532e-08
   6.43098928e-11 5.07711518e-14 2.68303898e-17 9.54791801e-18
   0.00000000e+00 3.70074342e-20 2.59052039e-19 0.00000000e+00
   0.00000000e+00 0.00000000e+00 0.00000000e+00 0.00000000e+00
   0.00000000e+00 0.00000000e+00 0.00000000e+00 0.00000000e+00
   0.00000000e+00 0.00000000e+00 0.00000000e+00 0.00000000e+00
   0.00000000e+00 0.00000000e+00 0.00000000e+00 0.00000000e+00
   0.00000000e+00 0.00000000e+00 0.00000000e+00 0.00000000e+00
   0.00000000e+00 0.00000000e+00 0.00000000e+00 0.00000000e+00
   0.00000000e+00 0.00000000e+00 0.00000000e+00 0.00000000e+00]]

 [[1.32451222e-03 1.04366602e-04 1.53472943e-07 4.71758297e-08
   2.43508917e-17 0.00000000e+00 0.00000000e+00 0.00000000e+00
   0.00000000e+00 0.00000000e+00 0.00000000e+00 0.00000000e+00
   0.00000000e+00 0.00000000e+00 0.00000000e+00 0.00000000e+00
   0.00000000e+00 0.00000000e+00 0.00000000e+00 0.00000000e+00
   0.00000000e+00 0.00000000e+00 0.00000000e+00 0.00000000e+00
   0.00000000e+00 0.00000000e+00 0.00000000e+00 0.00000000e+00
   0.00000000e+00 0.00000000e+00 0.00000000e+00 0.00000000e+00
   0.00000000e+00 0.00000000e+00 0.00000000e+00 0.00000000e+00
   0.00000000e+00 0.00000000e+00 0.00000000e+00 0.00000000e+00
   0.00000000e+00 0.00000000e+00 0.00000000e+00 0.00000000e+00
   0.00000000e+00 0.00000000e+00 0.00000000e+00 0.00000000e+00]
  [2.87978547e-01 3.22344073e-01 3.43663823e-01 2.98847516e-01
   2.75207732e-01 2.59588765e-01 2.51572224e-01 2.49776377e-01
   2.23600886e-01 2.28427591e-01 2.18450660e-01 2.10517480e-01
   2.05848250e-01 1.98056389e-01 1.93394827e-01 1.86208740e-01
   1.82340554e-01 1.75745845e-01 1.69295116e-01 1.63100001e-01
   1.57502761e-01 1.49456973e-01 1.44540076e-01 1.39020392e-01
   1.35487798e-01 1.28508118e-01 1.22254248e-01 1.19718737e-01
   1.15966570e-01 1.12468652e-01 1.09029585e-01 1.04541727e-01
   1.00078837e-01 9.58792149e-02 9.02105902e-02 8.61785529e-02
   8.30326475e-02 7.95067494e-02 7.58405463e-02 7.40602077e-02
   7.06746363e-02 6.71324003e-02 6.31890722e-02 6.06206871e-02
   5.83691333e-02 5.61582601e-02 5.33511140e-02 5.15498904e-02]
  [8.12101887e-02 4.99743953e-02 2.49018183e-02 1.20582553e-02
   6.54483922e-03 3.06530539e-03 1.87284119e-03 9.72063887e-04
   4.78206717e-04 1.55562524e-04 8.11576901e-05 2.36481003e-05
   2.30619211e-05 6.75071627e-06 2.08396703e-06 3.00850017e-06
   5.47939599e-07 7.46570907e-08 1.44268350e-07 5.71356891e-08
   6.79102176e-09 1.93743948e-09 5.50384168e-09 1.08088849e-09
   1.52001388e-10 1.70271191e-11 1.71675888e-12 4.48142778e-13
   1.83025094e-13 2.91320911e-14 6.62171623e-15 4.69699579e-15
   2.97662800e-15 4.36143000e-16 7.42369129e-17 1.60157836e-16
   1.66434688e-16 2.78665979e-17 9.54791801e-18 2.03540888e-18
   1.48029737e-19 7.40148683e-20 1.11022302e-19 3.70074342e-20
   0.00000000e+00 0.00000000e+00 0.00000000e+00 0.00000000e+00]
  [3.74906949e-01 3.24732869e-01 3.47518346e-01 3.26173940e-01
   3.06692660e-01 3.03906319e-01 3.10268318e-01 3.03076972e-01
   3.04248253e-01 2.96943539e-01 2.97775541e-01 2.95718517e-01
   2.94508429e-01 2.96689555e-01 2.92926011e-01 2.89239860e-01
   2.87649931e-01 2.82958906e-01 2.84033976e-01 2.85104592e-01
   2.79706881e-01 2.76974894e-01 2.77808962e-01 2.73677528e-01
   2.72688788e-01 2.71499728e-01 2.71580097e-01 2.68477172e-01
   2.68426296e-01 2.67652408e-01 2.68284184e-01 2.72745160e-01
   2.72671364e-01 2.72980776e-01 2.68736504e-01 2.65787708e-01
   2.65581464e-01 2.63992778e-01 2.62041631e-01 2.65317729e-01
   2.65958616e-01 2.65905717e-01 2.64861710e-01 2.64328534e-01
   2.63677566e-01 2.61700141e-01 2.59901729e-01 2.60506044e-01]
  [4.74319785e-02 1.09200017e-02 3.96252322e-03 1.46040711e-03
   3.66218471e-04 7.03142554e-05 4.12208542e-05 4.87282331e-06
   1.23769363e-06 2.24287227e-07 4.73083108e-08 1.95337586e-08
   2.46522033e-09 3.33382810e-10 7.84108613e-11 2.23298947e-11
   5.19355144e-12 5.90698507e-12 2.07958300e-12 1.00805495e-12
   2.66646802e-13 9.97372463e-14 1.90484997e-14 3.69702955e-15
   5.17377764e-16 8.82257230e-17 5.18104078e-18 4.81096644e-19
   7.40148683e-20 0.00000000e+00 0.00000000e+00 0.00000000e+00
   0.00000000e+00 0.00000000e+00 0.00000000e+00 0.00000000e+00
   0.00000000e+00 0.00000000e+00 0.00000000e+00 0.00000000e+00
   0.00000000e+00 0.00000000e+00 0.00000000e+00 0.00000000e+00
   0.00000000e+00 0.00000000e+00 0.00000000e+00 0.00000000e+00]
  [3.95812839e-01 4.26468863e-01 3.68553920e-01 3.49280329e-01
   2.98551552e-01 2.91777392e-01 3.05957567e-01 2.94250043e-01
   3.07686654e-01 3.13427198e-01 3.10541252e-01 3.06771844e-01
   3.16583234e-01 3.11787179e-01 3.08959084e-01 2.94304966e-01
   2.90937681e-01 2.88903241e-01 2.90679626e-01 2.89632114e-01
   2.92615470e-01 2.92614292e-01 2.91101769e-01 2.90306560e-01
   2.89586840e-01 2.86964247e-01 2.91472307e-01 2.88607126e-01
   2.86982339e-01 2.82361272e-01 2.85169698e-01 2.85439460e-01
   2.86957536e-01 2.84832332e-01 2.84211389e-01 2.83362410e-01
   2.82428879e-01 2.85783018e-01 2.85798610e-01 2.87010394e-01
   2.86878205e-01 2.88385114e-01 2.87916548e-01 2.91217333e-01
   2.89938380e-01 2.90339816e-01 2.85576381e-01 2.85005662e-01]]] 
