Testing model resnet_1687178683_SPH_9_BH_n2_M10_BH_n4_M8_BH_n4_M10_BH_n4_M12_BH_n6_M10_CUT. 
Number of events in data: 
15000 
Classes in data: 
6 
Number of events detected: 
[ 2  3  4  5  6  7  8  9 10 11 12 13 14 15 16 17 18 19 20 21 22 23 24 25
 26 27 28 29 30 31 32 33 34] 
Number of samples for each n number of events: 1000 
p_values: 
[[[8.13537400e-01 7.98326090e-01 7.97882125e-01 7.96066426e-01
   7.91102007e-01 7.88246599e-01 7.82750757e-01 7.68587201e-01
   7.64098850e-01 7.52596610e-01 7.46074081e-01 7.36847019e-01
   7.33008963e-01 7.28891889e-01 7.24769109e-01 7.22818104e-01
   7.22425449e-01 7.17027056e-01 7.16293952e-01 7.16173766e-01
   7.14993048e-01 7.14853213e-01 7.12143311e-01 7.11014792e-01
   7.09938705e-01 7.08910873e-01 7.09639879e-01 7.04897980e-01
   7.02392276e-01 6.99802586e-01 6.96164366e-01 6.93949924e-01
   6.96826824e-01]
  [6.77898842e-02 1.67061623e-02 4.83204749e-03 1.26427486e-03
   4.91420012e-04 7.26030112e-05 1.05460140e-05 8.45407377e-07
   1.23720110e-06 7.74364155e-08 5.03445563e-09 2.09806453e-10
   7.41017969e-12 4.55047697e-11 1.54916902e-12 4.62898608e-14
   3.99824618e-15 2.70228284e-16 6.55031585e-18 4.88498131e-18
   1.11022302e-19 3.33066907e-19 0.00000000e+00 1.11022302e-19
   0.00000000e+00 0.00000000e+00 0.00000000e+00 0.00000000e+00
   0.00000000e+00 0.00000000e+00 0.00000000e+00 0.00000000e+00
   0.00000000e+00]
  [4.60826012e-02 1.06251331e-02 3.05762105e-03 9.36379328e-04
   1.03193937e-04 3.14259913e-05 2.76993284e-06 8.44344315e-08
   2.92249269e-08 2.48974261e-09 8.90235269e-09 1.60145959e-10
   2.15636220e-12 1.38352717e-11 1.89274707e-13 2.10831352e-15
   2.27595720e-17 2.22044605e-19 0.00000000e+00 0.00000000e+00
   0.00000000e+00 0.00000000e+00 0.00000000e+00 0.00000000e+00
   0.00000000e+00 0.00000000e+00 0.00000000e+00 0.00000000e+00
   0.00000000e+00 0.00000000e+00 0.00000000e+00 0.00000000e+00
   0.00000000e+00]
  [1.32956215e-02 3.83359386e-03 6.51115264e-04 3.68676215e-05
   2.54612693e-05 1.90515784e-07 8.26814968e-10 1.25760524e-12
   7.62021490e-12 8.57935945e-15 2.03359551e-15 1.77635684e-18
   0.00000000e+00 0.00000000e+00 0.00000000e+00 0.00000000e+00
   0.00000000e+00 0.00000000e+00 0.00000000e+00 0.00000000e+00
   0.00000000e+00 0.00000000e+00 0.00000000e+00 0.00000000e+00
   0.00000000e+00 0.00000000e+00 0.00000000e+00 0.00000000e+00
   0.00000000e+00 0.00000000e+00 0.00000000e+00 0.00000000e+00
   0.00000000e+00]
  [3.63009734e-05 1.30341666e-07 2.11385140e-10 3.85247390e-16
   1.59872116e-17 0.00000000e+00 0.00000000e+00 0.00000000e+00
   0.00000000e+00 0.00000000e+00 0.00000000e+00 0.00000000e+00
   0.00000000e+00 0.00000000e+00 0.00000000e+00 0.00000000e+00
   0.00000000e+00 0.00000000e+00 0.00000000e+00 0.00000000e+00
   0.00000000e+00 0.00000000e+00 0.00000000e+00 0.00000000e+00
   0.00000000e+00 0.00000000e+00 0.00000000e+00 0.00000000e+00
   0.00000000e+00 0.00000000e+00 0.00000000e+00 0.00000000e+00
   0.00000000e+00]
  [7.09486835e-03 2.07041499e-03 3.86109485e-04 7.01380848e-06
   5.84555499e-06 1.06186763e-08 8.86821527e-12 2.18858265e-15
   2.47812881e-14 4.32986980e-18 2.77555756e-18 0.00000000e+00
   0.00000000e+00 0.00000000e+00 0.00000000e+00 0.00000000e+00
   0.00000000e+00 0.00000000e+00 0.00000000e+00 0.00000000e+00
   0.00000000e+00 0.00000000e+00 0.00000000e+00 0.00000000e+00
   0.00000000e+00 0.00000000e+00 0.00000000e+00 0.00000000e+00
   0.00000000e+00 0.00000000e+00 0.00000000e+00 0.00000000e+00
   0.00000000e+00]]

 [[1.25787790e-02 4.74450829e-03 3.19326609e-04 1.14242329e-05
   9.84710574e-08 4.08524373e-07 6.45013387e-08 3.95217154e-09
   8.79649933e-11 6.11854012e-13 7.04648562e-14 3.20632410e-16
   5.55111512e-19 0.00000000e+00 0.00000000e+00 0.00000000e+00
   0.00000000e+00 0.00000000e+00 0.00000000e+00 0.00000000e+00
   0.00000000e+00 0.00000000e+00 0.00000000e+00 0.00000000e+00
   0.00000000e+00 0.00000000e+00 0.00000000e+00 0.00000000e+00
   0.00000000e+00 0.00000000e+00 0.00000000e+00 0.00000000e+00
   0.00000000e+00]
  [5.16636221e-01 5.06389929e-01 5.09204720e-01 4.98873009e-01
   5.05040733e-01 5.06491769e-01 5.05023755e-01 5.02387579e-01
   4.99541727e-01 4.97792147e-01 4.95235501e-01 4.98164242e-01
   4.94190959e-01 4.90810136e-01 4.97593646e-01 5.04881840e-01
   5.04543010e-01 5.01824751e-01 5.00198811e-01 4.95590045e-01
   4.94355281e-01 5.00011622e-01 5.02727792e-01 5.03652859e-01
   5.05465927e-01 5.06438093e-01 5.05849641e-01 5.09358062e-01
   5.08602200e-01 5.08458852e-01 5.02966401e-01 5.00129191e-01
   5.01949112e-01]
  [1.10368028e-01 8.14894555e-02 5.95513211e-02 4.38631447e-02
   3.10419553e-02 1.76045285e-02 1.06973071e-02 7.58093899e-03
   6.24039556e-03 3.73169788e-03 2.79577757e-03 1.85739428e-03
   1.68392162e-03 9.08971070e-04 6.43187102e-04 5.08044265e-04
   6.21904592e-04 3.78181201e-04 3.90815265e-04 2.76488259e-04
   3.60521582e-04 2.94501545e-04 2.59647138e-04 2.45401628e-04
   1.20031675e-04 9.44453719e-05 3.58176742e-05 1.25048046e-05
   5.89005646e-06 3.61179756e-06 2.16486516e-06 3.44117787e-06
   1.53861948e-06]
  [4.73601443e-01 4.41748346e-01 4.32200604e-01 4.26895545e-01
   4.18308025e-01 4.11528437e-01 3.99900456e-01 3.87592197e-01
   3.74752782e-01 3.62255939e-01 3.56338126e-01 3.46773413e-01
   3.31968746e-01 3.25779689e-01 3.18223353e-01 3.14462333e-01
   3.09702019e-01 2.99718464e-01 2.90025640e-01 2.83705322e-01
   2.74482735e-01 2.68878230e-01 2.62429618e-01 2.55432608e-01
   2.45060038e-01 2.35065323e-01 2.27960767e-01 2.26544855e-01
   2.19723879e-01 2.12614329e-01 2.05445237e-01 1.99033539e-01
   1.93000168e-01]
  [4.51250404e-02 1.44379071e-02 6.80252005e-03 4.24445901e-03
   1.64915274e-03 9.72372989e-04 2.38901294e-04 1.07241680e-04
   1.25868859e-05 1.65726889e-05 4.98788759e-06 9.07838337e-07
   1.00498337e-06 1.76426666e-06 1.12843712e-07 5.84053360e-08
   1.78614965e-08 1.84651941e-09 9.51631374e-10 3.00263817e-09
   8.94118413e-09 3.94007739e-11 7.80036608e-11 1.02533431e-11
   7.08560188e-12 1.93352423e-12 3.89430266e-13 1.12213572e-14
   4.19997370e-16 2.17825757e-16 9.22373289e-16 2.24265051e-17
   5.44009282e-18]
  [4.46832315e-01 4.00702109e-01 3.80219243e-01 3.69446533e-01
   3.52990046e-01 3.41012186e-01 3.23452194e-01 3.06907331e-01
   2.90899970e-01 2.75728198e-01 2.67052913e-01 2.53266083e-01
   2.36265844e-01 2.29301096e-01 2.17452739e-01 2.10623014e-01
   2.03218010e-01 1.91881441e-01 1.81627053e-01 1.75778359e-01
   1.64988833e-01 1.57392600e-01 1.50494821e-01 1.43372458e-01
   1.34628902e-01 1.24394863e-01 1.17444282e-01 1.14371641e-01
   1.09076927e-01 1.01698434e-01 9.74068150e-02 9.20427402e-02
   8.68900355e-02]]

 [[2.67942225e-02 8.29324298e-03 1.98938692e-03 1.53503473e-04
   9.72808248e-06 2.32828957e-06 3.95805278e-08 2.58550385e-09
   1.98659516e-08 7.43641675e-10 3.62590491e-12 1.25593314e-13
   2.02116102e-15 1.80966353e-17 1.22124533e-18 1.52100554e-17
   2.44249065e-18 0.00000000e+00 0.00000000e+00 0.00000000e+00
   0.00000000e+00 0.00000000e+00 0.00000000e+00 0.00000000e+00
   0.00000000e+00 0.00000000e+00 0.00000000e+00 0.00000000e+00
   0.00000000e+00 0.00000000e+00 0.00000000e+00 0.00000000e+00
   0.00000000e+00]
  [2.46660544e-01 1.67715501e-01 1.10877223e-01 7.25536779e-02
   5.16641186e-02 3.68860263e-02 2.54542591e-02 1.82534482e-02
   1.33356627e-02 9.69682168e-03 7.35769480e-03 5.23469020e-03
   3.90679705e-03 3.16428161e-03 1.70997906e-03 9.48324108e-04
   6.50842630e-04 3.17331565e-04 1.86126497e-04 1.53878570e-04
   9.83647667e-05 4.29703936e-05 3.26251500e-05 1.71891259e-05
   7.78383762e-06 3.39784535e-06 1.65556741e-06 1.44716849e-06
   6.64068040e-07 2.21454449e-07 7.39319827e-08 5.11858025e-08
   2.13913683e-08]
  [6.44330601e-01 6.15820086e-01 5.96882697e-01 5.80588146e-01
   5.64356142e-01 5.49453725e-01 5.41326002e-01 5.33117400e-01
   5.25614634e-01 5.21873095e-01 5.16990236e-01 5.16554922e-01
   5.11875527e-01 5.08914912e-01 5.04473009e-01 5.05967582e-01
   5.10050332e-01 5.08715724e-01 5.10210259e-01 5.06817958e-01
   5.08830117e-01 5.10255295e-01 5.08340796e-01 5.09158015e-01
   5.10444697e-01 5.12281262e-01 5.12106425e-01 5.08157010e-01
   5.05372676e-01 5.06048724e-01 5.06848578e-01 5.06373524e-01
   5.07350215e-01]
  [2.89041881e-01 1.97180793e-01 1.34347301e-01 9.42914538e-02
   6.76924218e-02 4.87285714e-02 3.49758699e-02 2.41591542e-02
   1.59084623e-02 1.14956031e-02 8.67265287e-03 6.74328130e-03
   5.16853682e-03 3.63863186e-03 2.26721320e-03 1.36396669e-03
   8.31950162e-04 4.89811291e-04 3.10319328e-04 2.18075785e-04
   1.32378938e-04 7.97244060e-05 5.49793811e-05 2.75734426e-05
   1.93519177e-05 1.57399899e-05 7.58503799e-06 3.75383425e-06
   1.56092228e-06 6.15483440e-07 3.80841895e-07 2.72951859e-07
   2.25750934e-07]
  [6.44286967e-03 1.83330000e-03 1.20719255e-04 2.50193890e-05
   7.04498721e-07 9.58540017e-09 2.53349967e-09 3.99392761e-10
   1.74177562e-11 7.08187620e-13 8.29389446e-13 2.69551048e-15
   4.51860771e-17 7.77156117e-19 0.00000000e+00 0.00000000e+00
   0.00000000e+00 0.00000000e+00 0.00000000e+00 0.00000000e+00
   0.00000000e+00 0.00000000e+00 0.00000000e+00 0.00000000e+00
   0.00000000e+00 0.00000000e+00 0.00000000e+00 0.00000000e+00
   0.00000000e+00 0.00000000e+00 0.00000000e+00 0.00000000e+00
   0.00000000e+00]
  [3.02612421e-01 2.03947267e-01 1.38467016e-01 9.81654157e-02
   7.02278951e-02 5.06566236e-02 3.65905575e-02 2.50419866e-02
   1.60891082e-02 1.14597478e-02 8.58557904e-03 6.80274533e-03
   5.15489359e-03 3.37475475e-03 2.16131167e-03 1.37589579e-03
   8.29565573e-04 5.18920475e-04 3.25800288e-04 2.15795972e-04
   1.20953203e-04 7.88952022e-05 5.39729917e-05 2.94820733e-05
   2.37685610e-05 2.02251743e-05 1.11144650e-05 6.03063206e-06
   2.39605715e-06 9.38379664e-07 6.82815035e-07 4.24144116e-07
   4.23624278e-07]]

 [[6.36146213e-03 1.32016629e-03 1.55926397e-04 1.51428077e-06
   7.35068588e-09 6.82320603e-10 4.56749416e-13 1.58322688e-12
   1.56902269e-14 7.58282326e-17 4.28546088e-17 2.10942375e-18
   0.00000000e+00 0.00000000e+00 0.00000000e+00 0.00000000e+00
   0.00000000e+00 0.00000000e+00 0.00000000e+00 0.00000000e+00
   0.00000000e+00 0.00000000e+00 0.00000000e+00 0.00000000e+00
   0.00000000e+00 0.00000000e+00 0.00000000e+00 0.00000000e+00
   0.00000000e+00 0.00000000e+00 0.00000000e+00 0.00000000e+00
   0.00000000e+00]
  [4.95686956e-01 4.65314781e-01 4.53149704e-01 4.44307116e-01
   4.36480328e-01 4.21491235e-01 3.97375142e-01 3.87862682e-01
   3.76681083e-01 3.65874829e-01 3.54297871e-01 3.47138568e-01
   3.42834203e-01 3.26635235e-01 3.19329196e-01 3.07230490e-01
   2.99684853e-01 2.93114437e-01 2.84196901e-01 2.74686803e-01
   2.67363712e-01 2.63756606e-01 2.60510272e-01 2.55097134e-01
   2.48847887e-01 2.42812486e-01 2.35595178e-01 2.24803447e-01
   2.20278736e-01 2.13479554e-01 2.05240472e-01 2.00547995e-01
   1.95942537e-01]
  [1.22987750e-01 8.92851435e-02 6.26837871e-02 4.41797731e-02
   2.99519041e-02 1.71700529e-02 1.30430177e-02 9.04805593e-03
   6.75620978e-03 5.06253090e-03 3.91233388e-03 2.64599218e-03
   1.99958417e-03 1.21378579e-03 8.99318671e-04 6.25943370e-04
   4.75089861e-04 4.65302248e-04 1.18805117e-04 5.89776092e-05
   3.32124132e-05 2.22837102e-05 1.37718920e-05 6.96288204e-06
   3.44171196e-06 3.27580077e-06 2.74365278e-06 3.61175963e-06
   1.08732122e-06 4.31493015e-07 4.32078232e-07 3.93358064e-07
   1.09658098e-07]
  [5.56583565e-01 5.16935951e-01 5.17254276e-01 5.19210563e-01
   5.25500439e-01 5.24419322e-01 5.15266962e-01 5.18066709e-01
   5.12759422e-01 5.11359480e-01 5.09924909e-01 5.12280670e-01
   5.14150996e-01 5.10749084e-01 5.09143918e-01 5.02342966e-01
   4.97772153e-01 4.98683518e-01 4.93073468e-01 4.94526213e-01
   4.94305563e-01 4.96476058e-01 4.96841937e-01 4.96084614e-01
   4.95277778e-01 4.94977072e-01 4.97483155e-01 4.90312758e-01
   4.87916445e-01 4.85186087e-01 4.85186165e-01 4.84189605e-01
   4.84230751e-01]
  [3.09170627e-02 1.68324206e-02 1.11372974e-02 6.59033016e-03
   4.04527966e-03 9.62759404e-04 7.84297831e-04 6.84191736e-04
   1.94166744e-04 2.43039779e-04 2.20133914e-04 1.64452984e-04
   5.32590930e-05 3.57410356e-06 1.29322961e-06 1.46696948e-06
   2.18486552e-07 1.46029996e-07 8.19780379e-08 1.62712143e-08
   1.76036051e-09 1.72614303e-09 2.36355494e-10 5.72123349e-11
   8.92009355e-13 1.75115156e-12 1.21415877e-13 1.54061208e-14
   7.11686265e-15 3.29181127e-16 1.17128529e-16 4.32986980e-18
   1.03250741e-17]
  [5.57175140e-01 5.10585687e-01 5.04564265e-01 5.04179351e-01
   5.08571531e-01 5.08259460e-01 5.00415451e-01 5.03185761e-01
   4.95238830e-01 4.92205131e-01 4.91073366e-01 4.93203053e-01
   4.91966256e-01 4.90450523e-01 4.86851122e-01 4.79095376e-01
   4.73035494e-01 4.73652402e-01 4.65543850e-01 4.66372234e-01
   4.64699517e-01 4.65491501e-01 4.62745690e-01 4.59456674e-01
   4.56867773e-01 4.54511303e-01 4.54466189e-01 4.48662467e-01
   4.45119003e-01 4.40854571e-01 4.40896892e-01 4.39172945e-01
   4.37127111e-01]]

 [[4.79717572e-04 1.09759421e-09 6.67850524e-11 0.00000000e+00
   0.00000000e+00 0.00000000e+00 0.00000000e+00 0.00000000e+00
   0.00000000e+00 0.00000000e+00 0.00000000e+00 0.00000000e+00
   0.00000000e+00 0.00000000e+00 0.00000000e+00 0.00000000e+00
   0.00000000e+00 0.00000000e+00 0.00000000e+00 0.00000000e+00
   0.00000000e+00 0.00000000e+00 0.00000000e+00 0.00000000e+00
   0.00000000e+00 0.00000000e+00 0.00000000e+00 0.00000000e+00
   0.00000000e+00 0.00000000e+00 0.00000000e+00 0.00000000e+00
   0.00000000e+00]
  [2.29992848e-01 1.25334030e-01 6.96723171e-02 3.65964539e-02
   1.83354636e-02 9.45730356e-03 5.09832820e-03 2.57404851e-03
   1.59278817e-03 8.56914796e-04 3.28366219e-04 1.18752577e-04
   7.41395163e-05 3.78655328e-05 2.42968212e-05 1.01620487e-05
   3.00755264e-06 1.10726457e-06 4.63716591e-07 1.64795112e-07
   4.34148988e-08 2.28374707e-08 2.56685812e-08 6.23944800e-09
   3.00448643e-09 8.98634740e-10 1.85336128e-10 3.78360381e-11
   3.62429547e-11 9.99931549e-12 4.43854165e-12 7.83088649e-12
   3.39707240e-12]
  [1.64101110e-02 5.52707877e-03 9.81365025e-04 5.76489928e-05
   8.30308049e-07 5.45985873e-07 1.62082980e-07 1.94991686e-09
   8.09707135e-11 2.56085708e-13 5.67768055e-16 8.32667268e-18
   1.62092562e-17 0.00000000e+00 4.44089210e-19 0.00000000e+00
   0.00000000e+00 0.00000000e+00 0.00000000e+00 0.00000000e+00
   0.00000000e+00 0.00000000e+00 0.00000000e+00 0.00000000e+00
   0.00000000e+00 0.00000000e+00 0.00000000e+00 0.00000000e+00
   0.00000000e+00 0.00000000e+00 0.00000000e+00 0.00000000e+00
   0.00000000e+00]
  [2.64405152e-01 1.47039647e-01 8.43791729e-02 4.64525802e-02
   2.46750795e-02 1.34959590e-02 7.88788598e-03 4.44886565e-03
   2.88417374e-03 1.63283422e-03 6.98937801e-04 2.81841265e-04
   1.86879236e-04 1.01459965e-04 7.24331473e-05 3.50304717e-05
   1.15451457e-05 4.12650430e-06 1.89244458e-06 7.52238223e-07
   2.14424510e-07 9.31739182e-08 1.14928991e-07 3.26477258e-08
   1.87453385e-08 5.31742301e-09 1.25782320e-09 2.96497190e-10
   3.45613121e-10 1.13916402e-10 5.07639728e-11 9.17568440e-11
   3.34803587e-11]
  [7.87693400e-01 7.14035379e-01 6.71399236e-01 6.44042190e-01
   6.32472090e-01 6.24292832e-01 6.22110951e-01 6.09058185e-01
   6.07933692e-01 5.96608714e-01 5.91283246e-01 5.88004484e-01
   5.80821986e-01 5.78191572e-01 5.69503756e-01 5.63478676e-01
   5.58966966e-01 5.60008994e-01 5.57432102e-01 5.59551596e-01
   5.59285906e-01 5.56893195e-01 5.53123445e-01 5.53725269e-01
   5.49696825e-01 5.46419849e-01 5.43410993e-01 5.43038970e-01
   5.38602437e-01 5.35916674e-01 5.35806522e-01 5.36410021e-01
   5.35065579e-01]
  [2.67682782e-01 1.48457573e-01 8.48565353e-02 4.66620331e-02
   2.49312020e-02 1.37407119e-02 8.08141525e-03 4.64659307e-03
   3.02701987e-03 1.70397425e-03 7.38736347e-04 3.02193643e-04
   2.00501634e-04 1.09269308e-04 8.10481486e-05 4.04366271e-05
   1.34664215e-05 4.80617056e-06 2.21765187e-06 8.86792995e-07
   2.53614761e-07 1.05788988e-07 1.29270092e-07 3.76197993e-08
   2.22229495e-08 6.16481996e-09 1.48381735e-09 3.55898744e-10
   4.28579577e-10 1.45656838e-10 6.33586974e-11 1.13144800e-10
   3.83540095e-11]]

 [[3.72344766e-03 3.18949849e-04 2.82712513e-06 4.30927959e-08
   2.07919460e-08 3.28077017e-11 2.84950730e-13 5.02042852e-16
   5.55111512e-19 2.44249065e-18 0.00000000e+00 0.00000000e+00
   0.00000000e+00 0.00000000e+00 0.00000000e+00 0.00000000e+00
   0.00000000e+00 0.00000000e+00 0.00000000e+00 0.00000000e+00
   0.00000000e+00 0.00000000e+00 0.00000000e+00 0.00000000e+00
   0.00000000e+00 0.00000000e+00 0.00000000e+00 0.00000000e+00
   0.00000000e+00 0.00000000e+00 0.00000000e+00 0.00000000e+00
   0.00000000e+00]
  [4.54856587e-01 4.26619572e-01 4.14131509e-01 4.04770749e-01
   3.87049146e-01 3.79634479e-01 3.54600586e-01 3.38171483e-01
   3.22358829e-01 3.09851721e-01 2.97509671e-01 2.86661215e-01
   2.68046587e-01 2.59234514e-01 2.43859904e-01 2.31038101e-01
   2.19465543e-01 2.10296872e-01 2.00920641e-01 1.90230512e-01
   1.80839304e-01 1.73085926e-01 1.63434340e-01 1.56401719e-01
   1.46999735e-01 1.40825685e-01 1.35041360e-01 1.27655717e-01
   1.23392456e-01 1.18594159e-01 1.10125524e-01 1.05789124e-01
   1.00476174e-01]
  [1.09439234e-01 8.80236704e-02 6.09244838e-02 4.43918542e-02
   2.91488023e-02 1.80535477e-02 1.37634737e-02 8.67401488e-03
   6.81287565e-03 5.63734119e-03 3.90470051e-03 2.57661968e-03
   1.69181882e-03 1.21657426e-03 6.95484910e-04 2.65843181e-04
   2.64621724e-04 8.35537163e-05 8.57572690e-05 4.60822779e-05
   6.38458074e-05 5.19122428e-05 2.24980695e-05 2.51161820e-05
   3.54957916e-05 9.82912893e-06 5.56895121e-06 5.03227905e-06
   2.83283710e-06 2.91032529e-06 1.47760669e-06 5.15675098e-07
   6.56308799e-07]
  [5.32668290e-01 5.08575806e-01 5.15357009e-01 5.17657329e-01
   5.10546812e-01 5.16874287e-01 5.08499878e-01 5.06101062e-01
   5.08903906e-01 5.04569421e-01 5.06518886e-01 5.09270205e-01
   5.03299771e-01 5.02312994e-01 4.98527560e-01 4.98227982e-01
   4.93699001e-01 4.92068799e-01 4.91734450e-01 4.91904393e-01
   4.92038907e-01 4.93378371e-01 4.87752458e-01 4.85760260e-01
   4.87153790e-01 4.88940422e-01 4.85638065e-01 4.80231407e-01
   4.80606550e-01 4.78901955e-01 4.69431392e-01 4.67957985e-01
   4.70274525e-01]
  [4.86940820e-02 1.89925398e-02 1.06664982e-02 5.11296982e-03
   3.11616066e-03 1.01774602e-03 5.44794027e-04 4.11849911e-04
   6.14565136e-05 4.62583132e-05 1.51113365e-05 2.05566373e-05
   3.49479818e-05 2.89709256e-06 1.35782433e-07 5.60534775e-09
   1.52563351e-09 2.68106295e-10 3.54543441e-11 1.16101097e-10
   8.16057922e-11 5.61574712e-11 6.33576747e-12 1.84482903e-11
   1.59209568e-12 3.03388425e-14 6.23141538e-14 4.69158046e-15
   7.57949259e-16 1.80189197e-16 1.69864123e-17 3.55271368e-18
   3.33066907e-18]
  [5.38494241e-01 5.11364804e-01 5.16579260e-01 5.16352548e-01
   5.08690977e-01 5.14119173e-01 5.09786445e-01 5.08395899e-01
   5.13882105e-01 5.08905183e-01 5.12634049e-01 5.17005997e-01
   5.14228255e-01 5.14190682e-01 5.11260692e-01 5.13528510e-01
   5.10083746e-01 5.08961376e-01 5.09867771e-01 5.10626615e-01
   5.12386205e-01 5.14209900e-01 5.09527165e-01 5.07141702e-01
   5.10928747e-01 5.14766303e-01 5.11162550e-01 5.07810615e-01
   5.09333115e-01 5.07522832e-01 4.98696746e-01 4.96223071e-01
   4.99524461e-01]]] 
Error up: 
[[[6.57178986e-03 7.37929206e-03 7.73129078e-03 6.15217870e-03
   6.45219037e-03 5.56402030e-03 5.96654067e-03 6.04566810e-03
   6.41609666e-03 7.09615699e-03 7.61256477e-03 8.24087034e-03
   7.23789376e-03 7.39651098e-03 7.65122987e-03 7.86611236e-03
   7.57693209e-03 7.95591484e-03 8.28382021e-03 8.05781678e-03
   8.29332033e-03 7.69426101e-03 7.61101081e-03 7.91898233e-03
   8.63101868e-03 8.45489406e-03 8.18852518e-03 8.00954120e-03
   8.29686971e-03 8.49175594e-03 7.98636172e-03 8.03964346e-03
   7.86800876e-03]
  [1.97919279e-02 8.57465520e-03 1.93651588e-02 4.20093191e-03
   2.46675033e-02 1.84528028e-03 1.28157901e-04 2.60262681e-05
   8.49624958e-05 2.57089611e-06 4.84355645e-07 1.30790226e-08
   2.97182873e-10 7.06475951e-09 1.82531084e-10 4.26134682e-12
   2.75039469e-13 2.54196653e-14 5.76312486e-16 4.88009633e-15
   1.10911280e-16 3.32733840e-16 0.00000000e+00 1.10911280e-16
   0.00000000e+00 0.00000000e+00 0.00000000e+00 0.00000000e+00
   0.00000000e+00 0.00000000e+00 0.00000000e+00 0.00000000e+00
   0.00000000e+00]
  [1.97500402e-02 1.43605057e-02 2.54229680e-02 1.52739940e-02
   4.52280630e-03 1.72241644e-03 1.90075649e-04 2.83735502e-06
   1.51661829e-06 4.15746969e-07 8.87565729e-06 1.59610176e-07
   2.14868403e-09 1.38033164e-08 1.88796774e-10 2.10376272e-12
   9.98105844e-15 7.83476137e-17 0.00000000e+00 0.00000000e+00
   0.00000000e+00 0.00000000e+00 0.00000000e+00 0.00000000e+00
   0.00000000e+00 0.00000000e+00 0.00000000e+00 0.00000000e+00
   0.00000000e+00 0.00000000e+00 0.00000000e+00 0.00000000e+00
   0.00000000e+00]
  [7.71141649e-03 2.72381655e-02 9.00220041e-03 1.26838445e-03
   8.94777863e-03 4.37771102e-05 5.29520657e-08 3.88608936e-11
   2.68852146e-09 1.22665267e-12 2.02623285e-12 1.77458048e-15
   0.00000000e+00 0.00000000e+00 0.00000000e+00 0.00000000e+00
   0.00000000e+00 0.00000000e+00 0.00000000e+00 0.00000000e+00
   0.00000000e+00 0.00000000e+00 0.00000000e+00 0.00000000e+00
   0.00000000e+00 0.00000000e+00 0.00000000e+00 0.00000000e+00
   0.00000000e+00 0.00000000e+00 0.00000000e+00 0.00000000e+00
   0.00000000e+00]
  [1.19743574e-02 4.23729506e-06 6.72383811e-08 2.95505538e-14
   5.64102819e-15 0.00000000e+00 0.00000000e+00 0.00000000e+00
   0.00000000e+00 0.00000000e+00 0.00000000e+00 0.00000000e+00
   0.00000000e+00 0.00000000e+00 0.00000000e+00 0.00000000e+00
   0.00000000e+00 0.00000000e+00 0.00000000e+00 0.00000000e+00
   0.00000000e+00 0.00000000e+00 0.00000000e+00 0.00000000e+00
   0.00000000e+00 0.00000000e+00 0.00000000e+00 0.00000000e+00
   0.00000000e+00 0.00000000e+00 0.00000000e+00 0.00000000e+00
   0.00000000e+00]
  [7.34128020e-03 1.48854761e-02 5.25227499e-02 2.36879883e-04
   2.06129441e-03 2.41779072e-06 5.54573566e-10 6.71571782e-14
   8.74398543e-12 8.30783979e-16 2.77278200e-15 0.00000000e+00
   0.00000000e+00 0.00000000e+00 0.00000000e+00 0.00000000e+00
   0.00000000e+00 0.00000000e+00 0.00000000e+00 0.00000000e+00
   0.00000000e+00 0.00000000e+00 0.00000000e+00 0.00000000e+00
   0.00000000e+00 0.00000000e+00 0.00000000e+00 0.00000000e+00
   0.00000000e+00 0.00000000e+00 0.00000000e+00 0.00000000e+00
   0.00000000e+00]]

 [[2.30471660e-02 2.23896253e-02 1.94994416e-02 2.22457584e-04
   1.58176026e-06 3.10645209e-05 6.50364078e-06 4.57326312e-07
   2.07367730e-08 2.01639800e-10 7.03630830e-11 3.20089732e-13
   5.54556401e-16 0.00000000e+00 0.00000000e+00 0.00000000e+00
   0.00000000e+00 0.00000000e+00 0.00000000e+00 0.00000000e+00
   0.00000000e+00 0.00000000e+00 0.00000000e+00 0.00000000e+00
   0.00000000e+00 0.00000000e+00 0.00000000e+00 0.00000000e+00
   0.00000000e+00 0.00000000e+00 0.00000000e+00 0.00000000e+00
   0.00000000e+00]
  [9.09579323e-03 1.20911398e-02 1.16920011e-02 1.09688311e-02
   1.06254671e-02 1.15325173e-02 1.14645238e-02 1.21416975e-02
   1.19047889e-02 1.24833597e-02 1.24493477e-02 1.22801649e-02
   1.17813823e-02 1.20614289e-02 1.22118934e-02 1.22682261e-02
   1.23873208e-02 1.27311244e-02 1.26972750e-02 1.29884139e-02
   1.30691169e-02 1.25869139e-02 1.24282669e-02 1.27038575e-02
   1.22328195e-02 1.23740409e-02 1.22606787e-02 1.26407526e-02
   1.28211002e-02 1.29468088e-02 1.27064269e-02 1.27943853e-02
   1.21168244e-02]
  [2.20377900e-02 1.98416850e-02 1.93869027e-02 2.64201243e-02
   2.18812753e-02 1.86438342e-02 1.00738332e-02 9.57447913e-03
   1.14696605e-02 7.74306780e-03 8.62915862e-03 7.22966329e-03
   1.02531470e-02 4.25910821e-03 3.91267128e-03 3.72572671e-03
   8.87240321e-03 8.39349468e-03 1.07482408e-02 1.58225752e-02
   2.38850312e-02 2.51570176e-02 3.01617008e-02 3.47015146e-02
   1.14209554e-02 1.15463533e-02 3.13439189e-03 9.15954628e-04
   5.48629129e-04 3.28418930e-04 2.65661307e-04 4.73003020e-04
   1.59183416e-04]
  [1.36211706e-02 1.33278878e-02 1.45209525e-02 1.25044565e-02
   1.25652979e-02 1.28384465e-02 1.38135373e-02 1.45047183e-02
   1.45488003e-02 1.53501029e-02 1.50270518e-02 1.51338125e-02
   1.54679295e-02 1.57740619e-02 1.64065625e-02 1.58409967e-02
   1.61688398e-02 1.59826895e-02 1.62986102e-02 1.67599342e-02
   1.66555183e-02 1.71101415e-02 1.70826623e-02 1.74638515e-02
   1.77330290e-02 1.75861829e-02 1.70215301e-02 1.72034033e-02
   1.73097616e-02 1.69138920e-02 1.78161023e-02 1.74893543e-02
   1.70869147e-02]
  [1.50656097e-01 2.38198999e-02 1.94093881e-02 3.16637558e-02
   3.53242775e-02 1.70221601e-02 2.66107734e-03 2.67907736e-03
   1.35668553e-04 5.05836139e-04 1.80380220e-04 2.94840237e-05
   5.13915694e-05 2.26480020e-04 7.46794188e-06 3.30497186e-06
   1.14889527e-06 1.45726032e-07 1.25801231e-07 9.87147591e-07
   4.40494756e-06 4.99892665e-09 1.92393464e-08 1.72108385e-09
   1.80556349e-09 3.82148249e-10 9.34213694e-11 2.65938274e-12
   7.76618849e-14 6.81911007e-14 9.20451715e-13 1.11466162e-14
   5.43465273e-15]
  [1.41594350e-02 1.34931177e-02 1.77101673e-02 1.60153418e-02
   1.37934308e-02 1.49091210e-02 1.45723471e-02 1.60624217e-02
   1.63103973e-02 1.67336593e-02 1.70988415e-02 1.74691459e-02
   1.75813264e-02 1.86927880e-02 1.73393894e-02 1.77782264e-02
   1.76804981e-02 1.69932639e-02 1.85210897e-02 1.76111913e-02
   1.73721665e-02 1.79316987e-02 1.78109656e-02 1.80905384e-02
   1.80817303e-02 1.89423099e-02 1.90019563e-02 1.95303203e-02
   1.90620238e-02 1.84026947e-02 1.85135205e-02 1.80921500e-02
   1.74477120e-02]]

 [[3.17616619e-02 4.96241316e-02 4.31994475e-02 7.48088027e-03
   5.23649176e-04 4.44702380e-04 2.57865078e-06 3.17012101e-07
   9.86239678e-06 7.42087641e-07 1.80773550e-09 3.05583859e-11
   6.66834669e-13 1.80785387e-14 4.46712144e-16 1.51948454e-14
   2.44004816e-15 0.00000000e+00 0.00000000e+00 0.00000000e+00
   0.00000000e+00 0.00000000e+00 0.00000000e+00 0.00000000e+00
   0.00000000e+00 0.00000000e+00 0.00000000e+00 0.00000000e+00
   0.00000000e+00 0.00000000e+00 0.00000000e+00 0.00000000e+00
   0.00000000e+00]
  [2.38987050e-02 1.76604483e-02 2.40823089e-02 1.50937175e-02
   2.48569675e-02 2.12961190e-02 2.20273137e-02 1.58675213e-02
   2.16850730e-02 1.93218065e-02 2.22690721e-02 1.68532808e-02
   1.99709833e-02 1.83207713e-02 1.03681066e-02 4.69804392e-03
   7.13764380e-03 2.46171868e-03 1.75256475e-03 1.39100496e-03
   1.85418737e-03 6.67846332e-04 8.25241080e-04 3.48764210e-04
   1.43770325e-04 5.48877814e-05 2.52033493e-05 3.83568778e-05
   1.68395121e-05 3.65456724e-06 1.21628571e-06 1.43939661e-06
   4.29176127e-07]
  [1.42242335e-02 1.05997855e-02 1.17426952e-02 9.00668515e-03
   8.81421446e-03 9.75057963e-03 1.12416981e-02 1.19485050e-02
   1.05370331e-02 1.18637605e-02 1.16592936e-02 1.12977691e-02
   1.10891223e-02 1.10383925e-02 1.14394831e-02 1.13501343e-02
   1.14571212e-02 1.17475401e-02 1.19538865e-02 1.23090951e-02
   1.24658163e-02 1.19504400e-02 1.22377678e-02 1.17514940e-02
   1.17912478e-02 1.20073455e-02 1.21101150e-02 1.22017235e-02
   1.22913451e-02 1.27592843e-02 1.26443416e-02 1.28631572e-02
   1.24893845e-02]
  [2.66034555e-02 1.42059074e-02 2.27045134e-02 1.86082679e-02
   1.65201026e-02 1.93936905e-02 1.63932494e-02 1.59575195e-02
   1.00977211e-02 1.63312949e-02 1.10885398e-02 1.39653927e-02
   1.16618343e-02 1.06894470e-02 8.09756820e-03 3.62815774e-03
   2.27885913e-03 1.47996123e-03 1.25530147e-03 1.03589229e-03
   1.00354569e-03 5.93149089e-04 5.26140289e-04 2.68895551e-04
   1.68014265e-04 1.78924169e-04 9.29019853e-05 3.33118250e-05
   1.40467450e-05 4.70253266e-06 4.43751420e-06 3.40911843e-06
   3.59963211e-06]
  [2.46492715e-02 1.31495363e-02 3.03766330e-03 1.24770513e-03
   2.46241199e-05 2.48516582e-07 1.67663783e-07 2.81311492e-08
   1.26146690e-09 1.02284457e-10 2.02727183e-10 5.23349372e-13
   5.93771231e-15 9.96969922e-17 0.00000000e+00 0.00000000e+00
   0.00000000e+00 0.00000000e+00 0.00000000e+00 0.00000000e+00
   0.00000000e+00 0.00000000e+00 0.00000000e+00 0.00000000e+00
   0.00000000e+00 0.00000000e+00 0.00000000e+00 0.00000000e+00
   0.00000000e+00 0.00000000e+00 0.00000000e+00 0.00000000e+00
   0.00000000e+00]
  [2.65212987e-02 1.61230288e-02 2.06367404e-02 1.84516324e-02
   1.51428690e-02 1.79400739e-02 1.59878097e-02 1.58283807e-02
   1.04222624e-02 1.17839228e-02 1.02560035e-02 1.06958118e-02
   1.08313909e-02 5.74297764e-03 5.50074327e-03 3.17504140e-03
   1.76928357e-03 1.29787785e-03 1.16047693e-03 8.50271092e-04
   4.62663975e-04 4.73631025e-04 3.28911203e-04 2.06576972e-04
   1.93899928e-04 1.95588855e-04 1.56877393e-04 5.67480195e-05
   1.63739602e-05 5.46299781e-06 9.94928242e-06 3.84137829e-06
   8.76930873e-06]]

 [[2.69470426e-02 2.88269151e-02 2.52894452e-02 1.87506134e-04
   4.56506249e-07 1.08095239e-07 6.93381382e-11 1.58136643e-09
   7.80660412e-12 7.57524043e-14 4.28117541e-14 2.10731432e-15
   0.00000000e+00 0.00000000e+00 0.00000000e+00 0.00000000e+00
   0.00000000e+00 0.00000000e+00 0.00000000e+00 0.00000000e+00
   0.00000000e+00 0.00000000e+00 0.00000000e+00 0.00000000e+00
   0.00000000e+00 0.00000000e+00 0.00000000e+00 0.00000000e+00
   0.00000000e+00 0.00000000e+00 0.00000000e+00 0.00000000e+00
   0.00000000e+00]
  [9.27102282e-03 1.45869212e-02 1.51113075e-02 1.32413827e-02
   1.25982296e-02 1.35118884e-02 1.33331135e-02 1.42897642e-02
   1.51867439e-02 1.52131003e-02 1.48969693e-02 1.42596989e-02
   1.57129930e-02 1.50638822e-02 1.55694650e-02 1.61031238e-02
   1.58631408e-02 1.60594697e-02 1.63981820e-02 1.61512400e-02
   1.55074746e-02 1.54129729e-02 1.54529762e-02 1.52411240e-02
   1.53414063e-02 1.54244344e-02 1.58599033e-02 1.68010684e-02
   1.67546281e-02 1.67108854e-02 1.65417407e-02 1.69715347e-02
   1.66884223e-02]
  [1.78056064e-02 1.74452649e-02 1.70977229e-02 2.64542652e-02
   1.91398713e-02 1.65390763e-02 1.24695337e-02 1.08820823e-02
   1.32169460e-02 1.43937845e-02 1.17054342e-02 1.06196950e-02
   1.43993414e-02 7.86376682e-03 6.40057983e-03 5.56848202e-03
   7.52416657e-03 9.92040981e-03 1.16974137e-03 7.92696298e-04
   4.73804486e-04 5.23313954e-04 2.84850029e-04 1.29359761e-04
   5.31328417e-05 9.97827642e-05 8.25499910e-05 1.72047002e-04
   4.38467212e-05 1.42810276e-05 2.79795186e-05 2.86615209e-05
   6.74269743e-06]
  [8.93751006e-03 1.35946810e-02 1.11744755e-02 1.14859100e-02
   1.14970578e-02 1.12631124e-02 1.13365254e-02 1.14974792e-02
   1.17065983e-02 1.18969510e-02 1.18867645e-02 1.24305540e-02
   1.19277089e-02 1.23570781e-02 1.23168495e-02 1.22727004e-02
   1.22426388e-02 1.25995494e-02 1.24886385e-02 1.23611307e-02
   1.27543789e-02 1.29202750e-02 1.29741748e-02 1.31339242e-02
   1.25530655e-02 1.28992848e-02 1.25296699e-02 1.29612255e-02
   1.29951246e-02 1.29324075e-02 1.30403614e-02 1.32015828e-02
   1.29691623e-02]
  [4.39584315e-02 2.46604772e-02 1.42814344e-02 2.04225966e-02
   3.93877418e-02 9.54905843e-03 2.02657432e-02 3.98088871e-02
   3.95042438e-03 1.06120739e-02 1.26050956e-02 3.19714037e-02
   9.67926948e-03 2.88101053e-04 7.52724558e-05 1.05769347e-04
   9.74882523e-06 1.31393217e-05 9.37039612e-06 1.20529923e-06
   9.84549361e-08 4.15931098e-07 3.34674190e-08 6.02447554e-09
   4.94937788e-11 2.33542933e-10 1.49360110e-11 1.29312914e-12
   7.87783912e-13 2.68829528e-14 9.48334306e-15 3.75569452e-16
   2.43904764e-15]
  [8.89900066e-03 1.77450859e-02 1.16023039e-02 1.20186748e-02
   1.23959437e-02 1.24170879e-02 1.12248831e-02 1.11212933e-02
   1.16172111e-02 1.19987166e-02 1.25274719e-02 1.24554519e-02
   1.27211513e-02 1.31444107e-02 1.27076262e-02 1.33251480e-02
   1.28021058e-02 1.30459658e-02 1.31736522e-02 1.33465183e-02
   1.34213770e-02 1.35408479e-02 1.35801732e-02 1.36584411e-02
   1.37704813e-02 1.44078493e-02 1.43699220e-02 1.35967255e-02
   1.37384683e-02 1.36502744e-02 1.34507649e-02 1.35611825e-02
   1.37413712e-02]]

 [[3.12434813e-02 2.85972445e-08 6.67182673e-08 0.00000000e+00
   0.00000000e+00 0.00000000e+00 0.00000000e+00 0.00000000e+00
   0.00000000e+00 0.00000000e+00 0.00000000e+00 0.00000000e+00
   0.00000000e+00 0.00000000e+00 0.00000000e+00 0.00000000e+00
   0.00000000e+00 0.00000000e+00 0.00000000e+00 0.00000000e+00
   0.00000000e+00 0.00000000e+00 0.00000000e+00 0.00000000e+00
   0.00000000e+00 0.00000000e+00 0.00000000e+00 0.00000000e+00
   0.00000000e+00 0.00000000e+00 0.00000000e+00 0.00000000e+00
   0.00000000e+00]
  [3.03952857e-02 1.59860397e-02 1.08983928e-02 2.32306614e-02
   1.03599679e-02 5.18447005e-03 4.53607964e-03 5.36343618e-03
   3.13833578e-03 2.49982165e-03 1.65482452e-03 3.86824359e-04
   3.58347980e-04 3.13776702e-04 2.19389319e-04 6.71152598e-05
   1.73007450e-05 9.99318574e-06 5.15899812e-06 1.37063068e-06
   3.14308318e-07 2.93224891e-07 1.20394712e-06 2.26246562e-07
   8.10400063e-08 3.02387481e-08 5.80794444e-09 9.65146330e-10
   2.31231308e-09 3.87126601e-10 1.88613154e-10 4.92918655e-10
   2.36659590e-10]
  [1.63335209e-02 3.46292699e-02 1.14783674e-02 2.02333751e-03
   1.25171524e-05 1.55541092e-04 3.03560958e-05 2.52612177e-07
   1.76580252e-08 2.44282035e-11 2.77130765e-14 1.01676824e-15
   5.71937580e-15 0.00000000e+00 1.56695227e-16 0.00000000e+00
   0.00000000e+00 0.00000000e+00 0.00000000e+00 0.00000000e+00
   0.00000000e+00 0.00000000e+00 0.00000000e+00 0.00000000e+00
   0.00000000e+00 0.00000000e+00 0.00000000e+00 0.00000000e+00
   0.00000000e+00 0.00000000e+00 0.00000000e+00 0.00000000e+00
   0.00000000e+00]
  [3.85363826e-02 2.02624494e-02 1.19872383e-02 9.83863524e-03
   1.26261310e-02 6.23973629e-03 6.73369275e-03 9.43492852e-03
   5.18545947e-03 3.39293657e-03 3.55704729e-03 9.31909381e-04
   8.25911026e-04 7.86297162e-04 7.11808478e-04 2.49299053e-04
   7.59858123e-05 3.97269011e-05 2.06066939e-05 5.56526566e-06
   1.35676273e-06 7.48574794e-07 4.66312066e-06 9.01740489e-07
   3.74911333e-07 1.22199182e-07 3.83881647e-08 7.31531557e-09
   1.57272785e-08 3.37419574e-09 2.11472593e-09 4.34426057e-09
   2.29950140e-09]
  [7.49988499e-03 1.06904278e-02 1.30207352e-02 1.50661708e-02
   1.30100578e-02 1.11472526e-02 1.00430577e-02 1.02934111e-02
   9.88922607e-03 1.00541609e-02 1.03172850e-02 1.07985891e-02
   1.15706848e-02 1.20579746e-02 1.20585429e-02 1.17322469e-02
   1.15625980e-02 1.06659396e-02 9.97533662e-03 9.72317770e-03
   9.65694843e-03 9.69004384e-03 9.74274436e-03 9.55410097e-03
   9.82350098e-03 9.91694768e-03 1.06798170e-02 1.12230344e-02
   1.13302527e-02 1.14167516e-02 1.13110152e-02 1.11898918e-02
   1.09813883e-02]
  [3.86792969e-02 2.17577067e-02 1.21397272e-02 9.88579488e-03
   1.26417138e-02 7.08423618e-03 6.98898687e-03 1.02538171e-02
   5.76163556e-03 3.59606648e-03 3.75913015e-03 9.97632484e-04
   9.00019939e-04 7.24784032e-04 8.67265176e-04 3.29838225e-04
   1.20628333e-04 4.72767546e-05 2.44808737e-05 6.65172038e-06
   1.63909683e-06 9.46822922e-07 5.16765118e-06 1.01767469e-06
   5.21231414e-07 1.19812382e-07 4.59274249e-08 8.90103613e-09
   1.51816346e-08 4.14906548e-09 2.66826882e-09 5.43321641e-09
   2.11173949e-09]]

 [[2.30201256e-02 6.10697109e-03 1.50324398e-04 1.85148936e-06
   2.92202420e-06 5.41779325e-09 4.70633658e-11 1.64931786e-13
   5.54556401e-16 2.44004816e-15 0.00000000e+00 0.00000000e+00
   0.00000000e+00 0.00000000e+00 0.00000000e+00 0.00000000e+00
   0.00000000e+00 0.00000000e+00 0.00000000e+00 0.00000000e+00
   0.00000000e+00 0.00000000e+00 0.00000000e+00 0.00000000e+00
   0.00000000e+00 0.00000000e+00 0.00000000e+00 0.00000000e+00
   0.00000000e+00 0.00000000e+00 0.00000000e+00 0.00000000e+00
   0.00000000e+00]
  [9.29515793e-03 1.56335185e-02 1.41567708e-02 1.41355788e-02
   1.32816165e-02 1.33367005e-02 1.38268770e-02 1.55158245e-02
   1.63380626e-02 1.67962362e-02 1.59930931e-02 1.69522887e-02
   1.68427172e-02 1.65686766e-02 1.68480429e-02 1.68036038e-02
   1.79286050e-02 1.74375505e-02 1.76406481e-02 1.69153982e-02
   1.67395800e-02 1.72364848e-02 1.71415904e-02 1.66418013e-02
   1.62639115e-02 1.76068489e-02 1.62285727e-02 1.58791988e-02
   1.60701276e-02 1.67316885e-02 1.62752765e-02 1.60904516e-02
   1.55285331e-02]
  [1.91104752e-02 1.96544233e-02 1.92045492e-02 3.25926409e-02
   2.35416672e-02 2.09574905e-02 1.40395968e-02 1.54187401e-02
   1.49329384e-02 1.45798690e-02 1.10638017e-02 1.10415670e-02
   1.06723794e-02 1.32405779e-02 5.68988080e-03 2.35616998e-03
   3.78927827e-03 5.14385100e-04 1.20891052e-03 8.45913058e-04
   2.61523060e-03 2.45471703e-03 8.37413207e-04 1.77123242e-03
   5.29008948e-03 7.26036035e-04 2.45455112e-04 3.20858509e-04
   2.64353140e-04 3.62205432e-04 1.24192358e-04 4.80056779e-05
   1.21715794e-04]
  [1.01542158e-02 1.37328125e-02 1.12448861e-02 1.06895730e-02
   1.17543828e-02 1.16778591e-02 1.22163227e-02 1.20993955e-02
   1.22362433e-02 1.17767835e-02 1.19342308e-02 1.20240670e-02
   1.20165576e-02 1.25906325e-02 1.20899773e-02 1.21318041e-02
   1.21120750e-02 1.20972739e-02 1.23764360e-02 1.21507968e-02
   1.22084888e-02 1.20362439e-02 1.24381550e-02 1.25637770e-02
   1.25239450e-02 1.22974265e-02 1.23273895e-02 1.24426040e-02
   1.28398966e-02 1.26861175e-02 1.25027751e-02 1.26023177e-02
   1.24063893e-02]
  [1.44761369e-01 2.88742997e-02 1.61250406e-02 1.60368040e-02
   3.44346774e-02 1.43763104e-02 1.36024064e-02 2.16666928e-02
   2.07611945e-03 4.14190567e-03 6.72444070e-04 2.07081093e-03
   6.81281559e-03 4.49349900e-04 8.92996368e-06 1.72247434e-07
   4.43352278e-08 8.09430001e-09 8.26705011e-10 5.09626679e-09
   7.25432825e-09 1.03907932e-08 5.60363506e-10 3.44201189e-09
   1.51681520e-10 2.28330637e-12 1.36611775e-11 1.54886831e-12
   1.45572866e-13 2.08619876e-14 3.83873515e-15 9.44926022e-16
   6.73153453e-16]
  [1.00779195e-02 1.69422866e-02 1.20225471e-02 1.10091342e-02
   1.23865497e-02 1.22337508e-02 1.21201757e-02 1.23391990e-02
   1.20103445e-02 1.20388508e-02 1.17487423e-02 1.12779692e-02
   1.14242291e-02 1.19638307e-02 1.16745769e-02 1.17373194e-02
   1.24856404e-02 1.21387258e-02 1.20423012e-02 1.17500791e-02
   1.15013288e-02 1.17233379e-02 1.17350026e-02 1.21420598e-02
   1.21481232e-02 1.19869835e-02 1.18635373e-02 1.24030553e-02
   1.17589904e-02 1.17261314e-02 1.19638653e-02 1.22686669e-02
   1.25714337e-02]]] 
Error down: 
[[[4.99574175e-02 3.26504902e-02 2.24585456e-02 3.24648625e-02
   2.82713597e-02 4.34852075e-02 3.73058823e-02 4.66348756e-02
   4.12083572e-02 3.49444036e-02 3.01692672e-02 2.60393930e-02
   3.32603948e-02 3.00762902e-02 2.72748733e-02 2.50803178e-02
   2.62085695e-02 2.37019391e-02 2.22999929e-02 2.29914281e-02
   2.15936492e-02 2.46003245e-02 2.51152858e-02 2.35517568e-02
   2.05019419e-02 2.10122422e-02 2.18320356e-02 2.34451720e-02
   2.23039942e-02 2.15601264e-02 2.44135159e-02 2.47532993e-02
   2.54326059e-02]
  [2.35167597e-03 6.18711507e-04 1.51257037e-04 4.16199662e-05
   1.52463576e-05 2.31193406e-06 3.39205907e-07 2.63713445e-08
   3.92374424e-08 2.46614223e-09 1.58678324e-10 6.64256335e-12
   2.35551810e-13 1.44094680e-12 4.91270951e-14 1.46998897e-15
   1.27103559e-16 8.55031464e-18 2.07763403e-19 1.54553969e-19
   3.51259020e-21 1.05377706e-20 0.00000000e+00 3.51259020e-21
   0.00000000e+00 0.00000000e+00 0.00000000e+00 0.00000000e+00
   0.00000000e+00 0.00000000e+00 0.00000000e+00 0.00000000e+00
   0.00000000e+00]
  [1.59404230e-03 3.54200877e-04 9.80180568e-05 2.92858007e-05
   3.25513711e-06 9.98384408e-07 8.73370142e-08 2.67425821e-09
   9.29817331e-10 7.85157446e-11 2.81232071e-10 5.05826611e-12
   6.80771550e-14 4.37295482e-13 5.98096017e-15 6.66363273e-17
   7.20441663e-19 7.02869915e-21 0.00000000e+00 0.00000000e+00
   0.00000000e+00 0.00000000e+00 0.00000000e+00 0.00000000e+00
   0.00000000e+00 0.00000000e+00 0.00000000e+00 0.00000000e+00
   0.00000000e+00 0.00000000e+00 0.00000000e+00 0.00000000e+00
   0.00000000e+00]
  [4.70930531e-04 1.22599682e-04 2.08948345e-05 1.16945036e-06
   8.03595816e-07 6.02759821e-09 2.62336771e-11 3.99878218e-14
   2.41191979e-13 2.71847407e-16 6.42265255e-17 5.62014432e-20
   0.00000000e+00 0.00000000e+00 0.00000000e+00 0.00000000e+00
   0.00000000e+00 0.00000000e+00 0.00000000e+00 0.00000000e+00
   0.00000000e+00 0.00000000e+00 0.00000000e+00 0.00000000e+00
   0.00000000e+00 0.00000000e+00 0.00000000e+00 0.00000000e+00
   0.00000000e+00 0.00000000e+00 0.00000000e+00 0.00000000e+00
   0.00000000e+00]
  [1.14487776e-06 4.15298297e-09 6.69458538e-12 1.22316168e-17
   5.06066339e-19 0.00000000e+00 0.00000000e+00 0.00000000e+00
   0.00000000e+00 0.00000000e+00 0.00000000e+00 0.00000000e+00
   0.00000000e+00 0.00000000e+00 0.00000000e+00 0.00000000e+00
   0.00000000e+00 0.00000000e+00 0.00000000e+00 0.00000000e+00
   0.00000000e+00 0.00000000e+00 0.00000000e+00 0.00000000e+00
   0.00000000e+00 0.00000000e+00 0.00000000e+00 0.00000000e+00
   0.00000000e+00 0.00000000e+00 0.00000000e+00 0.00000000e+00
   0.00000000e+00]
  [2.51337842e-04 6.64194523e-05 1.20905899e-05 2.22872314e-07
   1.84926880e-07 3.36262808e-10 2.81420985e-13 6.95928794e-17
   7.84437969e-16 1.37128352e-19 8.78147551e-20 0.00000000e+00
   0.00000000e+00 0.00000000e+00 0.00000000e+00 0.00000000e+00
   0.00000000e+00 0.00000000e+00 0.00000000e+00 0.00000000e+00
   0.00000000e+00 0.00000000e+00 0.00000000e+00 0.00000000e+00
   0.00000000e+00 0.00000000e+00 0.00000000e+00 0.00000000e+00
   0.00000000e+00 0.00000000e+00 0.00000000e+00 0.00000000e+00
   0.00000000e+00]]

 [[4.14494897e-04 1.53724926e-04 1.00889524e-05 3.64618784e-07
   3.12259991e-09 1.29652011e-08 2.04388408e-09 1.25297722e-10
   2.78588548e-12 1.93749678e-14 2.22863181e-15 1.01397622e-17
   1.75629510e-20 0.00000000e+00 0.00000000e+00 0.00000000e+00
   0.00000000e+00 0.00000000e+00 0.00000000e+00 0.00000000e+00
   0.00000000e+00 0.00000000e+00 0.00000000e+00 0.00000000e+00
   0.00000000e+00 0.00000000e+00 0.00000000e+00 0.00000000e+00
   0.00000000e+00 0.00000000e+00 0.00000000e+00 0.00000000e+00
   0.00000000e+00]
  [1.66778472e-02 1.20991403e-02 1.21628815e-02 1.27216379e-02
   1.39883281e-02 1.30852580e-02 1.33923367e-02 1.29445035e-02
   1.29915186e-02 1.20213515e-02 1.22980766e-02 1.23749982e-02
   1.28584528e-02 1.24363378e-02 1.25855712e-02 1.26824113e-02
   1.28255635e-02 1.23990405e-02 1.24168693e-02 1.20961452e-02
   1.17662596e-02 1.21964159e-02 1.24501738e-02 1.22693643e-02
   1.24949208e-02 1.22659873e-02 1.25497047e-02 1.23428743e-02
   1.21693476e-02 1.20207512e-02 1.22452165e-02 1.22799097e-02
   1.27921319e-02]
  [3.65989912e-03 2.71535605e-03 1.95004160e-03 1.35608360e-03
   9.90823499e-04 5.40693734e-04 3.47058250e-04 2.42933919e-04
   1.96628249e-04 1.18145590e-04 8.86721229e-05 5.88392696e-05
   5.34386192e-05 2.89069651e-05 2.03598010e-05 1.61940578e-05
   1.96888101e-05 1.18776174e-05 1.23603086e-05 8.68781155e-06
   1.13939287e-05 9.31206529e-06 8.20758423e-06 7.75925564e-06
   3.80023261e-06 2.99024845e-06 1.13561617e-06 3.96415842e-07
   1.86369028e-07 1.14248277e-07 6.84841181e-08 1.08998299e-07
   4.87145784e-08]
  [1.48191521e-02 1.22393556e-02 1.01744578e-02 1.17201421e-02
   1.22859197e-02 1.23677439e-02 1.13454853e-02 1.09201615e-02
   1.06957819e-02 1.01062835e-02 1.02764130e-02 9.80894664e-03
   9.34363887e-03 9.44392140e-03 8.96017815e-03 9.20233492e-03
   9.08283267e-03 8.89708868e-03 8.63366887e-03 8.51646260e-03
   8.30559910e-03 8.03807010e-03 7.98282037e-03 7.70352518e-03
   7.35507619e-03 6.95507349e-03 6.88126202e-03 6.84942877e-03
   6.67545620e-03 6.47737563e-03 6.18302329e-03 6.01914772e-03
   5.85534191e-03]
  [1.32197685e-03 4.56966668e-04 2.20250516e-04 1.35902611e-04
   5.16982720e-05 3.10010682e-05 7.58082941e-06 3.42252627e-06
   4.01840578e-07 5.26401958e-07 1.58438577e-07 2.87588490e-08
   3.18705003e-08 5.58563513e-08 3.58312780e-09 1.85549482e-09
   5.66266674e-10 5.85828145e-11 3.01332771e-11 9.49787563e-11
   2.82831896e-10 1.24841320e-12 2.47086355e-12 3.24968269e-13
   2.24291799e-13 6.12505704e-14 1.23345504e-14 3.55304280e-16
   1.33148118e-17 6.89335307e-18 2.91596214e-17 7.09898615e-19
   1.72116920e-19]
  [1.51337375e-02 1.32278563e-02 9.41346765e-03 9.68450174e-03
   1.09289314e-02 1.01792616e-02 9.93406954e-03 9.12933476e-03
   8.69226719e-03 8.29566068e-03 8.01872190e-03 7.48549605e-03
   7.03983308e-03 6.78967230e-03 6.69119325e-03 6.46793957e-03
   6.26142334e-03 6.02415352e-03 5.50455715e-03 5.57148699e-03
   5.23567538e-03 4.89029402e-03 4.73471919e-03 4.49847756e-03
   4.24265623e-03 3.81707141e-03 3.58360416e-03 3.45193094e-03
   3.35743739e-03 3.10133590e-03 3.00268290e-03 2.84410770e-03
   2.69803107e-03]]

 [[8.92452395e-04 2.65654614e-04 6.29077510e-05 4.85408441e-06
   3.09729114e-07 7.35586669e-08 1.25691419e-09 8.20326151e-11
   6.28742076e-10 2.35066866e-11 1.14733287e-13 3.97894213e-15
   6.39363504e-17 5.72552203e-19 3.86578453e-20 4.81224858e-19
   7.72769845e-20 0.00000000e+00 0.00000000e+00 0.00000000e+00
   0.00000000e+00 0.00000000e+00 0.00000000e+00 0.00000000e+00
   0.00000000e+00 0.00000000e+00 0.00000000e+00 0.00000000e+00
   0.00000000e+00 0.00000000e+00 0.00000000e+00 0.00000000e+00
   0.00000000e+00]
  [6.74786475e-03 5.26182628e-03 3.25000946e-03 2.50216583e-03
   1.54066772e-03 1.17367133e-03 7.81140765e-04 5.93353594e-04
   4.16457430e-04 3.08099940e-04 2.32025303e-04 1.66644533e-04
   1.22923290e-04 9.98136196e-05 5.41683097e-05 3.04563630e-05
   2.05025213e-05 1.01476041e-05 5.87777529e-06 4.90779661e-06
   3.09954243e-06 1.35968581e-06 1.03300941e-06 5.45172458e-07
   2.46677380e-07 1.07594253e-07 5.26220301e-08 4.57931092e-08
   2.10485587e-08 7.06592211e-09 2.34912715e-09 1.62792630e-09
   6.80235741e-10]
  [2.08589395e-02 2.27005828e-02 1.68128422e-02 2.21349231e-02
   2.25881478e-02 1.94529271e-02 1.57074766e-02 1.41853552e-02
   1.59582236e-02 1.38766620e-02 1.37330860e-02 1.41788017e-02
   1.46580240e-02 1.46191696e-02 1.40527256e-02 1.43315386e-02
   1.41468256e-02 1.36504518e-02 1.36407109e-02 1.28782658e-02
   1.25051528e-02 1.31462124e-02 1.29982918e-02 1.33997466e-02
   1.36086723e-02 1.32959163e-02 1.31805093e-02 1.28939204e-02
   1.28390917e-02 1.23727884e-02 1.25985530e-02 1.23322572e-02
   1.26398910e-02]
  [6.80260535e-03 6.84061940e-03 3.60120708e-03 2.83044740e-03
   2.10534750e-03 1.49187259e-03 1.08739149e-03 7.48708655e-04
   5.25189646e-04 3.46508281e-04 2.80156524e-04 2.08976049e-04
   1.63495247e-04 1.14033856e-04 7.10888537e-05 4.36846531e-05
   2.65265839e-05 1.55171423e-05 9.85761466e-06 6.93604967e-06
   4.15237157e-06 2.51227329e-06 1.74335220e-06 8.72219443e-07
   6.14147846e-07 4.99794363e-07 2.40551443e-07 1.19210399e-07
   4.92724716e-08 1.94981819e-08 1.20742834e-08 8.62557371e-09
   7.16587952e-09]
  [2.12096877e-04 5.91777535e-05 3.83128545e-06 7.93500534e-07
   2.24035656e-08 3.04047918e-10 8.01630373e-11 1.26709495e-11
   5.52445618e-13 2.24395601e-14 2.62680450e-14 8.53050731e-17
   1.43249495e-18 2.46251339e-20 0.00000000e+00 0.00000000e+00
   0.00000000e+00 0.00000000e+00 0.00000000e+00 0.00000000e+00
   0.00000000e+00 0.00000000e+00 0.00000000e+00 0.00000000e+00
   0.00000000e+00 0.00000000e+00 0.00000000e+00 0.00000000e+00
   0.00000000e+00 0.00000000e+00 0.00000000e+00 0.00000000e+00
   0.00000000e+00]
  [6.72792790e-03 6.54008370e-03 3.75327981e-03 2.85136320e-03
   2.18560056e-03 1.52167449e-03 1.11935491e-03 7.55579405e-04
   5.09147629e-04 3.49335538e-04 2.70971720e-04 2.12923022e-04
   1.60655074e-04 1.08810577e-04 6.78065522e-05 4.38223435e-05
   2.66031163e-05 1.64910761e-05 1.03115834e-05 6.83901348e-06
   3.85425082e-06 2.47434529e-06 1.71171499e-06 9.29337269e-07
   7.50495067e-07 6.42343084e-07 3.49943064e-07 1.91020548e-07
   7.62758342e-08 2.99096765e-08 2.15466430e-08 1.34765742e-08
   1.33889772e-08]]

 [[2.01907721e-04 4.19987029e-05 4.93316457e-06 4.79563837e-08
   2.33505275e-10 2.15982866e-11 1.44794932e-14 5.00826451e-14
   4.96665454e-16 2.39909911e-18 1.35585982e-18 6.67392139e-20
   0.00000000e+00 0.00000000e+00 0.00000000e+00 0.00000000e+00
   0.00000000e+00 0.00000000e+00 0.00000000e+00 0.00000000e+00
   0.00000000e+00 0.00000000e+00 0.00000000e+00 0.00000000e+00
   0.00000000e+00 0.00000000e+00 0.00000000e+00 0.00000000e+00
   0.00000000e+00 0.00000000e+00 0.00000000e+00 0.00000000e+00
   0.00000000e+00]
  [1.69040733e-02 1.21141316e-02 1.05958881e-02 1.23705831e-02
   1.30881041e-02 1.20125732e-02 1.19086625e-02 1.12940895e-02
   1.08029293e-02 1.04582008e-02 1.02331707e-02 1.02442445e-02
   9.62334733e-03 9.80360529e-03 9.40357341e-03 8.82339435e-03
   8.77293110e-03 8.54841061e-03 8.30870078e-03 8.07886489e-03
   7.99099156e-03 8.01170858e-03 7.95362287e-03 7.97863054e-03
   7.75859863e-03 7.48730015e-03 7.18396313e-03 6.75954838e-03
   6.70610088e-03 6.52469463e-03 6.16517452e-03 6.00936866e-03
   5.91692160e-03]
  [4.43914444e-03 3.00566495e-03 2.13777371e-03 1.35080796e-03
   9.61135220e-04 5.33896082e-04 4.26446985e-04 2.89670348e-04
   2.14222433e-04 1.60401693e-04 1.25335029e-04 8.44418900e-05
   6.35291894e-05 3.84188743e-05 2.86925771e-05 2.00518117e-05
   1.50086342e-05 1.47475372e-05 3.77679121e-06 1.87347277e-06
   1.05222340e-06 7.03793976e-07 4.38111633e-07 2.21397184e-07
   1.09281642e-07 1.03384975e-07 8.72343393e-08 1.14601240e-07
   3.44823243e-08 1.37108183e-08 1.36786810e-08 1.24667900e-08
   3.47680650e-09]
  [2.11434229e-02 1.24289302e-02 1.28251909e-02 1.26869511e-02
   1.29107411e-02 1.34997609e-02 1.30747344e-02 1.30922937e-02
   1.32117263e-02 1.33039228e-02 1.29752114e-02 1.27260820e-02
   1.30885977e-02 1.26744093e-02 1.28353110e-02 1.27317962e-02
   1.26052903e-02 1.27739425e-02 1.27765262e-02 1.29726767e-02
   1.26743814e-02 1.27300908e-02 1.25340329e-02 1.25417459e-02
   1.32878849e-02 1.27835530e-02 1.27784700e-02 1.23507559e-02
   1.25186004e-02 1.24999153e-02 1.24343483e-02 1.23710331e-02
   1.24443237e-02]
  [9.51262239e-04 5.31783314e-04 3.70471996e-04 2.14200348e-04
   1.28341012e-04 3.07645279e-05 2.48723405e-05 2.15798254e-05
   6.16264846e-06 7.70385723e-06 6.99324144e-06 5.20109893e-06
   1.68527686e-06 1.13177889e-07 4.09785067e-08 4.65269339e-08
   6.92887979e-09 4.63247464e-09 2.59761107e-09 5.16714340e-10
   5.59731549e-11 5.46302048e-11 7.48820063e-12 1.81249599e-12
   2.82891396e-14 5.54928314e-14 3.84558861e-15 4.89186522e-16
   2.25601406e-16 1.04590994e-17 3.71696473e-18 1.37335131e-19
   3.26998379e-19]
  [2.14796047e-02 1.07053204e-02 1.32848857e-02 1.27749072e-02
   1.23320610e-02 1.26431480e-02 1.36865257e-02 1.38113391e-02
   1.37141160e-02 1.35835428e-02 1.27226207e-02 1.32220511e-02
   1.27112756e-02 1.24680197e-02 1.29886728e-02 1.23936250e-02
   1.26550253e-02 1.30719859e-02 1.25299828e-02 1.24297420e-02
   1.25334799e-02 1.26094110e-02 1.23363118e-02 1.22416364e-02
   1.23354889e-02 1.18484570e-02 1.16090549e-02 1.21074862e-02
   1.20065402e-02 1.19473772e-02 1.21524144e-02 1.21539558e-02
   1.17730533e-02]]

 [[1.52308505e-05 3.49448542e-11 2.11298555e-12 0.00000000e+00
   0.00000000e+00 0.00000000e+00 0.00000000e+00 0.00000000e+00
   0.00000000e+00 0.00000000e+00 0.00000000e+00 0.00000000e+00
   0.00000000e+00 0.00000000e+00 0.00000000e+00 0.00000000e+00
   0.00000000e+00 0.00000000e+00 0.00000000e+00 0.00000000e+00
   0.00000000e+00 0.00000000e+00 0.00000000e+00 0.00000000e+00
   0.00000000e+00 0.00000000e+00 0.00000000e+00 0.00000000e+00
   0.00000000e+00 0.00000000e+00 0.00000000e+00 0.00000000e+00
   0.00000000e+00]
  [3.15811536e-03 3.55424247e-03 2.37298523e-03 9.42051475e-04
   5.43878744e-04 3.15599220e-04 1.64059841e-04 7.78473683e-05
   5.11825167e-05 2.69019208e-05 1.00541605e-05 3.73172641e-06
   2.36758050e-06 1.17960493e-06 7.70968363e-07 3.25795954e-07
   9.66243529e-08 3.49693569e-08 1.47010839e-08 5.25936543e-09
   1.38782733e-09 7.25113911e-10 8.12162503e-10 1.97935985e-10
   9.53211928e-11 2.82902777e-11 5.82559112e-12 1.19122253e-12
   1.14263119e-12 3.16174552e-13 1.40128509e-13 2.48189533e-13
   1.07422621e-13]
  [5.51689585e-04 1.76477878e-04 3.14214186e-05 1.81952766e-06
   2.64921557e-08 1.72128366e-08 5.13582137e-09 6.18403817e-11
   2.56294812e-12 8.12184302e-15 1.80416373e-17 2.64238971e-19
   5.13095038e-19 0.00000000e+00 1.40573983e-20 0.00000000e+00
   0.00000000e+00 0.00000000e+00 0.00000000e+00 0.00000000e+00
   0.00000000e+00 0.00000000e+00 0.00000000e+00 0.00000000e+00
   0.00000000e+00 0.00000000e+00 0.00000000e+00 0.00000000e+00
   0.00000000e+00 0.00000000e+00 0.00000000e+00 0.00000000e+00
   0.00000000e+00]
  [3.33062279e-03 3.73393994e-03 2.81617433e-03 1.50109470e-03
   7.01502100e-04 4.38882185e-04 2.49955447e-04 1.32756318e-04
   9.25616944e-05 5.24558319e-05 2.11394795e-05 8.74397308e-06
   5.98628857e-06 3.15008048e-06 2.29300699e-06 1.12306542e-06
   3.69814770e-07 1.29714522e-07 5.98567871e-08 2.40644895e-08
   6.88200047e-09 2.98001441e-09 3.63128486e-09 1.03790938e-09
   5.97262487e-10 1.67936599e-10 3.93782170e-11 9.29618246e-12
   1.09286156e-11 3.61240075e-12 1.59787540e-12 2.91406444e-12
   1.05662757e-12]
  [5.28004665e-02 3.54992935e-02 2.46874068e-02 1.84174349e-02
   1.98253575e-02 2.26539471e-02 2.57265410e-02 2.43086061e-02
   2.45619589e-02 2.40151674e-02 2.24137748e-02 2.03624278e-02
   1.83038238e-02 1.68795642e-02 1.66889655e-02 1.66463956e-02
   1.66837379e-02 1.78138583e-02 1.90419058e-02 1.89409869e-02
   1.81433243e-02 1.81461655e-02 1.76455953e-02 1.79416012e-02
   1.72838438e-02 1.71475264e-02 1.55178536e-02 1.47615218e-02
   1.48605794e-02 1.47296038e-02 1.46986008e-02 1.46168090e-02
   1.47097720e-02]
  [3.38621729e-03 3.70562414e-03 2.83469328e-03 1.51030789e-03
   7.05517650e-04 4.33016012e-04 2.56666389e-04 1.38430606e-04
   9.66051134e-05 5.46860892e-05 2.23289702e-05 9.36605987e-06
   6.41751396e-06 3.41230367e-06 2.56285535e-06 1.29124950e-06
   4.26584457e-07 1.51332145e-07 7.01760439e-08 2.83733454e-08
   8.14096270e-09 3.36888950e-09 4.08308335e-09 1.19576395e-09
   7.05093362e-10 1.95471506e-10 4.64432693e-11 1.11563913e-11
   1.36207896e-11 4.62332358e-12 1.99314533e-12 3.59286505e-12
   1.21237383e-12]]

 [[1.17002915e-04 1.01587801e-05 8.92782403e-08 1.36901939e-09
   6.59466379e-10 1.03938584e-12 9.02674542e-15 1.58872875e-17
   1.75629510e-20 7.72769845e-20 0.00000000e+00 0.00000000e+00
   0.00000000e+00 0.00000000e+00 0.00000000e+00 0.00000000e+00
   0.00000000e+00 0.00000000e+00 0.00000000e+00 0.00000000e+00
   0.00000000e+00 0.00000000e+00 0.00000000e+00 0.00000000e+00
   0.00000000e+00 0.00000000e+00 0.00000000e+00 0.00000000e+00
   0.00000000e+00 0.00000000e+00 0.00000000e+00 0.00000000e+00
   0.00000000e+00]
  [1.90066158e-02 1.10242206e-02 1.06707070e-02 1.08299387e-02
   1.15895552e-02 1.14030005e-02 1.06977435e-02 9.55153689e-03
   9.12660556e-03 8.92215109e-03 8.95265987e-03 8.40432024e-03
   8.09942871e-03 7.97551447e-03 7.39995049e-03 7.02414905e-03
   6.49156634e-03 6.22662288e-03 5.95955483e-03 5.62269200e-03
   5.39219971e-03 5.06305595e-03 4.83709165e-03 4.64730933e-03
   4.36602165e-03 4.08092897e-03 4.06184863e-03 3.88328750e-03
   3.71310546e-03 3.50291174e-03 3.25847794e-03 3.13315236e-03
   3.00744051e-03]
  [3.90030909e-03 2.91827923e-03 2.07133139e-03 1.37146617e-03
   9.26864662e-04 5.56888076e-04 4.50777787e-04 2.73126098e-04
   2.13854081e-04 1.78941371e-04 1.25183060e-04 8.21842308e-05
   5.40241688e-05 3.82829641e-05 2.20699658e-05 8.43282946e-06
   8.38482427e-06 2.66275466e-06 2.70957063e-06 1.45676151e-06
   2.01145293e-06 1.64074498e-06 7.11733020e-07 7.93495821e-07
   1.12032255e-06 3.09602502e-07 1.76557777e-07 1.59230857e-07
   8.93653870e-08 9.19873169e-08 4.68425266e-08 1.63243084e-08
   2.07498021e-08]
  [1.88846509e-02 1.16187482e-02 1.25732001e-02 1.36366365e-02
   1.28136415e-02 1.31755372e-02 1.29402911e-02 1.27643039e-02
   1.26329960e-02 1.32409344e-02 1.31562132e-02 1.29020267e-02
   1.29520569e-02 1.26462907e-02 1.30202102e-02 1.32871757e-02
   1.31958769e-02 1.28747967e-02 1.25838823e-02 1.25574262e-02
   1.24793189e-02 1.24668573e-02 1.22071753e-02 1.20988506e-02
   1.20400428e-02 1.24464273e-02 1.23207972e-02 1.22356489e-02
   1.17938995e-02 1.16655210e-02 1.18646776e-02 1.16952532e-02
   1.20990653e-02]
  [1.42455156e-03 6.06155786e-04 3.51941740e-04 1.65412345e-04
   9.82220962e-05 3.23190184e-05 1.72871822e-05 1.30456128e-05
   1.94937144e-06 1.46009988e-06 4.79174715e-07 6.51074333e-07
   1.10557496e-06 9.17039129e-08 4.29752764e-09 1.77943493e-10
   4.85295587e-11 8.52974521e-12 1.12532836e-12 3.68413946e-12
   2.58889494e-12 1.77747274e-12 2.00809630e-13 5.84248108e-13
   5.04925475e-14 9.63005889e-16 1.97318984e-15 1.48236932e-16
   2.39871693e-17 5.70993347e-18 5.38235069e-19 1.12515571e-19
   1.05536288e-19]
  [1.91722752e-02 1.04768714e-02 1.27144796e-02 1.42880958e-02
   1.28293849e-02 1.29927369e-02 1.34834709e-02 1.29493998e-02
   1.30323812e-02 1.27691443e-02 1.31816272e-02 1.35827097e-02
   1.34690665e-02 1.31078297e-02 1.34423025e-02 1.36988330e-02
   1.28533760e-02 1.30612448e-02 1.31356126e-02 1.33062707e-02
   1.36271270e-02 1.29450799e-02 1.31730011e-02 1.27282057e-02
   1.27504177e-02 1.30154893e-02 1.29336408e-02 1.24649031e-02
   1.29886453e-02 1.27522039e-02 1.24618439e-02 1.20900653e-02
   1.19269625e-02]]] 
