Testing model resnet_1696929580_SPH_9_BH_n4_M8_BH_n2_M10_BH_n4_M10_BH_n6_M10_BH_n4_M12_CUT_res50. 
Number of events in data: 
15000 
Classes in data: 
6 
Number of events detected: 
[ 2  3  4  5  6  7  8  9 10 11 12 13 14 15 16 17 18 19 20 21 22 23 24 25
 26 27 28 29 30 31 32 33 34] 
Number of samples for each n number of events: 1000 
p_values: 
[[[8.77647514e-01 8.53525836e-01 8.41280367e-01 8.34088168e-01
   8.35906553e-01 8.31609600e-01 8.29512684e-01 8.21371869e-01
   8.18382895e-01 8.19240329e-01 8.13186326e-01 8.05714966e-01
   7.99965145e-01 7.87891643e-01 7.80465904e-01 7.74932242e-01
   7.75409284e-01 7.70251575e-01 7.65189620e-01 7.59814448e-01
   7.53391715e-01 7.43283573e-01 7.36009804e-01 7.31873677e-01
   7.30562685e-01 7.28861803e-01 7.16937749e-01 7.16620958e-01
   7.13592475e-01 7.08310578e-01 7.08106071e-01 7.06312457e-01
   7.04132315e-01]
  [9.56918011e-02 3.02579208e-02 1.12635973e-02 3.40675088e-03
   9.94879287e-04 4.86663504e-04 1.89412928e-04 2.74251359e-04
   5.69136545e-05 8.99867963e-06 1.11101407e-06 1.13413108e-07
   1.00917704e-08 8.05832003e-10 1.15354285e-09 2.45498247e-10
   2.98816965e-11 2.11894691e-12 1.40739309e-13 8.84126106e-15
   6.56696919e-16 3.75255382e-17 2.88657986e-18 3.99680289e-18
   1.11022302e-18 0.00000000e+00 2.22044605e-19 0.00000000e+00
   0.00000000e+00 0.00000000e+00 0.00000000e+00 0.00000000e+00
   0.00000000e+00]
  [7.90557108e-02 2.51075739e-02 9.59538590e-03 2.67512467e-03
   8.36294921e-04 2.45236558e-04 7.60620248e-05 1.70489923e-05
   3.06670248e-06 5.00169576e-07 7.18646014e-08 9.59994820e-09
   9.19425366e-10 9.43274336e-11 2.09387685e-10 2.47113502e-11
   2.34459940e-12 1.78127846e-13 1.29809496e-14 8.73634498e-16
   8.54871729e-17 4.88498131e-18 2.22044605e-19 4.44089210e-19
   0.00000000e+00 0.00000000e+00 0.00000000e+00 0.00000000e+00
   0.00000000e+00 0.00000000e+00 0.00000000e+00 0.00000000e+00
   0.00000000e+00]
  [2.82309003e-02 3.19435253e-03 1.11619009e-03 1.67582120e-04
   1.93262551e-05 3.63068157e-06 5.73149459e-07 2.46988794e-07
   8.51455330e-09 1.85833255e-10 2.83348323e-12 3.26896288e-14
   3.00093284e-16 2.22044605e-18 2.32036612e-17 2.22044605e-19
   0.00000000e+00 0.00000000e+00 0.00000000e+00 0.00000000e+00
   0.00000000e+00 0.00000000e+00 0.00000000e+00 0.00000000e+00
   0.00000000e+00 0.00000000e+00 0.00000000e+00 0.00000000e+00
   0.00000000e+00 0.00000000e+00 0.00000000e+00 0.00000000e+00
   0.00000000e+00]
  [1.34197397e-02 1.33589111e-03 2.35194144e-04 3.43246409e-05
   9.25532649e-07 3.03173294e-07 9.96667162e-09 9.31978346e-09
   6.14292043e-11 2.22678098e-13 5.12923037e-16 8.88178420e-19
   0.00000000e+00 0.00000000e+00 0.00000000e+00 0.00000000e+00
   0.00000000e+00 0.00000000e+00 0.00000000e+00 0.00000000e+00
   0.00000000e+00 0.00000000e+00 0.00000000e+00 0.00000000e+00
   0.00000000e+00 0.00000000e+00 0.00000000e+00 0.00000000e+00
   0.00000000e+00 0.00000000e+00 0.00000000e+00 0.00000000e+00
   0.00000000e+00]
  [8.18131548e-04 2.12990441e-05 4.58242553e-07 1.25934024e-10
   2.85482749e-15 0.00000000e+00 0.00000000e+00 0.00000000e+00
   0.00000000e+00 0.00000000e+00 0.00000000e+00 0.00000000e+00
   0.00000000e+00 0.00000000e+00 0.00000000e+00 0.00000000e+00
   0.00000000e+00 0.00000000e+00 0.00000000e+00 0.00000000e+00
   0.00000000e+00 0.00000000e+00 0.00000000e+00 0.00000000e+00
   0.00000000e+00 0.00000000e+00 0.00000000e+00 0.00000000e+00
   0.00000000e+00 0.00000000e+00 0.00000000e+00 0.00000000e+00
   0.00000000e+00]]

 [[4.32950591e-02 1.52251871e-02 5.16777636e-03 1.36825175e-03
   2.41536474e-04 7.18076511e-06 4.45680615e-06 1.08529822e-05
   6.68552988e-10 9.15439992e-10 2.68516864e-12 4.73832085e-15
   2.85845791e-14 4.68514116e-17 2.33257857e-16 1.55431223e-18
   2.22044605e-19 0.00000000e+00 0.00000000e+00 0.00000000e+00
   0.00000000e+00 0.00000000e+00 0.00000000e+00 0.00000000e+00
   0.00000000e+00 0.00000000e+00 0.00000000e+00 0.00000000e+00
   0.00000000e+00 0.00000000e+00 0.00000000e+00 0.00000000e+00
   0.00000000e+00]
  [6.46129960e-01 6.34651392e-01 6.32799078e-01 6.15704952e-01
   6.05687716e-01 5.89026398e-01 5.86379979e-01 5.77337808e-01
   5.69982042e-01 5.62193419e-01 5.52331769e-01 5.50640583e-01
   5.40469192e-01 5.38409378e-01 5.37280065e-01 5.33704147e-01
   5.34195786e-01 5.32792795e-01 5.29141653e-01 5.26241799e-01
   5.25018096e-01 5.25215948e-01 5.19452983e-01 5.17903563e-01
   5.18232933e-01 5.14421337e-01 5.13896661e-01 5.14441655e-01
   5.13871361e-01 5.14268417e-01 5.17346032e-01 5.17649314e-01
   5.18937427e-01]
  [2.86741291e-01 2.08796074e-01 1.53945188e-01 1.07661246e-01
   7.94730277e-02 5.96694115e-02 4.32393746e-02 3.50492086e-02
   2.63593040e-02 1.92169962e-02 1.47162499e-02 1.16332580e-02
   9.69115732e-03 7.37125799e-03 4.88849878e-03 3.69200041e-03
   2.44812957e-03 1.59579228e-03 9.88560907e-04 6.27204397e-04
   4.58622815e-04 3.25873365e-04 1.99439089e-04 2.03419130e-04
   1.52149878e-04 1.39503777e-04 6.27497571e-05 3.81382861e-05
   4.15033255e-05 2.51542786e-05 1.66654762e-05 7.47108506e-06
   5.56321473e-06]
  [2.96919211e-01 2.24395910e-01 1.64148658e-01 1.16819018e-01
   8.53206607e-02 6.38684311e-02 4.59196173e-02 3.43538401e-02
   2.57067154e-02 1.86437568e-02 1.38434591e-02 1.07104095e-02
   8.07352710e-03 6.24043536e-03 4.09562571e-03 3.11580661e-03
   2.24670959e-03 1.46419875e-03 8.73435752e-04 7.15756444e-04
   4.53129712e-04 3.90078611e-04 3.64741546e-04 3.98671918e-04
   3.37621895e-04 2.38455986e-04 1.10087797e-04 6.15227936e-05
   5.71150679e-05 3.22491549e-05 1.41732851e-05 9.76054018e-06
   9.19166816e-06]
  [3.05889744e-01 2.29176303e-01 1.66674831e-01 1.22090963e-01
   8.92839082e-02 6.66230393e-02 4.81882285e-02 3.50036034e-02
   2.64485809e-02 1.90936062e-02 1.39971260e-02 1.05397066e-02
   7.37510149e-03 5.60798897e-03 3.68297940e-03 2.72745172e-03
   2.17674980e-03 1.47045183e-03 8.98078699e-04 7.57388695e-04
   4.77817022e-04 4.22659942e-04 4.44327407e-04 4.71903676e-04
   4.19959846e-04 3.07753615e-04 1.62060399e-04 1.09241394e-04
   9.16082788e-05 6.17131028e-05 2.77409897e-05 1.80166267e-05
   1.64253805e-05]
  [4.20218906e-03 1.14620467e-03 5.27931371e-04 2.25293268e-04
   4.62829057e-05 1.68119205e-05 4.48016293e-07 3.81449338e-07
   7.09835438e-09 8.46455050e-10 2.32348154e-10 1.01317160e-10
   1.15714682e-10 1.02390540e-11 7.84637344e-12 1.00000008e-13
   3.51274565e-16 4.44089210e-19 0.00000000e+00 0.00000000e+00
   0.00000000e+00 0.00000000e+00 0.00000000e+00 0.00000000e+00
   0.00000000e+00 0.00000000e+00 0.00000000e+00 0.00000000e+00
   0.00000000e+00 0.00000000e+00 0.00000000e+00 0.00000000e+00
   0.00000000e+00]]

 [[2.42435663e-02 7.62981189e-03 1.35903104e-03 1.78596568e-04
   7.12795547e-06 3.11982699e-07 9.69315170e-08 1.09532605e-13
   1.14286358e-15 2.22044605e-18 0.00000000e+00 0.00000000e+00
   0.00000000e+00 0.00000000e+00 0.00000000e+00 0.00000000e+00
   0.00000000e+00 0.00000000e+00 0.00000000e+00 0.00000000e+00
   0.00000000e+00 0.00000000e+00 0.00000000e+00 0.00000000e+00
   0.00000000e+00 0.00000000e+00 0.00000000e+00 0.00000000e+00
   0.00000000e+00 0.00000000e+00 0.00000000e+00 0.00000000e+00
   0.00000000e+00]
  [1.66664348e-01 1.24361314e-01 8.80742135e-02 5.87027201e-02
   4.36808794e-02 2.60701741e-02 1.69989580e-02 1.26088017e-02
   8.96243215e-03 6.13182866e-03 4.60998542e-03 4.30271790e-03
   3.33424585e-03 2.91380745e-03 2.10330316e-03 1.54148715e-03
   9.08274076e-04 7.82544260e-04 3.74730499e-04 1.86087056e-04
   1.71907395e-04 8.39870293e-05 7.54757969e-05 2.74977818e-05
   1.34362008e-05 5.56878646e-06 1.97696793e-06 2.12146320e-06
   1.68049757e-06 1.13334702e-06 6.83353868e-07 6.56773557e-07
   7.24423365e-07]
  [5.44003490e-01 5.22519939e-01 5.07715619e-01 5.06320381e-01
   5.05697895e-01 5.09872678e-01 5.06830707e-01 5.03049907e-01
   5.00780314e-01 5.03663398e-01 5.02686534e-01 5.01652800e-01
   4.99545297e-01 4.96945991e-01 4.97348121e-01 4.97180043e-01
   4.92368106e-01 4.94018179e-01 5.00091365e-01 5.01659211e-01
   5.04913831e-01 5.05334172e-01 5.07952308e-01 5.08047569e-01
   5.09737762e-01 5.07928737e-01 5.03479904e-01 5.03124005e-01
   4.99266414e-01 5.02043688e-01 5.04899685e-01 5.10051523e-01
   5.14088359e-01]
  [5.01679716e-01 4.78344557e-01 4.69295531e-01 4.61999750e-01
   4.54818621e-01 4.42563346e-01 4.28594287e-01 4.20306521e-01
   4.09076749e-01 4.06996943e-01 3.91436153e-01 3.85405318e-01
   3.72379593e-01 3.64351037e-01 3.54425153e-01 3.49401829e-01
   3.42057703e-01 3.34430792e-01 3.30640118e-01 3.21912768e-01
   3.14111259e-01 3.05164883e-01 3.00411102e-01 2.95287843e-01
   2.94570236e-01 2.87856831e-01 2.78574766e-01 2.69451908e-01
   2.65049905e-01 2.59894103e-01 2.56163416e-01 2.52331186e-01
   2.48084030e-01]
  [4.61584683e-01 4.26128963e-01 4.13860559e-01 4.00283472e-01
   3.89105480e-01 3.68961217e-01 3.48147339e-01 3.32382918e-01
   3.15815096e-01 3.08431521e-01 2.89322082e-01 2.79414144e-01
   2.61114905e-01 2.50699041e-01 2.37470164e-01 2.29220307e-01
   2.20626916e-01 2.10607879e-01 2.02618358e-01 1.93379206e-01
   1.84725578e-01 1.73704439e-01 1.67897469e-01 1.61724797e-01
   1.57642002e-01 1.50998200e-01 1.42351529e-01 1.34400176e-01
   1.29144740e-01 1.23633809e-01 1.18864577e-01 1.13944402e-01
   1.09311308e-01]
  [1.00884204e-01 5.48892895e-02 3.11386382e-02 2.14468809e-02
   1.46721456e-02 8.94774603e-03 5.18384558e-03 3.01372441e-03
   2.06123365e-03 1.15080870e-03 5.00039707e-04 3.00416581e-04
   1.72067141e-04 8.82108417e-05 5.05788976e-05 2.37244266e-05
   1.19342319e-05 8.59321045e-06 5.96523762e-06 2.58860204e-06
   1.26541278e-06 5.43416759e-07 2.78996588e-07 1.79716823e-07
   1.42918777e-07 9.43781912e-08 6.50163775e-08 2.19253057e-08
   7.68014232e-09 2.32638408e-09 1.49031463e-09 9.35481398e-10
   3.99104149e-10]]

 [[1.03763898e-02 1.48536661e-03 1.92579516e-04 2.24250399e-06
   9.24602908e-09 2.60002760e-11 2.62784239e-13 1.03361764e-16
   0.00000000e+00 0.00000000e+00 0.00000000e+00 0.00000000e+00
   0.00000000e+00 0.00000000e+00 0.00000000e+00 0.00000000e+00
   0.00000000e+00 0.00000000e+00 0.00000000e+00 0.00000000e+00
   0.00000000e+00 0.00000000e+00 0.00000000e+00 0.00000000e+00
   0.00000000e+00 0.00000000e+00 0.00000000e+00 0.00000000e+00
   0.00000000e+00 0.00000000e+00 0.00000000e+00 0.00000000e+00
   0.00000000e+00]
  [1.69258632e-01 1.29391501e-01 9.44685692e-02 6.99681897e-02
   5.36764016e-02 3.58503351e-02 2.65532263e-02 1.78881262e-02
   1.16224374e-02 6.79993308e-03 4.29982326e-03 2.83816150e-03
   1.94392897e-03 1.79035016e-03 1.33612602e-03 1.05564297e-03
   7.24151535e-04 3.73363343e-04 2.92673455e-04 2.72198962e-04
   1.48893024e-04 5.68008062e-05 6.52377116e-05 3.31533864e-05
   3.40540965e-05 2.22438821e-05 1.57923061e-05 8.34682237e-06
   5.36055535e-06 1.76479199e-06 2.02521784e-06 1.26111790e-06
   1.53060162e-06]
  [4.80322324e-01 4.59976512e-01 4.40099776e-01 4.27833001e-01
   4.25825169e-01 4.26490478e-01 4.20507180e-01 4.09760369e-01
   3.99884678e-01 3.86993593e-01 3.83387212e-01 3.69785422e-01
   3.62997564e-01 3.51572917e-01 3.38333529e-01 3.35750964e-01
   3.25890712e-01 3.22600349e-01 3.14609267e-01 3.10276771e-01
   3.04292511e-01 3.02009510e-01 2.95055248e-01 2.90735406e-01
   2.86191215e-01 2.76181478e-01 2.73619594e-01 2.71099000e-01
   2.60803244e-01 2.56422607e-01 2.50257284e-01 2.47752378e-01
   2.42912909e-01]
  [5.18294529e-01 5.04066071e-01 4.98854803e-01 4.97006385e-01
   5.01337141e-01 5.05042519e-01 5.08971346e-01 5.02504821e-01
   4.98271503e-01 4.93933049e-01 4.98344251e-01 4.94549005e-01
   4.96067387e-01 4.91095921e-01 4.92694373e-01 4.97205342e-01
   4.97741767e-01 5.00831073e-01 4.95485636e-01 4.96500779e-01
   4.94996762e-01 4.93560523e-01 4.96868618e-01 4.98703016e-01
   4.99214316e-01 4.93367169e-01 4.97208004e-01 4.96528397e-01
   4.99026884e-01 4.96485587e-01 4.96559415e-01 4.98866430e-01
   4.98264642e-01]
  [5.10232763e-01 4.87463886e-01 4.80919769e-01 4.78636390e-01
   4.80117523e-01 4.78977454e-01 4.81997187e-01 4.72467800e-01
   4.67144863e-01 4.63103760e-01 4.66995891e-01 4.62157572e-01
   4.62568341e-01 4.55942302e-01 4.58122837e-01 4.62023388e-01
   4.60832599e-01 4.63750211e-01 4.55445299e-01 4.53861968e-01
   4.51907994e-01 4.46385426e-01 4.47513641e-01 4.46345634e-01
   4.47006302e-01 4.39939699e-01 4.42800473e-01 4.39175037e-01
   4.40795943e-01 4.37513608e-01 4.35843603e-01 4.36753179e-01
   4.36733123e-01]
  [9.80935326e-02 5.94706150e-02 3.46105250e-02 2.15715568e-02
   1.48662421e-02 9.00984223e-03 5.26833593e-03 3.34422904e-03
   2.34785300e-03 1.34577406e-03 8.17850278e-04 5.52345318e-04
   3.41462667e-04 1.91860373e-04 1.08928792e-04 5.68728998e-05
   3.35282472e-05 1.80735725e-05 1.25899457e-05 8.64739855e-06
   3.95107270e-06 1.95221269e-06 9.83894163e-07 7.56182615e-07
   4.22102903e-07 2.06903030e-07 1.93786880e-07 1.20497282e-07
   5.95289562e-08 3.39776892e-08 1.42528201e-08 1.55297041e-08
   8.32158852e-09]]

 [[5.24567686e-03 2.65638755e-03 1.75387757e-04 3.35968195e-06
   6.98507421e-06 1.14570962e-08 5.75086964e-10 1.09457110e-13
   1.55431223e-18 0.00000000e+00 0.00000000e+00 0.00000000e+00
   0.00000000e+00 0.00000000e+00 0.00000000e+00 0.00000000e+00
   0.00000000e+00 0.00000000e+00 0.00000000e+00 0.00000000e+00
   0.00000000e+00 0.00000000e+00 0.00000000e+00 0.00000000e+00
   0.00000000e+00 0.00000000e+00 0.00000000e+00 0.00000000e+00
   0.00000000e+00 0.00000000e+00 0.00000000e+00 0.00000000e+00
   0.00000000e+00]
  [1.47451001e-01 1.25792282e-01 1.02076060e-01 7.42604002e-02
   5.32905494e-02 3.57074352e-02 2.45134305e-02 1.90780990e-02
   1.12203494e-02 7.47949659e-03 4.82469776e-03 3.24934746e-03
   1.90657385e-03 1.35102208e-03 1.01316753e-03 6.82336232e-04
   3.40207404e-04 2.77829533e-04 1.76128654e-04 8.15788781e-05
   7.67039437e-05 3.14784901e-05 3.21941089e-05 2.53303063e-05
   2.11940210e-05 1.05665914e-05 8.80432947e-06 4.19586065e-06
   1.19670053e-06 5.42374397e-07 1.52173590e-07 1.17573361e-07
   1.10123807e-07]
  [4.56849921e-01 4.27629807e-01 4.01718854e-01 3.84839071e-01
   3.68590367e-01 3.55356162e-01 3.39604687e-01 3.22266192e-01
   3.14235385e-01 3.11081750e-01 2.98015640e-01 2.82785616e-01
   2.71760898e-01 2.59601165e-01 2.47844894e-01 2.40561878e-01
   2.26876976e-01 2.18251308e-01 2.11733543e-01 2.03882999e-01
   1.98784662e-01 1.90626912e-01 1.80903197e-01 1.73983004e-01
   1.68142967e-01 1.64897748e-01 1.59868741e-01 1.53208318e-01
   1.47440348e-01 1.39202272e-01 1.32821380e-01 1.28017316e-01
   1.21628173e-01]
  [5.35029985e-01 5.09534364e-01 5.01548057e-01 4.99328345e-01
   4.94529248e-01 4.96454197e-01 4.93612181e-01 4.84937360e-01
   4.85428192e-01 4.93310214e-01 4.89768750e-01 4.86152024e-01
   4.82730420e-01 4.80005676e-01 4.77726979e-01 4.75447693e-01
   4.71936723e-01 4.72483367e-01 4.70785188e-01 4.71233477e-01
   4.72420916e-01 4.72747558e-01 4.70130092e-01 4.69704835e-01
   4.70552170e-01 4.71615203e-01 4.67528779e-01 4.63589408e-01
   4.58808079e-01 4.56926209e-01 4.58028474e-01 4.53515579e-01
   4.50215578e-01]
  [5.43318267e-01 5.13841393e-01 5.08153573e-01 5.06186346e-01
   5.02797772e-01 5.06841518e-01 5.07441768e-01 5.00692320e-01
   5.00472826e-01 5.09365063e-01 5.06616955e-01 5.05368180e-01
   5.03586275e-01 5.03298609e-01 5.03000463e-01 5.01417653e-01
   4.99792497e-01 5.01533291e-01 5.01912331e-01 5.05387849e-01
   5.06422221e-01 5.07656521e-01 5.06958889e-01 5.08630219e-01
   5.09751067e-01 5.10524005e-01 5.08602253e-01 5.04015009e-01
   5.00598728e-01 5.00900532e-01 5.05312651e-01 5.03119671e-01
   5.03589552e-01]
  [1.18666926e-01 6.89772828e-02 4.26312346e-02 2.71895245e-02
   1.84019511e-02 1.12593774e-02 7.75765722e-03 4.97223732e-03
   3.22279843e-03 1.86423196e-03 1.03666724e-03 5.95704205e-04
   4.97287113e-04 2.49200615e-04 1.33677198e-04 1.02720981e-04
   8.48846600e-05 5.87467403e-05 2.97139465e-05 1.72234213e-05
   7.59722833e-06 3.65458850e-06 2.74228877e-06 2.18715756e-06
   1.97680413e-06 1.86673244e-06 9.40514455e-07 3.56426435e-07
   1.58758672e-07 1.70960383e-07 2.92121637e-07 2.05568819e-07
   1.14304284e-07]]

 [[2.82137029e-04 1.52704516e-14 0.00000000e+00 0.00000000e+00
   0.00000000e+00 0.00000000e+00 0.00000000e+00 0.00000000e+00
   0.00000000e+00 0.00000000e+00 0.00000000e+00 0.00000000e+00
   0.00000000e+00 0.00000000e+00 0.00000000e+00 0.00000000e+00
   0.00000000e+00 0.00000000e+00 0.00000000e+00 0.00000000e+00
   0.00000000e+00 0.00000000e+00 0.00000000e+00 0.00000000e+00
   0.00000000e+00 0.00000000e+00 0.00000000e+00 0.00000000e+00
   0.00000000e+00 0.00000000e+00 0.00000000e+00 0.00000000e+00
   0.00000000e+00]
  [1.31947500e-02 3.33218918e-03 1.54375952e-03 7.56733761e-04
   7.35342131e-05 2.77660423e-07 2.76020421e-10 4.99267294e-16
   2.50166554e-15 6.59361454e-16 1.23508981e-14 0.00000000e+00
   0.00000000e+00 0.00000000e+00 0.00000000e+00 0.00000000e+00
   0.00000000e+00 0.00000000e+00 0.00000000e+00 0.00000000e+00
   0.00000000e+00 0.00000000e+00 0.00000000e+00 0.00000000e+00
   0.00000000e+00 0.00000000e+00 0.00000000e+00 0.00000000e+00
   0.00000000e+00 0.00000000e+00 0.00000000e+00 0.00000000e+00
   0.00000000e+00]
  [9.66287757e-02 6.03205261e-02 4.01127287e-02 2.31576592e-02
   1.39719315e-02 6.31846941e-03 2.51234362e-03 1.43722282e-03
   9.98384646e-04 2.84477294e-04 4.16463195e-04 7.50529239e-05
   7.39478476e-05 4.22740474e-06 3.86979928e-06 1.99676581e-06
   1.97207047e-06 4.66447621e-08 4.78949881e-10 7.94286958e-10
   1.87286424e-11 2.29385886e-11 4.38651448e-13 2.08173145e-13
   3.02238568e-13 9.81448700e-13 5.42699219e-15 7.40518757e-17
   1.11022302e-19 3.33066907e-19 1.44328993e-18 0.00000000e+00
   0.00000000e+00]
  [1.11647354e-01 7.42987414e-02 4.91939651e-02 2.97240132e-02
   1.90130829e-02 9.53932019e-03 4.29780007e-03 2.45936040e-03
   1.22782495e-03 3.06865358e-04 4.38899650e-04 1.24498756e-04
   1.11615610e-04 1.27223432e-05 1.05985102e-05 9.21089040e-06
   1.33868698e-05 4.80578975e-07 7.91867776e-09 1.49557333e-08
   2.56216441e-10 6.28572663e-10 1.13712467e-11 6.44664266e-12
   1.44045512e-11 3.20060412e-11 2.91019098e-13 4.00512956e-15
   1.68753900e-17 4.47419879e-17 1.40554235e-16 5.55111512e-19
   0.00000000e+00]
  [1.15054077e-01 7.74609568e-02 5.01351009e-02 3.06151432e-02
   1.96288952e-02 1.02356560e-02 4.80614038e-03 2.79450238e-03
   1.24808895e-03 3.11696395e-04 4.09504943e-04 1.32906875e-04
   1.05876435e-04 1.76049544e-05 1.28354402e-05 1.23461949e-05
   1.98201202e-05 9.09021733e-07 1.99319843e-08 3.56400202e-08
   7.53521518e-10 1.97075735e-09 4.82687292e-11 2.27379066e-11
   5.55579561e-11 1.01842872e-10 1.25686284e-12 2.02825534e-14
   1.19015908e-16 3.60489416e-16 9.24482713e-16 5.32907052e-18
   1.11022302e-19]
  [6.23465207e-01 6.03377819e-01 5.77079691e-01 5.55081811e-01
   5.44668470e-01 5.36698109e-01 5.33675497e-01 5.27269162e-01
   5.24014998e-01 5.25542391e-01 5.20239609e-01 5.28632068e-01
   5.25621583e-01 5.24962213e-01 5.21602282e-01 5.19720610e-01
   5.18763486e-01 5.17836645e-01 5.15462893e-01 5.14816128e-01
   5.17256021e-01 5.22443559e-01 5.19282118e-01 5.18682894e-01
   5.19241329e-01 5.21040265e-01 5.25691238e-01 5.24391752e-01
   5.22939218e-01 5.23558911e-01 5.22904196e-01 5.22702888e-01
   5.16486749e-01]]] 
Error up: 
[[[1.21752013e-01 1.44868729e-01 1.55521863e-01 1.60490993e-01
   1.37681441e-01 1.42901835e-01 1.46146543e-01 1.55121678e-01
   1.57592410e-01 1.55255216e-01 1.58793868e-01 1.55244439e-01
   1.48631887e-01 1.59411453e-01 1.55535085e-01 1.62393057e-01
   1.59796318e-01 1.66472310e-01 1.72749167e-01 1.80072710e-01
   1.87090310e-01 1.97611855e-01 2.05979672e-01 2.10021974e-01
   2.06765512e-01 2.03270936e-01 2.13920496e-01 2.14973456e-01
   2.08624750e-01 2.16045099e-01 2.17571437e-01 2.19048521e-01
   2.23377100e-01]
  [5.69389828e-01 1.64912040e-01 1.17101219e-01 1.00696852e-01
   3.76508464e-02 3.55550677e-02 2.52300271e-02 4.84432583e-02
   2.28232341e-02 2.72784614e-03 2.62816096e-04 2.27939250e-05
   1.72317731e-06 1.12203722e-07 5.34973683e-07 6.60326338e-08
   7.09459059e-09 4.07146346e-10 2.32933628e-11 1.35102234e-12
   9.11433801e-14 7.72146578e-15 5.84638385e-16 3.99280609e-15
   2.81963864e-16 0.00000000e+00 1.10800258e-16 0.00000000e+00
   0.00000000e+00 0.00000000e+00 0.00000000e+00 0.00000000e+00
   0.00000000e+00]
  [4.16809903e-01 1.34144440e-01 8.65822438e-02 7.28264936e-02
   3.00699845e-02 9.34611634e-03 8.97429176e-03 1.70594155e-03
   3.61613303e-04 5.40824969e-05 8.32550310e-06 1.28587931e-06
   1.12166103e-07 7.79619585e-09 1.00367495e-07 6.93427785e-09
   5.40211214e-10 4.06158970e-11 2.43308019e-12 1.42718410e-13
   1.17513526e-14 1.38681893e-15 1.10800258e-16 4.43645121e-16
   0.00000000e+00 0.00000000e+00 0.00000000e+00 0.00000000e+00
   0.00000000e+00 0.00000000e+00 0.00000000e+00 0.00000000e+00
   0.00000000e+00]
  [1.95929761e-01 6.35981604e-02 5.04093699e-02 1.16656549e-02
   2.98199237e-03 8.03325130e-04 1.07104139e-04 9.79276647e-05
   3.43337088e-06 6.51188384e-08 8.88642882e-10 8.64484407e-12
   1.48913881e-13 1.10800258e-15 2.31804576e-14 2.21822560e-16
   0.00000000e+00 0.00000000e+00 0.00000000e+00 0.00000000e+00
   0.00000000e+00 0.00000000e+00 0.00000000e+00 0.00000000e+00
   0.00000000e+00 0.00000000e+00 0.00000000e+00 0.00000000e+00
   0.00000000e+00 0.00000000e+00 0.00000000e+00 0.00000000e+00
   0.00000000e+00]
  [1.05723582e-01 2.09512593e-01 1.77438836e-02 1.17724425e-02
   1.43674216e-04 1.05035366e-04 3.60606018e-06 3.78987629e-06
   3.06356386e-08 1.11077846e-10 2.55948596e-13 4.43201031e-16
   0.00000000e+00 0.00000000e+00 0.00000000e+00 0.00000000e+00
   0.00000000e+00 0.00000000e+00 0.00000000e+00 0.00000000e+00
   0.00000000e+00 0.00000000e+00 0.00000000e+00 0.00000000e+00
   0.00000000e+00 0.00000000e+00 0.00000000e+00 0.00000000e+00
   0.00000000e+00 0.00000000e+00 0.00000000e+00 0.00000000e+00
   0.00000000e+00]
  [3.94818482e-01 8.72656706e-03 4.57313651e-04 1.25650083e-07
   9.50082348e-13 0.00000000e+00 0.00000000e+00 0.00000000e+00
   0.00000000e+00 0.00000000e+00 0.00000000e+00 0.00000000e+00
   0.00000000e+00 0.00000000e+00 0.00000000e+00 0.00000000e+00
   0.00000000e+00 0.00000000e+00 0.00000000e+00 0.00000000e+00
   0.00000000e+00 0.00000000e+00 0.00000000e+00 0.00000000e+00
   0.00000000e+00 0.00000000e+00 0.00000000e+00 0.00000000e+00
   0.00000000e+00 0.00000000e+00 0.00000000e+00 0.00000000e+00
   0.00000000e+00]]

 [[3.25605212e-01 3.85057467e-01 2.17080390e-01 1.95871299e-01
   6.67264393e-02 6.96668842e-04 2.72676736e-03 7.63535539e-03
   6.37568733e-08 3.68297715e-07 5.32516029e-10 6.72270199e-13
   1.97649893e-11 1.77587606e-14 2.32913577e-13 8.93741230e-16
   2.21822560e-16 0.00000000e+00 0.00000000e+00 0.00000000e+00
   0.00000000e+00 0.00000000e+00 0.00000000e+00 0.00000000e+00
   0.00000000e+00 0.00000000e+00 0.00000000e+00 0.00000000e+00
   0.00000000e+00 0.00000000e+00 0.00000000e+00 0.00000000e+00
   0.00000000e+00]
  [2.69769250e-01 2.40123306e-01 2.01898710e-01 1.95152239e-01
   2.03559033e-01 2.20512694e-01 2.29296004e-01 2.54156426e-01
   2.57886771e-01 2.65174620e-01 2.63441106e-01 2.66025313e-01
   2.72467554e-01 2.76605974e-01 2.78162820e-01 2.82964096e-01
   2.82168768e-01 2.81493136e-01 2.83163683e-01 2.80326628e-01
   2.83524133e-01 2.88473284e-01 2.93195163e-01 2.90293994e-01
   2.86448898e-01 2.85689818e-01 2.82424677e-01 2.80164293e-01
   2.80515117e-01 2.78617232e-01 2.74337430e-01 2.74220119e-01
   2.73475767e-01]
  [2.66206386e-01 3.62535855e-01 3.17581235e-01 3.83812407e-01
   3.13390845e-01 3.18169046e-01 2.24056110e-01 2.79941887e-01
   2.19981724e-01 2.01809487e-01 1.88323209e-01 1.67819836e-01
   2.05780688e-01 1.78864477e-01 1.66667395e-01 1.44303844e-01
   9.99936077e-02 6.56331853e-02 3.90697837e-02 2.38382300e-02
   2.98949865e-02 1.84745211e-02 1.01012550e-02 1.24872924e-02
   9.99702796e-03 1.55247605e-02 6.92822979e-03 4.52518852e-03
   6.82837082e-03 4.00769412e-03 2.43844438e-03 1.06432525e-03
   6.02764750e-04]
  [3.99329529e-01 2.70497368e-01 3.14643053e-01 3.28876957e-01
   2.94346030e-01 2.24546888e-01 2.49180008e-01 1.91201126e-01
   1.79848334e-01 1.58074515e-01 1.40503661e-01 1.27504965e-01
   1.13201028e-01 1.09601458e-01 9.28216760e-02 7.97092134e-02
   6.52934494e-02 4.43106264e-02 2.44161832e-02 2.11214975e-02
   1.35917825e-02 1.25080492e-02 1.65394189e-02 2.95082810e-02
   3.33769817e-02 2.17361352e-02 9.36609091e-03 4.89027548e-03
   5.37675333e-03 2.84049309e-03 1.04914497e-03 7.83675705e-04
   9.78542732e-04]
  [4.29301195e-01 2.72775016e-01 3.06263187e-01 3.01631749e-01
   2.86917217e-01 2.31058340e-01 2.28865906e-01 1.84308636e-01
   1.63382601e-01 1.52107561e-01 1.22095531e-01 1.18919878e-01
   8.25290659e-02 6.69026310e-02 5.61924572e-02 4.80481570e-02
   4.49445229e-02 3.31186435e-02 1.88929761e-02 2.05138210e-02
   1.14844983e-02 1.24432028e-02 2.06513073e-02 3.26569263e-02
   3.99624220e-02 3.00511099e-02 1.60217788e-02 9.30773153e-03
   9.39855955e-03 6.26885533e-03 2.56292457e-03 1.36344079e-03
   1.90443436e-03]
  [1.56865854e-01 1.51184876e-02 1.36764560e-02 1.30968567e-02
   5.86900333e-03 2.83160209e-03 8.29641630e-05 8.09683505e-05
   1.64587719e-06 2.66940141e-07 8.93571933e-08 4.87923989e-08
   5.43496371e-08 3.59727245e-09 5.50992248e-09 5.74861928e-11
   3.50479201e-13 4.43645121e-16 0.00000000e+00 0.00000000e+00
   0.00000000e+00 0.00000000e+00 0.00000000e+00 0.00000000e+00
   0.00000000e+00 0.00000000e+00 0.00000000e+00 0.00000000e+00
   0.00000000e+00 0.00000000e+00 0.00000000e+00 0.00000000e+00
   0.00000000e+00]]

 [[5.34311743e-01 3.77240326e-01 1.61280875e-01 5.01523098e-02
   2.84505602e-03 2.12422838e-04 9.68340900e-05 7.72473282e-11
   4.02077768e-13 1.35338145e-15 0.00000000e+00 0.00000000e+00
   0.00000000e+00 0.00000000e+00 0.00000000e+00 0.00000000e+00
   0.00000000e+00 0.00000000e+00 0.00000000e+00 0.00000000e+00
   0.00000000e+00 0.00000000e+00 0.00000000e+00 0.00000000e+00
   0.00000000e+00 0.00000000e+00 0.00000000e+00 0.00000000e+00
   0.00000000e+00 0.00000000e+00 0.00000000e+00 0.00000000e+00
   0.00000000e+00]
  [3.40860022e-01 3.12801522e-01 3.17579513e-01 2.62049901e-01
   2.72125683e-01 1.93543282e-01 1.73721220e-01 1.49688382e-01
   1.54068176e-01 1.33598656e-01 1.46938834e-01 1.88358248e-01
   1.51207460e-01 1.47351409e-01 1.12853746e-01 8.91044419e-02
   5.54276241e-02 5.36010651e-02 2.32158309e-02 1.00515547e-02
   1.09115411e-02 5.71186780e-03 6.88678793e-03 2.51054410e-03
   1.02998684e-03 3.24947552e-04 7.80045776e-05 1.15462380e-04
   9.91439479e-05 7.86714222e-05 3.75126648e-05 6.62380610e-05
   8.78673936e-05]
  [1.81129666e-01 2.26405599e-01 2.93727431e-01 2.95500949e-01
   2.65545127e-01 2.57764007e-01 2.81204812e-01 2.77587640e-01
   2.69435315e-01 2.66499055e-01 2.73705064e-01 2.84133446e-01
   2.77337308e-01 2.79350207e-01 2.65576627e-01 2.70407288e-01
   2.77661119e-01 2.83659901e-01 2.75787659e-01 2.71720363e-01
   2.79360165e-01 2.80092448e-01 2.80429951e-01 2.81275230e-01
   2.80234798e-01 2.81987572e-01 2.78025566e-01 2.77240694e-01
   2.80721092e-01 2.81023068e-01 2.76936499e-01 2.69219306e-01
   2.66312083e-01]
  [2.82364529e-01 2.69058121e-01 2.74038451e-01 2.89383515e-01
   2.96224314e-01 2.96888422e-01 3.01095621e-01 2.88798561e-01
   2.95427406e-01 2.93982636e-01 3.06298757e-01 3.11408255e-01
   3.07034988e-01 3.14471324e-01 3.14874394e-01 3.29278417e-01
   3.30021086e-01 3.29123267e-01 3.34491123e-01 3.43768485e-01
   3.40783888e-01 3.39459214e-01 3.39321497e-01 3.46574112e-01
   3.41142187e-01 3.38361060e-01 3.40256398e-01 3.48477000e-01
   3.42005784e-01 3.40697520e-01 3.48999056e-01 3.50295110e-01
   3.47829402e-01]
  [3.26527463e-01 3.27333017e-01 3.16149344e-01 2.93017443e-01
   3.06533482e-01 3.18474767e-01 3.21831451e-01 3.28434131e-01
   3.27465971e-01 3.27894163e-01 3.28136864e-01 3.39292220e-01
   3.27104073e-01 3.41320584e-01 3.40412490e-01 3.39408972e-01
   3.35256592e-01 3.41830594e-01 3.36996978e-01 3.53532555e-01
   3.47026670e-01 3.42688886e-01 3.44650424e-01 3.49699896e-01
   3.28950469e-01 3.30003859e-01 3.26601282e-01 3.22301659e-01
   3.22166778e-01 3.17476587e-01 3.02820125e-01 2.96515614e-01
   3.00261979e-01]
  [2.62215712e-01 2.46234040e-01 1.90160242e-01 1.43847435e-01
   1.24244589e-01 8.05140484e-02 5.74555858e-02 3.42019344e-02
   2.96259652e-02 1.70495048e-02 8.83848302e-03 6.51867489e-03
   3.83970118e-03 1.72419768e-03 1.33012558e-03 5.13174347e-04
   2.57317241e-04 3.47334557e-04 3.01312065e-04 1.18808258e-04
   5.45864940e-05 2.23492811e-05 1.04794339e-05 8.65777684e-06
   1.30865371e-05 1.11999392e-05 7.69329529e-06 2.09787778e-06
   5.06820133e-07 1.32282125e-07 1.14154435e-07 8.77477032e-08
   3.68740377e-08]]

 [[4.15417357e-01 1.22930949e-01 4.75598589e-02 9.10084787e-04
   4.63991171e-06 2.59573911e-08 2.62512684e-10 1.03258402e-13
   0.00000000e+00 0.00000000e+00 0.00000000e+00 0.00000000e+00
   0.00000000e+00 0.00000000e+00 0.00000000e+00 0.00000000e+00
   0.00000000e+00 0.00000000e+00 0.00000000e+00 0.00000000e+00
   0.00000000e+00 0.00000000e+00 0.00000000e+00 0.00000000e+00
   0.00000000e+00 0.00000000e+00 0.00000000e+00 0.00000000e+00
   0.00000000e+00 0.00000000e+00 0.00000000e+00 0.00000000e+00
   0.00000000e+00]
  [3.44480990e-01 3.46224609e-01 3.11138373e-01 3.44451809e-01
   3.34287639e-01 2.70728784e-01 2.64607569e-01 2.19747477e-01
   1.84525789e-01 1.14956309e-01 9.63686488e-02 9.46769751e-02
   5.75072796e-02 7.06026501e-02 5.82465526e-02 6.41701581e-02
   5.21195759e-02 2.33403992e-02 1.97855772e-02 2.23606619e-02
   1.24677253e-02 3.52742040e-03 6.31613210e-03 2.70696319e-03
   4.60271630e-03 2.14147771e-03 1.78946716e-03 8.91509941e-04
   5.32322465e-04 1.63101243e-04 3.05025468e-04 1.77507633e-04
   2.68566728e-04]
  [2.48746770e-01 2.72806567e-01 3.25043018e-01 2.62415714e-01
   2.90733194e-01 2.92183947e-01 3.01711399e-01 3.07505461e-01
   3.13856297e-01 3.22025238e-01 3.29641971e-01 3.21632389e-01
   3.23701959e-01 3.29091570e-01 3.34644648e-01 3.32684355e-01
   3.25418462e-01 3.34008058e-01 3.37855207e-01 3.43221118e-01
   3.42418922e-01 3.43524833e-01 3.42835140e-01 3.42405367e-01
   3.37595991e-01 3.33164266e-01 3.33782985e-01 3.43944865e-01
   3.31394201e-01 3.28599083e-01 3.35667332e-01 3.35688686e-01
   3.35789092e-01]
  [2.44353106e-01 3.02522815e-01 2.49506482e-01 2.57138218e-01
   2.57653586e-01 2.53312915e-01 2.66091143e-01 2.55526593e-01
   2.61834106e-01 2.69625667e-01 2.75582100e-01 2.77841536e-01
   2.81693689e-01 2.74481433e-01 2.69107489e-01 2.68599023e-01
   2.64405548e-01 2.69976459e-01 2.71882410e-01 2.72302877e-01
   2.73051766e-01 2.72692356e-01 2.78120288e-01 2.69041364e-01
   2.73665185e-01 2.78426005e-01 2.80529865e-01 2.79912886e-01
   2.78335793e-01 2.81622700e-01 2.76676437e-01 2.80403868e-01
   2.82669666e-01]
  [2.68393408e-01 3.08444672e-01 2.75096526e-01 2.51637933e-01
   2.54721295e-01 2.63268097e-01 2.78597562e-01 2.84449863e-01
   2.83002321e-01 2.85037363e-01 2.97974687e-01 2.85073560e-01
   2.87505991e-01 2.84586290e-01 2.87109952e-01 2.90444506e-01
   2.90144724e-01 2.96492275e-01 2.99539914e-01 3.03020505e-01
   3.00721068e-01 2.99839607e-01 3.00218388e-01 3.06845257e-01
   3.09713640e-01 3.10278406e-01 3.07853670e-01 3.03096041e-01
   3.14860756e-01 3.09724395e-01 3.09346337e-01 3.17826524e-01
   3.13768655e-01]
  [2.50687831e-01 2.89742195e-01 1.90694426e-01 1.25111045e-01
   1.06276132e-01 6.38640008e-02 3.76727231e-02 3.07658136e-02
   2.67285110e-02 1.67627913e-02 1.18297058e-02 9.45859420e-03
   5.93051074e-03 2.85436288e-03 1.95469710e-03 1.02278742e-03
   6.71273826e-04 4.09698133e-04 2.84891843e-04 1.87757792e-04
   8.63834574e-05 3.96977008e-05 2.25772348e-05 2.49645164e-05
   1.40414045e-05 6.88763871e-06 1.44142565e-05 8.19703917e-06
   3.98161072e-06 2.14420913e-06 8.26624719e-07 1.51426581e-06
   9.50708178e-07]]

 [[3.09237221e-01 3.41013387e-01 2.26023647e-02 1.11350114e-03
   4.92771672e-03 8.08071480e-06 5.74509834e-07 1.09244291e-10
   1.55275792e-15 0.00000000e+00 0.00000000e+00 0.00000000e+00
   0.00000000e+00 0.00000000e+00 0.00000000e+00 0.00000000e+00
   0.00000000e+00 0.00000000e+00 0.00000000e+00 0.00000000e+00
   0.00000000e+00 0.00000000e+00 0.00000000e+00 0.00000000e+00
   0.00000000e+00 0.00000000e+00 0.00000000e+00 0.00000000e+00
   0.00000000e+00 0.00000000e+00 0.00000000e+00 0.00000000e+00
   0.00000000e+00]
  [3.30345415e-01 3.19254494e-01 3.13404726e-01 3.71133073e-01
   3.33626482e-01 2.83418924e-01 2.40251229e-01 2.14929503e-01
   1.52585782e-01 1.28780778e-01 9.37033679e-02 8.23504982e-02
   3.60988806e-02 2.69285851e-02 2.37054542e-02 1.87890961e-02
   7.53020207e-03 9.92989597e-03 7.14774496e-03 3.58082871e-03
   4.16911276e-03 1.36898420e-03 1.56824127e-03 1.21193745e-03
   1.55220427e-03 6.75383412e-04 7.10997834e-04 3.16633494e-04
   5.96102582e-05 2.51876570e-05 5.34923266e-06 6.22389979e-06
   5.79279290e-06]
  [2.50365031e-01 3.00478775e-01 3.65471498e-01 2.80429220e-01
   3.12305180e-01 3.21227604e-01 3.27683449e-01 3.25112039e-01
   3.30606754e-01 3.36725340e-01 3.39094752e-01 3.20365464e-01
   3.13650683e-01 3.23411737e-01 3.22007619e-01 3.27737359e-01
   3.26771134e-01 3.27701259e-01 3.34348865e-01 3.28771647e-01
   3.29472235e-01 3.22136697e-01 3.11937885e-01 3.09728584e-01
   3.04168469e-01 3.07199769e-01 3.10282279e-01 3.10094952e-01
   3.17386778e-01 3.07515773e-01 3.16739828e-01 3.17845530e-01
   3.03801936e-01]
  [2.26865719e-01 3.19600770e-01 2.62924230e-01 2.67285103e-01
   2.77703504e-01 2.62387871e-01 2.72838916e-01 2.76880291e-01
   2.77398861e-01 2.81032620e-01 2.78218505e-01 2.76629126e-01
   2.84466184e-01 2.77469710e-01 2.67833457e-01 2.74850213e-01
   2.79673127e-01 2.76289388e-01 2.80086383e-01 2.83176491e-01
   2.81454817e-01 2.82604721e-01 2.84800574e-01 2.86833482e-01
   2.83325118e-01 2.92966428e-01 2.91472648e-01 2.93303315e-01
   2.95699648e-01 2.90584519e-01 2.92727969e-01 2.98783484e-01
   3.04202466e-01]
  [2.40553421e-01 2.97693475e-01 2.74743286e-01 2.55126970e-01
   2.67712108e-01 2.60230931e-01 2.68126221e-01 2.75175854e-01
   2.75847597e-01 2.75452944e-01 2.73451605e-01 2.75488917e-01
   2.65764842e-01 2.64288134e-01 2.67956578e-01 2.62030556e-01
   2.72490603e-01 2.66680360e-01 2.63040926e-01 2.70735263e-01
   2.72136969e-01 2.75148868e-01 2.73616590e-01 2.68348118e-01
   2.64314363e-01 2.66785001e-01 2.59822727e-01 2.73218075e-01
   2.77614924e-01 2.76264400e-01 2.75956944e-01 2.78261296e-01
   2.80496872e-01]
  [2.41701576e-01 3.04739474e-01 2.08802474e-01 1.58418790e-01
   1.26789877e-01 7.82648164e-02 6.66920697e-02 5.31509279e-02
   4.13656725e-02 3.24255309e-02 1.35161776e-02 7.64742540e-03
   1.15211982e-02 5.48609841e-03 2.56160123e-03 2.64418217e-03
   3.21391397e-03 2.48451194e-03 1.26713302e-03 7.97081391e-04
   2.66054458e-04 1.30455498e-04 1.59310883e-04 1.38929449e-04
   1.43298733e-04 2.29040721e-04 1.31618131e-04 5.53671404e-05
   1.81044415e-05 1.99938534e-05 5.60654861e-05 4.21514509e-05
   1.83315157e-05]]

 [[8.79948179e-02 5.07488007e-12 0.00000000e+00 0.00000000e+00
   0.00000000e+00 0.00000000e+00 0.00000000e+00 0.00000000e+00
   0.00000000e+00 0.00000000e+00 0.00000000e+00 0.00000000e+00
   0.00000000e+00 0.00000000e+00 0.00000000e+00 0.00000000e+00
   0.00000000e+00 0.00000000e+00 0.00000000e+00 0.00000000e+00
   0.00000000e+00 0.00000000e+00 0.00000000e+00 0.00000000e+00
   0.00000000e+00 0.00000000e+00 0.00000000e+00 0.00000000e+00
   0.00000000e+00 0.00000000e+00 0.00000000e+00 0.00000000e+00
   0.00000000e+00]
  [2.18571983e-01 1.48321225e-01 2.25841229e-01 3.06809792e-01
   5.16545216e-02 6.12127355e-05 1.58471123e-07 5.26234027e-14
   4.83189429e-13 6.58702093e-13 1.23385472e-11 0.00000000e+00
   0.00000000e+00 0.00000000e+00 0.00000000e+00 0.00000000e+00
   0.00000000e+00 0.00000000e+00 0.00000000e+00 0.00000000e+00
   0.00000000e+00 0.00000000e+00 0.00000000e+00 0.00000000e+00
   0.00000000e+00 0.00000000e+00 0.00000000e+00 0.00000000e+00
   0.00000000e+00 0.00000000e+00 0.00000000e+00 0.00000000e+00
   0.00000000e+00]
  [5.51372910e-01 2.66935862e-01 2.85916511e-01 3.39811162e-01
   2.76347178e-01 1.58844096e-01 7.81144968e-02 7.64273911e-02
   6.79136131e-02 3.96056977e-02 9.33080244e-02 1.02692528e-02
   1.74909492e-02 7.16359372e-04 8.68249069e-04 1.13345983e-03
   1.96918776e-03 2.28256630e-05 1.77953652e-07 3.52107515e-07
   5.37268869e-09 1.13885623e-08 9.70299558e-11 7.74479033e-11
   1.48701265e-10 6.88428566e-10 3.11047581e-12 4.11208468e-14
   1.10911280e-16 3.32733840e-16 1.44184664e-15 0.00000000e+00
   0.00000000e+00]
  [5.61280817e-01 2.99668887e-01 3.19870505e-01 3.99321419e-01
   3.17337591e-01 2.04254742e-01 1.22512860e-01 1.03885400e-01
   7.14232571e-02 2.49296896e-02 6.90405855e-02 1.47268878e-02
   2.39143318e-02 1.78448999e-03 2.60944189e-03 6.43625603e-03
   1.33666877e-02 2.74791090e-04 3.19180662e-06 7.41170489e-06
   8.00195635e-08 3.60881356e-07 2.91786319e-09 2.39081175e-09
   8.23743888e-09 3.19445339e-08 2.05121829e-10 2.01243227e-12
   6.71168196e-15 3.15272559e-14 9.90520455e-14 5.54556401e-16
   0.00000000e+00]
  [5.88519703e-01 2.93124998e-01 3.22893758e-01 4.12277848e-01
   3.05267466e-01 2.10423581e-01 1.28929179e-01 1.08548186e-01
   7.04495243e-02 1.85017716e-02 4.23930126e-02 1.51965179e-02
   2.24263221e-02 2.24399443e-03 3.31198297e-03 8.62890842e-03
   1.97843446e-02 5.20252427e-04 8.00617808e-06 1.75803128e-05
   1.97935040e-07 1.12955468e-06 1.31165319e-08 8.35731427e-09
   3.17457917e-08 1.01704689e-07 8.86215889e-10 7.12962740e-12
   4.11541914e-14 2.53864731e-13 6.50388253e-13 5.32374145e-15
   1.10911280e-16]
  [2.49044090e-01 2.33462325e-01 2.47650026e-01 2.60994685e-01
   2.71066510e-01 2.84285809e-01 2.77592618e-01 2.59156331e-01
   2.51002732e-01 2.55295984e-01 2.51508028e-01 2.42798791e-01
   2.49947134e-01 2.58271724e-01 2.59839103e-01 2.60866191e-01
   2.61124065e-01 2.57579092e-01 2.63528933e-01 2.71075159e-01
   2.66100282e-01 2.65669192e-01 2.61746015e-01 2.64019003e-01
   2.65963987e-01 2.72126675e-01 2.68276865e-01 2.73783397e-01
   2.73143451e-01 2.67928529e-01 2.69567489e-01 2.73493694e-01
   2.74329452e-01]]] 
Error down: 
[[[7.89619499e-01 6.14725154e-01 5.40623070e-01 4.77285471e-01
   6.35155411e-01 5.87342248e-01 5.38406245e-01 5.06654681e-01
   4.66711497e-01 4.45689975e-01 4.32640402e-01 4.78854943e-01
   5.65568927e-01 5.52973319e-01 6.54502222e-01 6.23847782e-01
   6.61290835e-01 6.39817825e-01 6.17233945e-01 5.89341850e-01
   5.65589872e-01 5.50390352e-01 5.34099517e-01 5.21258924e-01
   5.38048810e-01 5.63133901e-01 5.51524068e-01 5.38927507e-01
   5.91818486e-01 5.77368773e-01 5.68166100e-01 5.61759976e-01
   5.46245204e-01]
  [7.40234864e-02 2.88353403e-02 1.07215669e-02 3.12545596e-03
   9.68888887e-04 4.81873363e-04 1.86049467e-04 2.73415551e-04
   5.65582332e-05 8.96000391e-06 1.10730545e-06 1.13072838e-07
   1.00657784e-08 8.03553198e-10 1.14881234e-09 2.45176804e-10
   2.98362571e-11 2.11607133e-12 1.40555681e-13 8.82918609e-15
   6.55997964e-16 3.75255382e-17 2.88657986e-18 3.99680289e-18
   1.11022302e-18 0.00000000e+00 2.22044605e-19 0.00000000e+00
   0.00000000e+00 0.00000000e+00 0.00000000e+00 0.00000000e+00
   0.00000000e+00]
  [5.82756482e-02 2.38127147e-02 9.52104065e-03 2.43512891e-03
   8.16376169e-04 2.40241149e-04 7.37298137e-05 1.68278418e-05
   3.03903692e-06 4.97367097e-07 7.09791905e-08 9.44952985e-09
   9.06725193e-10 9.35403891e-11 2.06829807e-10 2.45316398e-11
   2.33340595e-12 1.77237434e-13 1.29249745e-14 8.71960785e-16
   8.54871729e-17 4.88498131e-18 2.22044605e-19 4.44089210e-19
   0.00000000e+00 0.00000000e+00 0.00000000e+00 0.00000000e+00
   0.00000000e+00 0.00000000e+00 0.00000000e+00 0.00000000e+00
   0.00000000e+00]
  [2.80290215e-02 3.19239452e-03 1.10274148e-03 1.67482283e-04
   1.89886741e-05 3.62662079e-06 5.72414616e-07 2.46876977e-07
   8.51361586e-09 1.85768922e-10 2.83169870e-12 3.26416672e-14
   2.98978146e-16 2.22044605e-18 2.32036612e-17 2.22044605e-19
   0.00000000e+00 0.00000000e+00 0.00000000e+00 0.00000000e+00
   0.00000000e+00 0.00000000e+00 0.00000000e+00 0.00000000e+00
   0.00000000e+00 0.00000000e+00 0.00000000e+00 0.00000000e+00
   0.00000000e+00 0.00000000e+00 0.00000000e+00 0.00000000e+00
   0.00000000e+00]
  [1.34094688e-02 1.26226216e-03 2.35071818e-04 3.37880176e-05
   9.24021586e-07 3.02583742e-07 9.95644764e-09 9.31976528e-09
   6.14040793e-11 2.22607228e-13 5.12923037e-16 8.88178420e-19
   0.00000000e+00 0.00000000e+00 0.00000000e+00 0.00000000e+00
   0.00000000e+00 0.00000000e+00 0.00000000e+00 0.00000000e+00
   0.00000000e+00 0.00000000e+00 0.00000000e+00 0.00000000e+00
   0.00000000e+00 0.00000000e+00 0.00000000e+00 0.00000000e+00
   0.00000000e+00 0.00000000e+00 0.00000000e+00 0.00000000e+00
   0.00000000e+00]
  [8.03492491e-04 2.12990254e-05 4.57856976e-07 1.25825555e-10
   2.85137739e-15 0.00000000e+00 0.00000000e+00 0.00000000e+00
   0.00000000e+00 0.00000000e+00 0.00000000e+00 0.00000000e+00
   0.00000000e+00 0.00000000e+00 0.00000000e+00 0.00000000e+00
   0.00000000e+00 0.00000000e+00 0.00000000e+00 0.00000000e+00
   0.00000000e+00 0.00000000e+00 0.00000000e+00 0.00000000e+00
   0.00000000e+00 0.00000000e+00 0.00000000e+00 0.00000000e+00
   0.00000000e+00 0.00000000e+00 0.00000000e+00 0.00000000e+00
   0.00000000e+00]]

 [[4.32641112e-02 1.50704337e-02 5.16304523e-03 1.35829773e-03
   2.39332328e-04 7.17634670e-06 4.43558791e-06 1.08383297e-05
   6.68380443e-10 9.14227193e-10 2.68475906e-12 4.73463085e-15
   2.85704203e-14 4.68514116e-17 2.33173156e-16 1.55431223e-18
   2.22044605e-19 0.00000000e+00 0.00000000e+00 0.00000000e+00
   0.00000000e+00 0.00000000e+00 0.00000000e+00 0.00000000e+00
   0.00000000e+00 0.00000000e+00 0.00000000e+00 0.00000000e+00
   0.00000000e+00 0.00000000e+00 0.00000000e+00 0.00000000e+00
   0.00000000e+00]
  [4.17447263e-01 3.53054153e-01 3.63331504e-01 4.11563851e-01
   4.16169214e-01 3.87766908e-01 3.88264527e-01 3.61782250e-01
   3.58182123e-01 3.46553893e-01 3.45960945e-01 3.51070523e-01
   3.41759789e-01 3.33761132e-01 3.32229782e-01 3.24560038e-01
   3.28280066e-01 3.26867644e-01 3.21920549e-01 3.20390041e-01
   3.13098673e-01 3.11769380e-01 2.98343023e-01 2.99712781e-01
   3.04452159e-01 3.00781261e-01 2.96202151e-01 2.89627817e-01
   2.89081859e-01 2.86638271e-01 2.93250490e-01 2.95228097e-01
   2.93724461e-01]
  [2.50425856e-01 1.48228425e-01 1.34300680e-01 8.45432303e-02
   6.90206687e-02 5.10858633e-02 4.07026622e-02 3.18323594e-02
   2.49042364e-02 1.81643213e-02 1.39508976e-02 1.12297313e-02
   9.29193860e-03 7.13731274e-03 4.71035936e-03 3.59128011e-03
   2.38467461e-03 1.55560664e-03 9.67042920e-04 6.14995882e-04
   4.49949265e-04 3.20811030e-04 1.96414858e-04 2.01277923e-04
   1.51025701e-04 1.38163172e-04 6.22018665e-05 3.78357160e-05
   4.12336983e-05 2.49839382e-05 1.65843608e-05 7.41688456e-06
   5.53786529e-06]
  [1.91516262e-01 1.87106771e-01 1.33803805e-01 9.17793849e-02
   7.12215051e-02 5.81644018e-02 3.95929293e-02 3.15133997e-02
   2.33907380e-02 1.71479235e-02 1.29206018e-02 9.98574273e-03
   7.62609935e-03 5.91338824e-03 3.88837731e-03 3.00524206e-03
   2.16817315e-03 1.41149734e-03 8.49232912e-04 6.97833934e-04
   4.41781832e-04 3.81281176e-04 3.57886669e-04 3.92045642e-04
   3.33158469e-04 2.36244576e-04 1.08855608e-04 6.08102177e-05
   5.65865724e-05 3.19415712e-05 1.40297721e-05 9.66881515e-06
   9.11726124e-06]
  [1.97482227e-01 1.90553635e-01 1.27454604e-01 9.61240301e-02
   7.22401957e-02 5.83640722e-02 4.12250668e-02 3.13502962e-02
   2.36773602e-02 1.70698238e-02 1.30293740e-02 9.68131248e-03
   6.85881988e-03 5.28747388e-03 3.44102507e-03 2.60360617e-03
   2.07967178e-03 1.40649621e-03 8.68131453e-04 7.31706908e-04
   4.64833162e-04 4.12020430e-04 4.34728911e-04 4.63716231e-04
   4.13613620e-04 3.04263486e-04 1.59796728e-04 1.08027190e-04
   9.06565232e-05 6.10611178e-05 2.74155965e-05 1.78692241e-05
   1.62124677e-05]
  [3.76380306e-03 1.12719280e-03 5.27191661e-04 2.24610983e-04
   4.58181942e-05 1.67884982e-05 4.46880568e-07 3.80831582e-07
   7.08553897e-09 8.45503564e-10 2.32027034e-10 1.01261406e-10
   1.15705769e-10 1.02385116e-11 7.84626271e-12 9.99980239e-14
   3.50935240e-16 4.44089210e-19 0.00000000e+00 0.00000000e+00
   0.00000000e+00 0.00000000e+00 0.00000000e+00 0.00000000e+00
   0.00000000e+00 0.00000000e+00 0.00000000e+00 0.00000000e+00
   0.00000000e+00 0.00000000e+00 0.00000000e+00 0.00000000e+00
   0.00000000e+00]]

 [[2.41177237e-02 7.52657648e-03 1.35827009e-03 1.78537621e-04
   7.12675521e-06 3.11957433e-07 9.69310223e-08 1.09494749e-13
   1.14286358e-15 2.22044605e-18 0.00000000e+00 0.00000000e+00
   0.00000000e+00 0.00000000e+00 0.00000000e+00 0.00000000e+00
   0.00000000e+00 0.00000000e+00 0.00000000e+00 0.00000000e+00
   0.00000000e+00 0.00000000e+00 0.00000000e+00 0.00000000e+00
   0.00000000e+00 0.00000000e+00 0.00000000e+00 0.00000000e+00
   0.00000000e+00 0.00000000e+00 0.00000000e+00 0.00000000e+00
   0.00000000e+00]
  [1.43592115e-01 1.10869642e-01 7.86195636e-02 5.41847565e-02
   3.98146145e-02 2.42083707e-02 1.57552539e-02 1.18643081e-02
   8.46960403e-03 5.83995708e-03 4.38707261e-03 4.12662615e-03
   3.21800854e-03 2.83136646e-03 2.04509066e-03 1.50223173e-03
   8.86279961e-04 7.65752688e-04 3.67264529e-04 1.81668966e-04
   1.69083200e-04 8.27274965e-05 7.44128715e-05 2.69753095e-05
   1.31477442e-05 5.45676138e-06 1.93541751e-06 2.07929179e-06
   1.65221275e-06 1.11473245e-06 6.74042119e-07 6.49431214e-07
   7.19065895e-07]
  [3.39992828e-01 3.56642518e-01 2.79713622e-01 2.69034740e-01
   2.85179716e-01 3.01431484e-01 2.79667926e-01 2.88707280e-01
   2.89315548e-01 2.88936052e-01 2.80857326e-01 2.70171717e-01
   2.75976921e-01 2.69243388e-01 2.77213455e-01 2.73178054e-01
   2.68752280e-01 2.68845295e-01 2.78666169e-01 2.82685466e-01
   2.80725109e-01 2.84869284e-01 2.86538666e-01 2.83056154e-01
   2.86337727e-01 2.84639290e-01 2.81614625e-01 2.83359230e-01
   2.80272868e-01 2.79697548e-01 2.80439341e-01 2.86591566e-01
   2.88774280e-01]
  [2.90973579e-01 2.94306202e-01 2.82598957e-01 2.73550372e-01
   2.76732911e-01 2.75264386e-01 2.68500627e-01 2.69722869e-01
   2.64870651e-01 2.64165675e-01 2.52405025e-01 2.48117323e-01
   2.41381810e-01 2.41862961e-01 2.35544533e-01 2.29748377e-01
   2.30587602e-01 2.29805212e-01 2.26948352e-01 2.19599996e-01
   2.17445460e-01 2.08137637e-01 2.09805072e-01 2.05644379e-01
   2.08645793e-01 2.06531772e-01 1.99947197e-01 1.91500490e-01
   1.93731334e-01 1.90513005e-01 1.85749680e-01 1.81766267e-01
   1.81403849e-01]
  [3.18384954e-01 2.65999124e-01 2.49225265e-01 2.63386515e-01
   2.70896021e-01 2.59585360e-01 2.46401673e-01 2.27510733e-01
   2.24195149e-01 2.18542105e-01 2.13552855e-01 2.03198685e-01
   1.93336571e-01 1.86216882e-01 1.78144142e-01 1.73677200e-01
   1.69932121e-01 1.63211643e-01 1.58606010e-01 1.50657749e-01
   1.46683031e-01 1.37174747e-01 1.34040997e-01 1.28983535e-01
   1.28276095e-01 1.22897530e-01 1.16098840e-01 1.10272642e-01
   1.05488194e-01 1.00984030e-01 9.87533742e-02 9.55574386e-02
   9.14383527e-02]
  [9.39511074e-02 4.86603737e-02 2.62482612e-02 1.89694720e-02
   1.28275904e-02 8.00833884e-03 4.67459736e-03 2.79453484e-03
   1.92625871e-03 1.07727653e-03 4.70280148e-04 2.82553642e-04
   1.62794851e-04 8.37002455e-05 4.81435971e-05 2.24844090e-05
   1.13795373e-05 8.25921767e-06 5.74924824e-06 2.49634562e-06
   1.22618699e-06 5.27709195e-07 2.72104625e-07 1.75843850e-07
   1.40577558e-07 9.27541261e-08 6.40714052e-08 2.15674274e-08
   7.54102469e-09 2.28148775e-09 1.46486249e-09 9.20102534e-10
   3.91681373e-10]]

 [[1.03187047e-02 1.48299788e-03 1.92151645e-04 2.24049387e-06
   9.24423736e-09 2.59850119e-11 2.62775606e-13 1.03361764e-16
   0.00000000e+00 0.00000000e+00 0.00000000e+00 0.00000000e+00
   0.00000000e+00 0.00000000e+00 0.00000000e+00 0.00000000e+00
   0.00000000e+00 0.00000000e+00 0.00000000e+00 0.00000000e+00
   0.00000000e+00 0.00000000e+00 0.00000000e+00 0.00000000e+00
   0.00000000e+00 0.00000000e+00 0.00000000e+00 0.00000000e+00
   0.00000000e+00 0.00000000e+00 0.00000000e+00 0.00000000e+00
   0.00000000e+00]
  [1.47881712e-01 1.13009892e-01 8.71317849e-02 6.36030278e-02
   4.97383625e-02 3.36973927e-02 2.51571987e-02 1.70235953e-02
   1.11249120e-02 6.52120084e-03 4.09517658e-03 2.69510937e-03
   1.86026658e-03 1.72019571e-03 1.29528507e-03 1.02451914e-03
   7.06898281e-04 3.63689421e-04 2.86612650e-04 2.67942188e-04
   1.46366047e-04 5.57791166e-05 6.42817911e-05 3.27062025e-05
   3.36539706e-05 2.19905566e-05 1.56076929e-05 8.25937266e-06
   5.30592200e-06 1.74197867e-06 2.00863385e-06 1.24716617e-06
   1.52019603e-06]
  [2.77998366e-01 3.16455389e-01 2.53499499e-01 2.87490842e-01
   2.61653531e-01 2.72116436e-01 2.72243527e-01 2.69099050e-01
   2.64604228e-01 2.58247856e-01 2.57172455e-01 2.47280023e-01
   2.46342006e-01 2.41260605e-01 2.29536898e-01 2.34630801e-01
   2.31116430e-01 2.27512449e-01 2.19259576e-01 2.17013721e-01
   2.16844308e-01 2.15496551e-01 2.10576411e-01 2.07297468e-01
   2.07282341e-01 2.00671585e-01 1.99884692e-01 1.97855586e-01
   1.88308074e-01 1.88957945e-01 1.83887312e-01 1.84474859e-01
   1.80356883e-01]
  [3.29755488e-01 2.54304062e-01 2.87995920e-01 2.68082446e-01
   2.68379584e-01 2.79196452e-01 2.71370645e-01 2.84360448e-01
   2.79455122e-01 2.73159280e-01 2.77135117e-01 2.64293511e-01
   2.62014929e-01 2.64218952e-01 2.73323151e-01 2.79381327e-01
   2.80751962e-01 2.85245182e-01 2.77962405e-01 2.76515427e-01
   2.72850183e-01 2.75518420e-01 2.70089870e-01 2.80656677e-01
   2.79087769e-01 2.74489555e-01 2.78111755e-01 2.82397357e-01
   2.88845605e-01 2.84603048e-01 2.87206675e-01 2.84597653e-01
   2.84377180e-01]
  [3.58778250e-01 2.67191489e-01 2.66541149e-01 2.82412861e-01
   2.85027715e-01 2.85503036e-01 2.80730415e-01 2.75692024e-01
   2.76210906e-01 2.78642126e-01 2.71573011e-01 2.77192561e-01
   2.77631521e-01 2.78518577e-01 2.81985354e-01 2.82388798e-01
   2.85004223e-01 2.85415490e-01 2.83112936e-01 2.79110252e-01
   2.79235528e-01 2.82776466e-01 2.83949907e-01 2.81615400e-01
   2.82810070e-01 2.80947730e-01 2.85089963e-01 2.87201696e-01
   2.85925328e-01 2.84862146e-01 2.87494090e-01 2.80278858e-01
   2.85012678e-01]
  [9.31345821e-02 5.05117872e-02 2.93545389e-02 1.86199695e-02
   1.29042882e-02 7.97210171e-03 4.72578221e-03 3.03257026e-03
   2.12989065e-03 1.23564491e-03 7.59513804e-04 5.18384537e-04
   3.21937832e-04 1.82356301e-04 1.03398413e-04 5.39821396e-05
   3.19693842e-05 1.72536677e-05 1.21195087e-05 8.37894544e-06
   3.82139836e-06 1.88930162e-06 9.45108841e-07 7.29957038e-07
   4.07771361e-07 1.99166239e-07 1.88500123e-07 1.17360870e-07
   5.78750530e-08 3.31527779e-08 1.38762337e-08 1.52491293e-08
   8.17297596e-09]]

 [[5.20805054e-03 2.61913997e-03 1.75125079e-04 3.35266657e-06
   6.98388068e-06 1.14570663e-08 5.75084923e-10 1.09402483e-13
   1.55431223e-18 0.00000000e+00 0.00000000e+00 0.00000000e+00
   0.00000000e+00 0.00000000e+00 0.00000000e+00 0.00000000e+00
   0.00000000e+00 0.00000000e+00 0.00000000e+00 0.00000000e+00
   0.00000000e+00 0.00000000e+00 0.00000000e+00 0.00000000e+00
   0.00000000e+00 0.00000000e+00 0.00000000e+00 0.00000000e+00
   0.00000000e+00 0.00000000e+00 0.00000000e+00 0.00000000e+00
   0.00000000e+00]
  [1.28458963e-01 1.10478657e-01 9.63340864e-02 6.74648524e-02
   4.97352473e-02 3.36063007e-02 2.31347047e-02 1.83266567e-02
   1.07651390e-02 7.15817308e-03 4.62978476e-03 3.12726911e-03
   1.85093997e-03 1.30712843e-03 9.84460332e-04 6.62255716e-04
   3.31001962e-04 2.71606991e-04 1.72194554e-04 7.95974091e-05
   7.54594438e-05 3.08452793e-05 3.17186946e-05 2.50078896e-05
   2.08840344e-05 1.04354434e-05 8.67340508e-06 4.14216517e-06
   1.17957636e-06 5.35065352e-07 1.49886804e-07 1.15480370e-07
   1.08641112e-07]
  [2.83725078e-01 3.12167422e-01 2.30162600e-01 2.72974473e-01
   2.50022432e-01 2.43160569e-01 2.36835405e-01 2.31253041e-01
   2.24758298e-01 2.22036784e-01 2.12536424e-01 2.05976672e-01
   2.04766606e-01 1.91933757e-01 1.85706427e-01 1.80766482e-01
   1.68504892e-01 1.64100144e-01 1.60205015e-01 1.56540267e-01
   1.53762204e-01 1.48639891e-01 1.42436721e-01 1.37453260e-01
   1.33874442e-01 1.31646923e-01 1.29042242e-01 1.23579183e-01
   1.19166875e-01 1.13973873e-01 1.08140610e-01 1.04596976e-01
   1.00763648e-01]
  [3.69105342e-01 2.70866151e-01 2.89868728e-01 2.87359005e-01
   2.79977424e-01 2.92646659e-01 2.86439063e-01 2.82208672e-01
   2.77263369e-01 2.81268754e-01 2.87952707e-01 2.89017874e-01
   2.78448618e-01 2.78892463e-01 2.87571385e-01 2.76760425e-01
   2.73006928e-01 2.76374901e-01 2.71982068e-01 2.73417000e-01
   2.78312711e-01 2.71656056e-01 2.72191225e-01 2.74694300e-01
   2.81009887e-01 2.75711531e-01 2.75331207e-01 2.77952263e-01
   2.73721898e-01 2.75853191e-01 2.74378809e-01 2.66127507e-01
   2.64690840e-01]
  [3.96627974e-01 3.01752328e-01 2.79850618e-01 3.00144525e-01
   2.87692718e-01 2.98771738e-01 2.94516015e-01 2.87854846e-01
   2.81213996e-01 2.85570830e-01 2.90532121e-01 2.91093959e-01
   2.99820304e-01 2.93506898e-01 2.90687163e-01 2.95318891e-01
   2.87645534e-01 2.91386086e-01 2.83607058e-01 2.79346988e-01
   2.84812378e-01 2.77645962e-01 2.80146708e-01 2.82969223e-01
   2.85755206e-01 2.80856650e-01 2.85911757e-01 2.78052400e-01
   2.70498624e-01 2.72472855e-01 2.75955863e-01 2.69227324e-01
   2.71519841e-01]
  [1.14349426e-01 5.79990292e-02 3.55664466e-02 2.32192997e-02
   1.60362424e-02 9.96820949e-03 6.97643635e-03 4.53033599e-03
   2.98594168e-03 1.70721871e-03 9.66737160e-04 5.58401297e-04
   4.69753656e-04 2.35209551e-04 1.26943132e-04 9.83302463e-05
   8.20500331e-05 5.70351131e-05 2.88022696e-05 1.66785054e-05
   7.35376337e-06 3.53238186e-06 2.66898579e-06 2.14122726e-06
   1.94084130e-06 1.84314302e-06 9.25749367e-07 3.49568085e-07
   1.56017005e-07 1.69240331e-07 2.89659101e-07 2.04185036e-07
   1.13569890e-07]]

 [[2.81968182e-04 1.52704516e-14 0.00000000e+00 0.00000000e+00
   0.00000000e+00 0.00000000e+00 0.00000000e+00 0.00000000e+00
   0.00000000e+00 0.00000000e+00 0.00000000e+00 0.00000000e+00
   0.00000000e+00 0.00000000e+00 0.00000000e+00 0.00000000e+00
   0.00000000e+00 0.00000000e+00 0.00000000e+00 0.00000000e+00
   0.00000000e+00 0.00000000e+00 0.00000000e+00 0.00000000e+00
   0.00000000e+00 0.00000000e+00 0.00000000e+00 0.00000000e+00
   0.00000000e+00 0.00000000e+00 0.00000000e+00 0.00000000e+00
   0.00000000e+00]
  [1.30362226e-02 3.32707198e-03 1.54083629e-03 7.56552318e-04
   7.34301983e-05 2.77263206e-07 2.76020369e-10 4.99066892e-16
   2.50166554e-15 6.59361454e-16 1.23508981e-14 0.00000000e+00
   0.00000000e+00 0.00000000e+00 0.00000000e+00 0.00000000e+00
   0.00000000e+00 0.00000000e+00 0.00000000e+00 0.00000000e+00
   0.00000000e+00 0.00000000e+00 0.00000000e+00 0.00000000e+00
   0.00000000e+00 0.00000000e+00 0.00000000e+00 0.00000000e+00
   0.00000000e+00 0.00000000e+00 0.00000000e+00 0.00000000e+00
   0.00000000e+00]
  [8.29573807e-02 5.98179203e-02 3.98655562e-02 2.26658179e-02
   1.35755035e-02 6.29429265e-03 2.49847805e-03 1.41070329e-03
   9.93148886e-04 2.83724809e-04 4.15381864e-04 7.48355929e-05
   7.38988817e-05 4.21671218e-06 3.86947109e-06 1.99500181e-06
   1.97118761e-06 4.66052968e-08 4.78062891e-10 7.93932222e-10
   1.86702472e-11 2.29147546e-11 4.37877016e-13 2.08028497e-13
   3.02116801e-13 9.81435482e-13 5.42467613e-15 7.40518757e-17
   1.11022302e-19 3.33066907e-19 1.44328993e-18 0.00000000e+00
   0.00000000e+00]
  [9.02522410e-02 7.18033670e-02 4.88175755e-02 2.87514505e-02
   1.85208670e-02 9.50772321e-03 4.25647664e-03 2.40639899e-03
   1.22622412e-03 3.04994524e-04 4.35098294e-04 1.24346247e-04
   1.11515633e-04 1.26883652e-05 1.05944837e-05 9.19971449e-06
   1.33802884e-05 4.80059116e-07 7.90475390e-09 1.49469207e-08
   2.55321869e-10 6.27853733e-10 1.13497955e-11 6.44421880e-12
   1.43964328e-11 3.19891400e-11 2.90854341e-13 4.00050850e-15
   1.68753900e-17 4.47419879e-17 1.40554235e-16 5.55111512e-19
   0.00000000e+00]
  [8.85872852e-02 7.56765237e-02 4.96326910e-02 2.92967589e-02
   1.92199684e-02 1.01923598e-02 4.74308289e-03 2.73547125e-03
   1.24444407e-03 3.08273663e-04 4.04716163e-04 1.32832187e-04
   1.05666581e-04 1.75785022e-05 1.28254580e-05 1.23284707e-05
   1.98050153e-05 9.07992238e-07 1.99006883e-08 3.56200369e-08
   7.52058985e-10 1.96886036e-09 4.81727315e-11 2.27329640e-11
   5.55414542e-11 1.01810514e-10 1.25646338e-12 2.02805969e-14
   1.18896894e-16 3.60241248e-16 9.24482713e-16 5.32907052e-18
   1.11022302e-19]
  [4.73776197e-01 4.83463832e-01 4.37402848e-01 3.81445673e-01
   3.35314264e-01 2.95639564e-01 2.89828921e-01 3.09195461e-01
   3.08343800e-01 3.04602963e-01 3.10572452e-01 3.24160129e-01
   3.20219433e-01 3.06834861e-01 3.10910810e-01 3.13960820e-01
   3.14226802e-01 3.14732706e-01 3.06310091e-01 2.96213198e-01
   3.05150823e-01 3.06147557e-01 3.13180927e-01 3.17443592e-01
   3.16349399e-01 3.12527068e-01 3.15942064e-01 3.15780713e-01
   3.13312636e-01 3.18382451e-01 3.15549274e-01 3.13968694e-01
   3.11332156e-01]]] 
