Testing model resnet_1703064632_SPH_9_BH_n4_M8_BH_n2_M10_BH_n4_M10_BH_n6_M10_BH_n4_M12_CUT_res50. 
Number of events in data: 
15000 
Classes in data: 
6 
Number of events detected: 
[ 2  3  4  5  6  7  8  9 10 11 12 13 14 15 16 17 18 19 20 21 22 23 24 25
 26 27 28 29 30 31 32 33 34] 
Number of samples for each n number of events: 3000 
p_values: 
[[[8.60859272e-01 8.21444769e-01 8.06201372e-01 8.10136231e-01
   8.09802755e-01 8.06992871e-01 8.05394254e-01 8.00348656e-01
   7.96586454e-01 7.89829292e-01 7.83141541e-01 7.73718168e-01
   7.62325381e-01 7.54761996e-01 7.45497418e-01 7.37748211e-01
   7.30745670e-01 7.22785383e-01 7.15171324e-01 7.07560824e-01
   7.00004003e-01 6.98716600e-01 6.91367995e-01 6.83599313e-01
   6.80953081e-01 6.76482430e-01 6.73458623e-01 6.69510222e-01
   6.67396610e-01 6.65981043e-01 6.61335764e-01 6.58127889e-01
   6.56311093e-01]
  [4.99670437e-02 1.34971333e-02 4.52114494e-03 1.04921934e-03
   1.82975142e-04 8.40703742e-05 1.58459593e-05 1.38022647e-06
   2.04988615e-07 1.34983818e-08 1.85755489e-09 1.34370780e-10
   1.02371027e-11 4.76367982e-13 1.58640508e-14 4.77988020e-16
   6.18764299e-16 2.69414121e-17 9.99200722e-19 0.00000000e+00
   0.00000000e+00 0.00000000e+00 0.00000000e+00 0.00000000e+00
   0.00000000e+00 0.00000000e+00 0.00000000e+00 0.00000000e+00
   0.00000000e+00 0.00000000e+00 0.00000000e+00 0.00000000e+00
   0.00000000e+00]
  [2.73819349e-02 5.27787341e-03 1.00673431e-03 3.14633758e-04
   3.05964840e-05 2.15758953e-06 2.74524349e-07 1.71988524e-08
   6.03293772e-09 1.26064022e-10 2.71642583e-12 9.10625279e-14
   1.22346577e-15 1.10282154e-17 7.40148683e-20 0.00000000e+00
   0.00000000e+00 0.00000000e+00 0.00000000e+00 0.00000000e+00
   0.00000000e+00 0.00000000e+00 0.00000000e+00 0.00000000e+00
   0.00000000e+00 0.00000000e+00 0.00000000e+00 0.00000000e+00
   0.00000000e+00 0.00000000e+00 0.00000000e+00 0.00000000e+00
   0.00000000e+00]
  [5.66483569e-03 1.40774485e-03 1.71070286e-04 2.03191454e-05
   4.78737393e-07 4.94064275e-09 3.35239129e-11 3.86950102e-14
   5.17438684e-14 2.26855571e-17 0.00000000e+00 0.00000000e+00
   0.00000000e+00 0.00000000e+00 0.00000000e+00 0.00000000e+00
   0.00000000e+00 0.00000000e+00 0.00000000e+00 0.00000000e+00
   0.00000000e+00 0.00000000e+00 0.00000000e+00 0.00000000e+00
   0.00000000e+00 0.00000000e+00 0.00000000e+00 0.00000000e+00
   0.00000000e+00 0.00000000e+00 0.00000000e+00 0.00000000e+00
   0.00000000e+00]
  [3.00958131e-03 7.67097887e-04 1.03855084e-04 1.05432083e-05
   1.08750569e-07 2.17070479e-10 1.91067273e-13 2.07241631e-17
   6.41338834e-17 0.00000000e+00 0.00000000e+00 0.00000000e+00
   0.00000000e+00 0.00000000e+00 0.00000000e+00 0.00000000e+00
   0.00000000e+00 0.00000000e+00 0.00000000e+00 0.00000000e+00
   0.00000000e+00 0.00000000e+00 0.00000000e+00 0.00000000e+00
   0.00000000e+00 0.00000000e+00 0.00000000e+00 0.00000000e+00
   0.00000000e+00 0.00000000e+00 0.00000000e+00 0.00000000e+00
   0.00000000e+00]
  [3.41084175e-04 4.69751726e-11 2.08240832e-16 1.25817134e-14
   0.00000000e+00 0.00000000e+00 0.00000000e+00 0.00000000e+00
   0.00000000e+00 0.00000000e+00 0.00000000e+00 0.00000000e+00
   0.00000000e+00 0.00000000e+00 0.00000000e+00 0.00000000e+00
   0.00000000e+00 0.00000000e+00 0.00000000e+00 0.00000000e+00
   0.00000000e+00 0.00000000e+00 0.00000000e+00 0.00000000e+00
   0.00000000e+00 0.00000000e+00 0.00000000e+00 0.00000000e+00
   0.00000000e+00 0.00000000e+00 0.00000000e+00 0.00000000e+00
   0.00000000e+00]]

 [[2.12067236e-02 6.70221557e-03 1.12557395e-03 2.71339815e-04
   1.26887624e-05 1.20416926e-07 2.31643330e-07 1.92232533e-09
   2.33601210e-10 2.13808156e-13 1.87442654e-16 3.70074342e-20
   0.00000000e+00 0.00000000e+00 0.00000000e+00 0.00000000e+00
   0.00000000e+00 0.00000000e+00 0.00000000e+00 0.00000000e+00
   0.00000000e+00 0.00000000e+00 0.00000000e+00 0.00000000e+00
   0.00000000e+00 0.00000000e+00 0.00000000e+00 0.00000000e+00
   0.00000000e+00 0.00000000e+00 0.00000000e+00 0.00000000e+00
   0.00000000e+00]
  [6.81665687e-01 6.65036647e-01 6.41514375e-01 6.23246641e-01
   6.04948965e-01 5.89203793e-01 5.73212263e-01 5.64093902e-01
   5.59944467e-01 5.51029720e-01 5.47044887e-01 5.44266297e-01
   5.40841181e-01 5.35948141e-01 5.31765305e-01 5.29143839e-01
   5.26194223e-01 5.24789286e-01 5.23320842e-01 5.22599589e-01
   5.20472532e-01 5.19283422e-01 5.19588465e-01 5.19449492e-01
   5.19962053e-01 5.17054195e-01 5.14675663e-01 5.13452558e-01
   5.13002747e-01 5.14337577e-01 5.12512746e-01 5.12959090e-01
   5.14283291e-01]
  [9.65305875e-02 4.66492748e-02 2.15653034e-02 1.02087679e-02
   5.06563318e-03 2.57338077e-03 1.40715343e-03 8.10781662e-04
   5.77068533e-04 2.32674497e-04 1.76241541e-04 7.92082894e-05
   2.30592500e-05 6.84805743e-06 1.21967114e-06 4.26770229e-07
   6.61725392e-08 5.08911746e-08 1.23491537e-08 1.34511618e-09
   2.05054471e-10 1.77945989e-11 1.36596327e-12 9.13620291e-14
   7.04569736e-15 1.04402783e-14 4.57633931e-16 1.55061149e-17
   7.62353144e-18 1.11022302e-17 7.40148683e-19 1.11022302e-19
   3.70074342e-20]
  [1.14357963e-01 5.17875475e-02 2.64146152e-02 1.28008366e-02
   6.09092363e-03 3.11758713e-03 1.69754901e-03 8.34877135e-04
   5.68244796e-04 2.85006073e-04 1.80627003e-04 1.02695232e-04
   3.80931919e-05 1.43309366e-05 6.67609440e-06 2.64295173e-06
   4.21226622e-07 5.65098526e-08 5.99273416e-09 2.42689289e-09
   3.28716341e-10 1.28962655e-10 2.42986276e-11 2.49387682e-11
   9.06238273e-12 9.49854377e-12 9.12095251e-13 7.06870118e-14
   1.36830547e-14 3.37666931e-15 5.30908650e-16 5.15143483e-17
   1.77265610e-17]
  [1.38079644e-01 6.50262030e-02 3.44086452e-02 1.75567100e-02
   8.82967401e-03 4.75958290e-03 2.62031759e-03 1.32883197e-03
   8.45252376e-04 4.74161228e-04 2.73134690e-04 1.83228313e-04
   7.07288270e-05 3.82864593e-05 2.81886566e-05 8.34636980e-06
   2.04585192e-06 4.91873215e-07 8.23789986e-08 3.54814990e-08
   9.52712301e-09 8.59003560e-09 2.29488157e-09 2.48711503e-09
   1.33533616e-09 8.95777921e-10 1.52542448e-10 2.14368114e-11
   3.45280508e-12 1.01175146e-12 1.46149019e-13 1.98836133e-14
   3.10392452e-15]
  [2.55245343e-05 3.26468534e-10 1.09379787e-09 4.95326224e-13
   1.25837119e-14 0.00000000e+00 0.00000000e+00 0.00000000e+00
   0.00000000e+00 0.00000000e+00 0.00000000e+00 0.00000000e+00
   0.00000000e+00 0.00000000e+00 0.00000000e+00 0.00000000e+00
   0.00000000e+00 0.00000000e+00 0.00000000e+00 0.00000000e+00
   0.00000000e+00 0.00000000e+00 0.00000000e+00 0.00000000e+00
   0.00000000e+00 0.00000000e+00 0.00000000e+00 0.00000000e+00
   0.00000000e+00 0.00000000e+00 0.00000000e+00 0.00000000e+00
   0.00000000e+00]]

 [[5.80308172e-03 9.11701768e-04 3.98302144e-04 3.56745889e-05
   1.86248861e-09 7.54447358e-09 1.52290143e-13 5.05891625e-16
   1.85037171e-19 0.00000000e+00 0.00000000e+00 0.00000000e+00
   0.00000000e+00 0.00000000e+00 0.00000000e+00 0.00000000e+00
   0.00000000e+00 0.00000000e+00 0.00000000e+00 0.00000000e+00
   0.00000000e+00 0.00000000e+00 0.00000000e+00 0.00000000e+00
   0.00000000e+00 0.00000000e+00 0.00000000e+00 0.00000000e+00
   0.00000000e+00 0.00000000e+00 0.00000000e+00 0.00000000e+00
   0.00000000e+00]
  [4.27200764e-02 2.10462460e-02 9.18663342e-03 3.94019651e-03
   1.40809604e-03 7.32759922e-04 1.93019300e-04 9.50519042e-05
   4.21508102e-05 2.60091903e-05 1.38896619e-05 3.28655381e-06
   1.14972258e-06 3.24878698e-07 1.30135712e-07 3.85829871e-08
   7.26224413e-09 4.80787495e-09 3.68365799e-09 3.76356305e-10
   9.35814086e-11 1.64608036e-11 2.77913659e-12 2.52672946e-12
   4.62296534e-12 2.69333740e-13 9.30876894e-13 4.59147905e-14
   1.51704575e-15 8.50430837e-17 1.39444012e-16 6.64283443e-17
   1.51730480e-18]
  [5.13596026e-01 5.17448851e-01 5.27525145e-01 5.23726525e-01
   5.21784930e-01 5.24242205e-01 5.23184821e-01 5.24293091e-01
   5.25867842e-01 5.25239648e-01 5.19063332e-01 5.21147663e-01
   5.19569380e-01 5.18978010e-01 5.16915760e-01 5.18684114e-01
   5.20701602e-01 5.19805008e-01 5.22334744e-01 5.23401980e-01
   5.22998552e-01 5.24277902e-01 5.24470749e-01 5.26363494e-01
   5.25662634e-01 5.25013919e-01 5.23120032e-01 5.21225161e-01
   5.21350974e-01 5.22772795e-01 5.24418510e-01 5.24829530e-01
   5.23902493e-01]
  [5.01793039e-01 4.82374694e-01 4.74471184e-01 4.60299443e-01
   4.48487389e-01 4.43221873e-01 4.33708584e-01 4.24027847e-01
   4.14289145e-01 4.05590872e-01 3.89360998e-01 3.82492622e-01
   3.72855347e-01 3.63833979e-01 3.53439179e-01 3.48861743e-01
   3.43271255e-01 3.34648665e-01 3.26335797e-01 3.19543956e-01
   3.12562160e-01 3.02625613e-01 2.95095091e-01 2.89308207e-01
   2.82364828e-01 2.75652041e-01 2.68258474e-01 2.59724732e-01
   2.53663698e-01 2.48494357e-01 2.43839876e-01 2.39525120e-01
   2.33229947e-01]
  [4.82570637e-01 4.44483143e-01 4.20252018e-01 3.95315975e-01
   3.75359700e-01 3.64064923e-01 3.48546124e-01 3.32749825e-01
   3.18204972e-01 3.04253653e-01 2.84227013e-01 2.72625656e-01
   2.59890889e-01 2.47301693e-01 2.34348239e-01 2.26302002e-01
   2.17017309e-01 2.06533368e-01 1.95822132e-01 1.87721591e-01
   1.78880780e-01 1.68246255e-01 1.59305203e-01 1.52045946e-01
   1.44852388e-01 1.38069807e-01 1.31509514e-01 1.24271028e-01
   1.17976448e-01 1.12272862e-01 1.07264620e-01 1.02869556e-01
   9.78438416e-02]
  [8.34198192e-03 1.78829804e-03 9.52106517e-04 2.12524177e-04
   7.74046134e-06 2.40702886e-06 1.35670165e-07 7.67556899e-09
   4.82294146e-11 2.14198348e-12 3.56490829e-12 1.40570888e-14
   5.90971716e-16 1.53210777e-17 3.10862447e-18 0.00000000e+00
   0.00000000e+00 0.00000000e+00 0.00000000e+00 0.00000000e+00
   0.00000000e+00 0.00000000e+00 0.00000000e+00 0.00000000e+00
   0.00000000e+00 0.00000000e+00 0.00000000e+00 0.00000000e+00
   0.00000000e+00 0.00000000e+00 0.00000000e+00 0.00000000e+00
   0.00000000e+00]]

 [[1.69819278e-03 4.54903072e-04 2.12033059e-05 1.11182706e-07
   9.35030966e-08 1.54321000e-17 1.96139401e-18 0.00000000e+00
   0.00000000e+00 0.00000000e+00 0.00000000e+00 0.00000000e+00
   0.00000000e+00 0.00000000e+00 0.00000000e+00 0.00000000e+00
   0.00000000e+00 0.00000000e+00 0.00000000e+00 0.00000000e+00
   0.00000000e+00 0.00000000e+00 0.00000000e+00 0.00000000e+00
   0.00000000e+00 0.00000000e+00 0.00000000e+00 0.00000000e+00
   0.00000000e+00 0.00000000e+00 0.00000000e+00 0.00000000e+00
   0.00000000e+00]
  [4.38427993e-02 2.34238289e-02 1.03541612e-02 3.99222559e-03
   1.82483284e-03 6.76596344e-04 4.17492357e-04 2.03086153e-04
   8.36686420e-05 2.57122900e-05 6.25704637e-06 1.66423169e-06
   8.55913119e-07 1.11968579e-06 9.56739577e-07 3.19009951e-07
   3.79962937e-07 4.97436935e-09 3.45426117e-09 1.30999026e-09
   1.40756869e-10 8.91298457e-12 2.86339134e-12 7.92383085e-13
   1.59418145e-13 2.52131094e-13 1.73407215e-14 8.05666645e-15
   2.39767465e-15 4.62925994e-16 4.66293670e-18 7.03141249e-19
   1.48029737e-19]
  [4.39734334e-01 4.45589792e-01 4.46740416e-01 4.36058792e-01
   4.28670061e-01 4.24763086e-01 4.15586884e-01 4.09174152e-01
   4.01458745e-01 3.92503475e-01 3.84979688e-01 3.74976254e-01
   3.70484577e-01 3.64144884e-01 3.55808682e-01 3.49661218e-01
   3.41432158e-01 3.34672999e-01 3.25842767e-01 3.18750946e-01
   3.11598787e-01 3.07404237e-01 3.00024929e-01 2.91821003e-01
   2.85566668e-01 2.77130949e-01 2.69639400e-01 2.63583641e-01
   2.55924697e-01 2.52025375e-01 2.45204349e-01 2.38386948e-01
   2.30950467e-01]
  [5.25884648e-01 5.25623811e-01 5.22531335e-01 5.21016642e-01
   5.22731937e-01 5.28470224e-01 5.28888651e-01 5.30869097e-01
   5.31053952e-01 5.31483769e-01 5.33636246e-01 5.32756389e-01
   5.35195940e-01 5.37689783e-01 5.37122199e-01 5.37469501e-01
   5.35765573e-01 5.34846216e-01 5.30974727e-01 5.33414239e-01
   5.32757091e-01 5.33302395e-01 5.32490338e-01 5.33644024e-01
   5.34520590e-01 5.34425545e-01 5.32787417e-01 5.34029135e-01
   5.34876227e-01 5.34121851e-01 5.32778001e-01 5.36051805e-01
   5.36903112e-01]
  [5.41349987e-01 5.29566363e-01 5.17246662e-01 5.11972737e-01
   5.08859742e-01 5.11796350e-01 5.10658743e-01 5.11388948e-01
   5.09617816e-01 5.08661208e-01 5.09331508e-01 5.07685465e-01
   5.06732090e-01 5.06028007e-01 5.03651822e-01 5.01052706e-01
   4.96425167e-01 4.93034536e-01 4.86419118e-01 4.86724928e-01
   4.83851991e-01 4.80792963e-01 4.78541561e-01 4.77686255e-01
   4.75205818e-01 4.74279850e-01 4.71340506e-01 4.69947248e-01
   4.70248491e-01 4.66595893e-01 4.62885560e-01 4.64653287e-01
   4.64371756e-01]
  [5.68293354e-03 1.43766876e-03 2.77733684e-04 4.27934291e-05
   1.14631690e-06 2.50959602e-07 9.87674003e-09 1.72529617e-09
   2.12362269e-10 3.45545818e-12 1.04399858e-11 2.27270055e-14
   8.10092734e-16 4.81096644e-19 1.29526020e-18 0.00000000e+00
   0.00000000e+00 0.00000000e+00 0.00000000e+00 0.00000000e+00
   0.00000000e+00 0.00000000e+00 0.00000000e+00 0.00000000e+00
   0.00000000e+00 0.00000000e+00 0.00000000e+00 0.00000000e+00
   0.00000000e+00 0.00000000e+00 0.00000000e+00 0.00000000e+00
   0.00000000e+00]]

 [[1.68259970e-03 1.36848125e-04 1.05488605e-05 6.19641560e-11
   9.28542109e-10 1.48029737e-18 0.00000000e+00 3.70074342e-20
   0.00000000e+00 0.00000000e+00 0.00000000e+00 0.00000000e+00
   0.00000000e+00 0.00000000e+00 0.00000000e+00 0.00000000e+00
   0.00000000e+00 0.00000000e+00 0.00000000e+00 0.00000000e+00
   0.00000000e+00 0.00000000e+00 0.00000000e+00 0.00000000e+00
   0.00000000e+00 0.00000000e+00 0.00000000e+00 0.00000000e+00
   0.00000000e+00 0.00000000e+00 0.00000000e+00 0.00000000e+00
   0.00000000e+00]
  [5.89170476e-02 3.20140117e-02 1.47143958e-02 6.64560120e-03
   2.88643999e-03 1.72807572e-03 5.31271106e-04 2.91665374e-04
   8.72741147e-05 2.34303822e-05 2.25126356e-05 5.71776029e-06
   6.72808848e-06 1.09394545e-05 1.06219403e-07 1.41505163e-07
   4.38271622e-08 1.21083895e-08 1.71951198e-09 1.53384210e-09
   2.73041531e-10 3.14853204e-11 3.82508797e-11 1.17931113e-10
   9.95000501e-12 1.78586287e-11 4.18771388e-13 1.62185857e-13
   4.70116945e-13 1.11089989e-13 1.89929183e-14 3.95359671e-14
   6.77953989e-15]
  [3.93818026e-01 3.92738026e-01 3.82934209e-01 3.60892041e-01
   3.42774488e-01 3.26869455e-01 3.11997388e-01 2.96150834e-01
   2.82155792e-01 2.68854865e-01 2.54983009e-01 2.39311508e-01
   2.30878283e-01 2.21688483e-01 2.11738300e-01 2.00125929e-01
   1.93750564e-01 1.83666237e-01 1.73351454e-01 1.65400823e-01
   1.55749002e-01 1.48251451e-01 1.40698147e-01 1.34678281e-01
   1.28569841e-01 1.22488281e-01 1.16837237e-01 1.10879553e-01
   1.05204440e-01 9.98695494e-02 9.46962961e-02 8.86796683e-02
   8.54139547e-02]
  [4.99300958e-01 4.99051873e-01 4.94943767e-01 4.88331287e-01
   4.81077663e-01 4.77301513e-01 4.77220399e-01 4.71498294e-01
   4.69449130e-01 4.66560318e-01 4.63703450e-01 4.57696960e-01
   4.58570226e-01 4.55971948e-01 4.53527698e-01 4.48469080e-01
   4.48602408e-01 4.45566976e-01 4.43396863e-01 4.41215265e-01
   4.36672801e-01 4.33179995e-01 4.33036236e-01 4.33314461e-01
   4.30167776e-01 4.28278934e-01 4.27419582e-01 4.25517609e-01
   4.23303084e-01 4.21074363e-01 4.19863726e-01 4.15264468e-01
   4.13836739e-01]
  [5.27551952e-01 5.20391915e-01 5.12838840e-01 5.08574564e-01
   5.02123028e-01 5.00287462e-01 5.01959269e-01 4.97322637e-01
   4.98186045e-01 4.96919226e-01 4.95876799e-01 4.92767165e-01
   4.94890993e-01 4.92878762e-01 4.92021993e-01 4.88277326e-01
   4.89685396e-01 4.89655905e-01 4.90162878e-01 4.89406846e-01
   4.87430464e-01 4.86161692e-01 4.87043730e-01 4.88523843e-01
   4.86489663e-01 4.85943891e-01 4.87008926e-01 4.87545484e-01
   4.86824374e-01 4.85520683e-01 4.85742928e-01 4.83163383e-01
   4.82805607e-01]
  [7.53447735e-03 9.57825369e-04 3.68871009e-04 1.55738496e-04
   6.19773667e-07 3.50818311e-08 3.67977277e-09 1.17463475e-09
   1.31746580e-10 1.90338386e-12 6.59727828e-15 7.33002548e-15
   3.34447285e-15 2.79517150e-16 4.08932147e-17 7.77156117e-19
   2.96059473e-19 3.88578059e-18 3.80066349e-17 3.51570624e-18
   1.11022302e-19 0.00000000e+00 0.00000000e+00 0.00000000e+00
   0.00000000e+00 0.00000000e+00 0.00000000e+00 0.00000000e+00
   0.00000000e+00 0.00000000e+00 0.00000000e+00 0.00000000e+00
   0.00000000e+00]]

 [[2.21508864e-05 0.00000000e+00 0.00000000e+00 0.00000000e+00
   0.00000000e+00 0.00000000e+00 0.00000000e+00 0.00000000e+00
   0.00000000e+00 0.00000000e+00 0.00000000e+00 0.00000000e+00
   0.00000000e+00 0.00000000e+00 0.00000000e+00 0.00000000e+00
   0.00000000e+00 0.00000000e+00 0.00000000e+00 0.00000000e+00
   0.00000000e+00 0.00000000e+00 0.00000000e+00 0.00000000e+00
   0.00000000e+00 0.00000000e+00 0.00000000e+00 0.00000000e+00
   0.00000000e+00 0.00000000e+00 0.00000000e+00 0.00000000e+00
   0.00000000e+00]
  [5.80849883e-04 2.96498082e-08 7.63364864e-09 4.32986980e-18
   0.00000000e+00 0.00000000e+00 0.00000000e+00 0.00000000e+00
   0.00000000e+00 0.00000000e+00 0.00000000e+00 0.00000000e+00
   0.00000000e+00 0.00000000e+00 0.00000000e+00 0.00000000e+00
   0.00000000e+00 0.00000000e+00 0.00000000e+00 0.00000000e+00
   0.00000000e+00 0.00000000e+00 0.00000000e+00 0.00000000e+00
   0.00000000e+00 0.00000000e+00 0.00000000e+00 0.00000000e+00
   0.00000000e+00 0.00000000e+00 0.00000000e+00 0.00000000e+00
   0.00000000e+00]
  [3.82052194e-02 8.12410127e-03 2.50094421e-03 5.55090878e-04
   5.76413978e-05 7.07412188e-06 1.30079277e-06 5.24141512e-08
   1.66241950e-08 1.30685461e-09 2.87944230e-11 5.83786575e-13
   5.48363873e-13 1.67416821e-14 2.04910163e-16 4.81836793e-16
   1.01400370e-17 7.40148683e-20 0.00000000e+00 0.00000000e+00
   0.00000000e+00 0.00000000e+00 0.00000000e+00 0.00000000e+00
   0.00000000e+00 0.00000000e+00 0.00000000e+00 0.00000000e+00
   0.00000000e+00 0.00000000e+00 0.00000000e+00 0.00000000e+00
   0.00000000e+00]
  [4.34759794e-02 9.40443182e-03 3.10941579e-03 7.15815853e-04
   9.24160698e-05 1.47973366e-05 2.62656729e-06 1.36928176e-07
   5.08276290e-08 5.00596924e-09 1.39691172e-10 3.46822130e-12
   2.19205750e-12 9.74937908e-14 1.62595863e-15 3.33473989e-15
   8.77076189e-17 1.03620816e-18 0.00000000e+00 0.00000000e+00
   0.00000000e+00 0.00000000e+00 0.00000000e+00 0.00000000e+00
   0.00000000e+00 0.00000000e+00 0.00000000e+00 0.00000000e+00
   0.00000000e+00 0.00000000e+00 0.00000000e+00 0.00000000e+00
   0.00000000e+00]
  [4.74984522e-02 1.04885596e-02 3.56992264e-03 8.46805472e-04
   1.34006264e-04 2.43029596e-05 4.55989526e-06 3.05458916e-07
   1.10418016e-07 1.35381232e-08 4.85285430e-10 1.58561603e-11
   7.39155326e-12 4.54976908e-13 1.02591269e-14 1.72778458e-14
   5.96522831e-16 8.95579907e-18 1.48029737e-19 0.00000000e+00
   0.00000000e+00 0.00000000e+00 0.00000000e+00 0.00000000e+00
   0.00000000e+00 0.00000000e+00 0.00000000e+00 0.00000000e+00
   0.00000000e+00 0.00000000e+00 0.00000000e+00 0.00000000e+00
   0.00000000e+00]
  [8.41329714e-01 7.85142041e-01 7.47563818e-01 7.29236990e-01
   7.08429253e-01 6.98229494e-01 6.83263579e-01 6.71035762e-01
   6.56798251e-01 6.44356884e-01 6.36124945e-01 6.23707732e-01
   6.13020864e-01 6.03740957e-01 5.97264451e-01 5.89955582e-01
   5.86317912e-01 5.82036135e-01 5.77470177e-01 5.75885846e-01
   5.71072113e-01 5.67652633e-01 5.67439988e-01 5.65746206e-01
   5.62861299e-01 5.59107780e-01 5.54918285e-01 5.55548588e-01
   5.53984112e-01 5.53476782e-01 5.51577399e-01 5.51457822e-01
   5.49137704e-01]]] 
Error up: 
[[[1.38632437e-01 1.77193560e-01 1.91081045e-01 1.85247900e-01
   1.83117228e-01 1.61776515e-01 1.62394530e-01 1.67233403e-01
   1.56645012e-01 1.62668170e-01 1.63339261e-01 1.73912208e-01
   1.86221785e-01 1.94556715e-01 2.04351379e-01 2.12441924e-01
   2.19425882e-01 2.11935423e-01 2.17097106e-01 2.24510757e-01
   2.31016088e-01 2.33343068e-01 2.33832667e-01 2.41013487e-01
   2.43771145e-01 2.45034679e-01 2.41087460e-01 2.45728671e-01
   2.43677966e-01 2.45281664e-01 2.49733097e-01 2.53695320e-01
   2.50348617e-01]
  [5.69387149e-01 2.18413933e-01 2.47359369e-01 7.57775592e-02
   1.12432524e-02 2.22931614e-02 3.35875323e-03 1.93202471e-04
   8.71914101e-05 4.79836722e-06 4.29723020e-07 2.07966954e-08
   1.82187364e-09 9.34492777e-11 2.76121660e-12 6.58782209e-14
   3.46228760e-13 1.33553025e-14 4.48430212e-16 0.00000000e+00
   0.00000000e+00 0.00000000e+00 0.00000000e+00 0.00000000e+00
   0.00000000e+00 0.00000000e+00 0.00000000e+00 0.00000000e+00
   0.00000000e+00 0.00000000e+00 0.00000000e+00 0.00000000e+00
   0.00000000e+00]
  [2.23445139e-01 1.28408700e-01 9.02512933e-02 2.72494305e-02
   5.22021191e-03 3.93328768e-04 4.42125884e-05 4.36610060e-06
   4.07880479e-06 7.09109418e-08 8.60705701e-10 4.74597336e-11
   3.79259278e-13 2.64191643e-15 1.10948288e-16 0.00000000e+00
   0.00000000e+00 0.00000000e+00 0.00000000e+00 0.00000000e+00
   0.00000000e+00 0.00000000e+00 0.00000000e+00 0.00000000e+00
   0.00000000e+00 0.00000000e+00 0.00000000e+00 0.00000000e+00
   0.00000000e+00 0.00000000e+00 0.00000000e+00 0.00000000e+00
   0.00000000e+00]
  [8.10629896e-02 1.04036093e-01 3.47629957e-02 9.33056073e-03
   2.88601758e-04 4.87031505e-06 1.22003456e-08 9.18427205e-12
   9.02050190e-11 3.89191821e-14 0.00000000e+00 0.00000000e+00
   0.00000000e+00 0.00000000e+00 0.00000000e+00 0.00000000e+00
   0.00000000e+00 0.00000000e+00 0.00000000e+00 0.00000000e+00
   0.00000000e+00 0.00000000e+00 0.00000000e+00 0.00000000e+00
   0.00000000e+00 0.00000000e+00 0.00000000e+00 0.00000000e+00
   0.00000000e+00 0.00000000e+00 0.00000000e+00 0.00000000e+00
   0.00000000e+00]
  [7.76363846e-02 7.11884391e-02 5.30979557e-02 7.53765363e-03
   1.87440515e-04 2.04515789e-07 6.56232644e-11 4.66058108e-15
   1.04393069e-13 0.00000000e+00 0.00000000e+00 0.00000000e+00
   0.00000000e+00 0.00000000e+00 0.00000000e+00 0.00000000e+00
   0.00000000e+00 0.00000000e+00 0.00000000e+00 0.00000000e+00
   0.00000000e+00 0.00000000e+00 0.00000000e+00 0.00000000e+00
   0.00000000e+00 0.00000000e+00 0.00000000e+00 0.00000000e+00
   0.00000000e+00 0.00000000e+00 0.00000000e+00 0.00000000e+00
   0.00000000e+00]
  [5.76789910e-01 1.40831224e-07 6.24514255e-13 3.77325586e-11
   0.00000000e+00 0.00000000e+00 0.00000000e+00 0.00000000e+00
   0.00000000e+00 0.00000000e+00 0.00000000e+00 0.00000000e+00
   0.00000000e+00 0.00000000e+00 0.00000000e+00 0.00000000e+00
   0.00000000e+00 0.00000000e+00 0.00000000e+00 0.00000000e+00
   0.00000000e+00 0.00000000e+00 0.00000000e+00 0.00000000e+00
   0.00000000e+00 0.00000000e+00 0.00000000e+00 0.00000000e+00
   0.00000000e+00 0.00000000e+00 0.00000000e+00 0.00000000e+00
   0.00000000e+00]]

 [[2.87538156e-01 2.64125984e-01 2.43444522e-01 8.34707005e-02
   5.63965009e-03 1.99360730e-05 1.55882182e-04 1.10107919e-06
   3.95426430e-07 2.55009121e-10 1.00020032e-13 1.10985295e-16
   0.00000000e+00 0.00000000e+00 0.00000000e+00 0.00000000e+00
   0.00000000e+00 0.00000000e+00 0.00000000e+00 0.00000000e+00
   0.00000000e+00 0.00000000e+00 0.00000000e+00 0.00000000e+00
   0.00000000e+00 0.00000000e+00 0.00000000e+00 0.00000000e+00
   0.00000000e+00 0.00000000e+00 0.00000000e+00 0.00000000e+00
   0.00000000e+00]
  [3.03204771e-01 2.66804329e-01 2.59843347e-01 2.35705286e-01
   2.48599641e-01 2.58540108e-01 2.68051424e-01 2.79925148e-01
   2.88100934e-01 2.82789098e-01 2.61228029e-01 2.62407281e-01
   2.62077690e-01 2.61350319e-01 2.59535788e-01 2.60728112e-01
   2.67413758e-01 2.60195319e-01 2.61386514e-01 2.53245932e-01
   2.54244986e-01 2.56100535e-01 2.53471805e-01 2.56339053e-01
   2.58073266e-01 2.65008917e-01 2.66371814e-01 2.63608459e-01
   2.63527520e-01 2.63158353e-01 2.64418384e-01 2.62014470e-01
   2.63393841e-01]
  [3.16404829e-01 3.44656878e-01 1.87390780e-01 1.97656083e-01
   1.12891065e-01 9.38988990e-02 9.15917132e-02 8.75358099e-02
   1.16932208e-01 4.82658123e-02 8.54836067e-02 4.21295157e-02
   1.33593104e-02 2.63295738e-03 4.32097145e-04 2.39304370e-04
   2.74493411e-05 4.10281364e-05 1.04624029e-05 8.16186898e-07
   1.68194887e-07 1.15159531e-08 8.10186266e-10 3.70427770e-11
   1.78415054e-12 3.84985459e-12 1.37218127e-13 3.85892883e-15
   3.16973400e-15 6.85719794e-15 4.65059042e-16 3.32955885e-16
   1.10985295e-16]
  [3.84822037e-01 3.91492640e-01 2.07704588e-01 1.80790776e-01
   1.26634389e-01 1.05686917e-01 8.11411860e-02 6.93889954e-02
   5.94452013e-02 3.69719732e-02 4.43009486e-02 3.29137434e-02
   1.54751901e-02 5.16309392e-03 2.97719286e-03 1.89913628e-03
   2.67772327e-04 3.16018311e-05 3.12693670e-06 1.11229298e-06
   1.01469935e-07 5.30106722e-08 6.02551656e-09 1.38102187e-08
   3.27894120e-09 6.47005757e-09 4.24364724e-10 2.39440361e-11
   8.46119891e-12 1.34237435e-12 2.45109137e-13 1.93269474e-14
   9.59488252e-15]
  [4.21380428e-01 2.73058917e-01 3.02482513e-01 1.64043733e-01
   1.47159685e-01 1.03530292e-01 9.92826365e-02 6.37004197e-02
   7.12683190e-02 3.59870201e-02 3.30614522e-02 2.54051090e-02
   1.42057848e-02 7.88916201e-03 1.01122450e-02 4.43361853e-03
   1.10514825e-03 2.37392310e-04 3.33195100e-05 1.15795186e-05
   2.35846302e-06 3.90881758e-06 6.38328101e-07 1.25800614e-06
   5.12538373e-07 5.71550301e-07 8.06264425e-08 8.07136305e-09
   1.44401117e-09 4.00497785e-10 5.03454359e-11 6.43472593e-12
   9.33731998e-13]
  [9.03179374e-03 2.03818910e-07 1.87285805e-06 7.40143995e-10
   3.77379967e-11 0.00000000e+00 0.00000000e+00 0.00000000e+00
   0.00000000e+00 0.00000000e+00 0.00000000e+00 0.00000000e+00
   0.00000000e+00 0.00000000e+00 0.00000000e+00 0.00000000e+00
   0.00000000e+00 0.00000000e+00 0.00000000e+00 0.00000000e+00
   0.00000000e+00 0.00000000e+00 0.00000000e+00 0.00000000e+00
   0.00000000e+00 0.00000000e+00 0.00000000e+00 0.00000000e+00
   0.00000000e+00 0.00000000e+00 0.00000000e+00 0.00000000e+00
   0.00000000e+00]]

 [[2.27752163e-01 1.28257046e-01 1.37244736e-01 4.32606832e-02
   9.27299908e-07 1.12899764e-05 1.73168009e-10 5.97659844e-13
   5.54926475e-16 0.00000000e+00 0.00000000e+00 0.00000000e+00
   0.00000000e+00 0.00000000e+00 0.00000000e+00 0.00000000e+00
   0.00000000e+00 0.00000000e+00 0.00000000e+00 0.00000000e+00
   0.00000000e+00 0.00000000e+00 0.00000000e+00 0.00000000e+00
   0.00000000e+00 0.00000000e+00 0.00000000e+00 0.00000000e+00
   0.00000000e+00 0.00000000e+00 0.00000000e+00 0.00000000e+00
   0.00000000e+00]
  [2.58788752e-01 1.94244177e-01 2.49383482e-01 1.29619554e-01
   5.92823665e-02 4.26847044e-02 1.53078143e-02 8.19121702e-03
   4.96550425e-03 6.00738065e-03 3.98733091e-03 8.35762750e-04
   2.42047604e-04 5.66287086e-05 2.41529414e-05 1.09954887e-05
   1.26743765e-06 1.35227073e-06 1.57345849e-06 1.12972776e-07
   2.76360313e-08 6.50937741e-09 8.85394859e-10 1.14866843e-09
   3.50263559e-09 1.59714571e-10 8.75689431e-10 3.57809610e-11
   8.54012637e-13 1.84448761e-14 1.17779013e-13 6.56672513e-14
   3.14006687e-15]
  [3.60223671e-01 2.26391189e-01 2.13586721e-01 2.13354848e-01
   2.17084181e-01 2.49263271e-01 2.70344414e-01 2.43518688e-01
   2.36368477e-01 2.52967371e-01 2.47657694e-01 2.54136342e-01
   2.64683865e-01 2.61695578e-01 2.63864258e-01 2.68125089e-01
   2.70716342e-01 2.70712555e-01 2.74248903e-01 2.76904078e-01
   2.77085451e-01 2.76212273e-01 2.77548857e-01 2.75917945e-01
   2.78192065e-01 2.78677806e-01 2.80147109e-01 2.80425083e-01
   2.81064735e-01 2.79876617e-01 2.79318929e-01 2.74710544e-01
   2.75779749e-01]
  [2.97786713e-01 2.82354793e-01 2.70525855e-01 2.76700537e-01
   2.57654578e-01 2.70304722e-01 2.68060366e-01 2.80856408e-01
   2.97582684e-01 3.06743323e-01 3.12620778e-01 3.17834092e-01
   3.18239499e-01 3.19342285e-01 3.23045186e-01 3.26758602e-01
   3.28509282e-01 3.29397065e-01 3.35247644e-01 3.37712491e-01
   3.37771723e-01 3.40857652e-01 3.35244455e-01 3.36575841e-01
   3.35523413e-01 3.41455317e-01 3.44765016e-01 3.40165239e-01
   3.42500765e-01 3.42870259e-01 3.39788689e-01 3.41964725e-01
   3.42017845e-01]
  [3.16132059e-01 2.76539282e-01 3.19576844e-01 3.09633104e-01
   3.16467771e-01 2.92161008e-01 3.04194828e-01 3.00780509e-01
   3.14569341e-01 3.26484058e-01 3.40406369e-01 3.41106087e-01
   3.41158726e-01 3.39234015e-01 3.38157576e-01 3.39929353e-01
   3.31124950e-01 3.36097230e-01 3.37602258e-01 3.40783942e-01
   3.30282530e-01 3.31040122e-01 3.17911396e-01 3.16723045e-01
   3.05864749e-01 3.05080083e-01 3.11199153e-01 3.08576787e-01
   3.04002735e-01 3.00636527e-01 2.96884616e-01 2.91585536e-01
   2.93829557e-01]
  [3.10556817e-01 2.40635461e-01 2.51588876e-01 1.37957135e-01
   4.19257425e-03 1.58918032e-03 7.03274842e-05 4.68186336e-06
   2.16193556e-08 1.00173123e-09 4.75036441e-09 1.16803227e-11
   4.03156725e-13 6.59874960e-15 3.63236875e-15 0.00000000e+00
   0.00000000e+00 0.00000000e+00 0.00000000e+00 0.00000000e+00
   0.00000000e+00 0.00000000e+00 0.00000000e+00 0.00000000e+00
   0.00000000e+00 0.00000000e+00 0.00000000e+00 0.00000000e+00
   0.00000000e+00 0.00000000e+00 0.00000000e+00 0.00000000e+00
   0.00000000e+00]]

 [[1.56373837e-01 7.97292135e-02 2.57415944e-02 2.21379139e-04
   2.80415241e-04 7.51835259e-15 5.88222064e-15 0.00000000e+00
   0.00000000e+00 0.00000000e+00 0.00000000e+00 0.00000000e+00
   0.00000000e+00 0.00000000e+00 0.00000000e+00 0.00000000e+00
   0.00000000e+00 0.00000000e+00 0.00000000e+00 0.00000000e+00
   0.00000000e+00 0.00000000e+00 0.00000000e+00 0.00000000e+00
   0.00000000e+00 0.00000000e+00 0.00000000e+00 0.00000000e+00
   0.00000000e+00 0.00000000e+00 0.00000000e+00 0.00000000e+00
   0.00000000e+00]
  [2.66141324e-01 2.33329182e-01 2.60243935e-01 1.38138992e-01
   9.31109302e-02 3.17645630e-02 3.36549535e-02 1.59346191e-02
   8.64615592e-03 2.85469270e-03 5.69228695e-04 1.51667883e-04
   1.83861340e-04 3.23122284e-04 5.07701020e-04 2.10005056e-04
   3.25482212e-04 1.70528377e-06 1.49085643e-06 5.85888804e-07
   5.98455277e-08 2.52222903e-09 9.06200260e-10 3.25004335e-10
   5.71518797e-11 2.32737222e-10 1.16215057e-11 9.00340543e-12
   2.52021857e-12 6.17051390e-13 4.04337879e-15 1.41473828e-15
   4.43941180e-16]
  [4.56064108e-01 2.44371824e-01 2.28072493e-01 2.59729289e-01
   2.91057133e-01 3.33310374e-01 3.04623688e-01 2.99512191e-01
   3.26795898e-01 3.16254211e-01 3.23115190e-01 3.36406009e-01
   3.41750989e-01 3.27800268e-01 3.33920362e-01 3.42345335e-01
   3.46275550e-01 3.43770909e-01 3.52336607e-01 3.46374759e-01
   3.49360023e-01 3.42963973e-01 3.56187282e-01 3.53899463e-01
   3.51750254e-01 3.50749119e-01 3.45834196e-01 3.49579339e-01
   3.54174041e-01 3.55673903e-01 3.48147625e-01 3.52509245e-01
   3.46010597e-01]
  [3.18003616e-01 2.57825817e-01 2.46325488e-01 2.49831534e-01
   2.55043119e-01 2.48714056e-01 2.56294580e-01 2.54880395e-01
   2.60021430e-01 2.62494929e-01 2.67605952e-01 2.70858573e-01
   2.69704214e-01 2.68624227e-01 2.66389859e-01 2.66159526e-01
   2.65207609e-01 2.64934281e-01 2.69962877e-01 2.69648136e-01
   2.73916639e-01 2.76130992e-01 2.73937736e-01 2.70875467e-01
   2.68281431e-01 2.68903140e-01 2.71180200e-01 2.70863712e-01
   2.71322159e-01 2.72887508e-01 2.70762287e-01 2.72790545e-01
   2.69998744e-01]
  [2.68225552e-01 2.40425298e-01 2.59994264e-01 2.69597502e-01
   2.75788732e-01 2.67093541e-01 2.57216013e-01 2.63486683e-01
   2.62919531e-01 2.63811172e-01 2.63918360e-01 2.71088673e-01
   2.72942670e-01 2.76207480e-01 2.77807511e-01 2.80957670e-01
   2.79065823e-01 2.84713475e-01 2.89047550e-01 2.86016472e-01
   2.90398488e-01 2.94466044e-01 2.91561986e-01 2.96432896e-01
   2.91624213e-01 2.89007192e-01 2.90578715e-01 2.90197940e-01
   2.95018961e-01 3.02191531e-01 2.95836314e-01 2.96073758e-01
   2.96447594e-01]
  [2.69766587e-01 2.72609827e-01 6.25258298e-02 1.59257410e-02
   2.51895932e-04 1.33964267e-04 4.74396095e-06 8.18327427e-07
   1.17894083e-07 1.69859824e-09 1.33675956e-08 1.56364625e-11
   6.89170325e-13 2.82643704e-16 2.11640828e-15 0.00000000e+00
   0.00000000e+00 0.00000000e+00 0.00000000e+00 0.00000000e+00
   0.00000000e+00 0.00000000e+00 0.00000000e+00 0.00000000e+00
   0.00000000e+00 0.00000000e+00 0.00000000e+00 0.00000000e+00
   0.00000000e+00 0.00000000e+00 0.00000000e+00 0.00000000e+00
   0.00000000e+00]]

 [[1.83508833e-01 6.46122028e-02 1.05120403e-02 3.82735256e-08
   1.39188358e-06 1.49255235e-15 0.00000000e+00 1.10985295e-16
   0.00000000e+00 0.00000000e+00 0.00000000e+00 0.00000000e+00
   0.00000000e+00 0.00000000e+00 0.00000000e+00 0.00000000e+00
   0.00000000e+00 0.00000000e+00 0.00000000e+00 0.00000000e+00
   0.00000000e+00 0.00000000e+00 0.00000000e+00 0.00000000e+00
   0.00000000e+00 0.00000000e+00 0.00000000e+00 0.00000000e+00
   0.00000000e+00 0.00000000e+00 0.00000000e+00 0.00000000e+00
   0.00000000e+00]
  [3.63861024e-01 3.05026018e-01 3.03231514e-01 1.84229120e-01
   1.16415526e-01 1.33515904e-01 3.11988290e-02 3.50591242e-02
   1.72291155e-02 2.47745578e-03 5.46096797e-03 1.04823643e-03
   2.89488834e-03 8.22965866e-03 1.36333838e-05 3.77708469e-05
   1.46358971e-05 2.98283025e-06 3.59140538e-07 5.00836586e-07
   6.74312430e-08 7.16398972e-09 2.29365571e-08 1.04698192e-07
   4.47146000e-09 1.93713813e-08 1.83384674e-10 5.94781055e-11
   3.08817704e-10 5.42151432e-11 9.01407404e-12 2.81447348e-11
   4.06162057e-12]
  [4.55410322e-01 2.91398905e-01 2.71979743e-01 3.14936581e-01
   3.56457103e-01 3.55713478e-01 3.21062097e-01 3.54946438e-01
   3.32813010e-01 3.60705561e-01 3.58217294e-01 3.45636494e-01
   3.35795263e-01 3.42461407e-01 3.43334008e-01 3.42621464e-01
   3.36002164e-01 3.40417214e-01 3.33920815e-01 3.34678455e-01
   3.33055997e-01 3.29583922e-01 3.18199014e-01 3.13700823e-01
   3.16100844e-01 3.22461935e-01 3.08755693e-01 3.08554747e-01
   2.97219371e-01 2.95140162e-01 2.89231851e-01 2.77881357e-01
   2.78529625e-01]
  [3.08030499e-01 2.76123612e-01 2.73138851e-01 2.74445975e-01
   2.78450573e-01 2.70668990e-01 2.71894962e-01 2.71206233e-01
   2.75425831e-01 2.82297218e-01 2.95892931e-01 2.92121012e-01
   2.90188435e-01 2.94028147e-01 2.98159016e-01 2.96063844e-01
   3.01805248e-01 3.03429976e-01 3.04357017e-01 3.03933353e-01
   3.04832417e-01 3.03347894e-01 3.06071723e-01 3.06644270e-01
   3.09595977e-01 3.10471395e-01 3.14569990e-01 3.13924105e-01
   3.14987375e-01 3.13137473e-01 3.14143213e-01 3.15838648e-01
   3.12329916e-01]
  [2.73616091e-01 2.45629050e-01 2.68785307e-01 2.74941362e-01
   2.84399823e-01 2.61452687e-01 2.54911509e-01 2.62039048e-01
   2.63375654e-01 2.64792224e-01 2.73221447e-01 2.76588708e-01
   2.76329008e-01 2.78077116e-01 2.77426240e-01 2.79344255e-01
   2.78235877e-01 2.79741017e-01 2.75864963e-01 2.74518267e-01
   2.75960971e-01 2.79051637e-01 2.78327185e-01 2.77111526e-01
   2.80005817e-01 2.77416417e-01 2.80409131e-01 2.82090312e-01
   2.78004712e-01 2.82547872e-01 2.84843708e-01 2.89412917e-01
   2.85412542e-01]
  [3.45291016e-01 3.43196387e-02 7.80853396e-02 1.75513362e-01
   1.66871252e-04 1.33490133e-05 1.31104341e-06 5.35074030e-07
   9.01148500e-08 1.01345996e-09 1.96793371e-12 5.09147887e-12
   3.70705816e-12 3.11321961e-13 6.77044122e-14 2.33069120e-15
   8.87882360e-16 1.16534560e-14 8.02056834e-14 5.30530114e-15
   3.32955885e-16 0.00000000e+00 0.00000000e+00 0.00000000e+00
   0.00000000e+00 0.00000000e+00 0.00000000e+00 0.00000000e+00
   0.00000000e+00 0.00000000e+00 0.00000000e+00 0.00000000e+00
   0.00000000e+00]]

 [[2.44794634e-02 0.00000000e+00 0.00000000e+00 0.00000000e+00
   0.00000000e+00 0.00000000e+00 0.00000000e+00 0.00000000e+00
   0.00000000e+00 0.00000000e+00 0.00000000e+00 0.00000000e+00
   0.00000000e+00 0.00000000e+00 0.00000000e+00 0.00000000e+00
   0.00000000e+00 0.00000000e+00 0.00000000e+00 0.00000000e+00
   0.00000000e+00 0.00000000e+00 0.00000000e+00 0.00000000e+00
   0.00000000e+00 0.00000000e+00 0.00000000e+00 0.00000000e+00
   0.00000000e+00 0.00000000e+00 0.00000000e+00 0.00000000e+00
   0.00000000e+00]
  [3.85393752e-01 6.72721404e-06 1.05304386e-05 3.61118837e-15
   0.00000000e+00 0.00000000e+00 0.00000000e+00 0.00000000e+00
   0.00000000e+00 0.00000000e+00 0.00000000e+00 0.00000000e+00
   0.00000000e+00 0.00000000e+00 0.00000000e+00 0.00000000e+00
   0.00000000e+00 0.00000000e+00 0.00000000e+00 0.00000000e+00
   0.00000000e+00 0.00000000e+00 0.00000000e+00 0.00000000e+00
   0.00000000e+00 0.00000000e+00 0.00000000e+00 0.00000000e+00
   0.00000000e+00 0.00000000e+00 0.00000000e+00 0.00000000e+00
   0.00000000e+00]
  [2.48744856e-01 1.70603314e-01 1.31066807e-01 3.01177627e-02
   5.15386580e-03 2.04189742e-03 2.47988408e-04 1.38315234e-05
   1.07040273e-05 3.95182234e-07 1.42895584e-08 1.61541720e-10
   3.92997358e-10 1.04440094e-11 1.57473218e-13 7.20349868e-13
   1.51999154e-14 1.10948288e-16 0.00000000e+00 0.00000000e+00
   0.00000000e+00 0.00000000e+00 0.00000000e+00 0.00000000e+00
   0.00000000e+00 0.00000000e+00 0.00000000e+00 0.00000000e+00
   0.00000000e+00 0.00000000e+00 0.00000000e+00 0.00000000e+00
   0.00000000e+00]
  [2.73563545e-01 1.48398126e-01 1.45762312e-01 3.74610029e-02
   7.73619925e-03 4.35402791e-03 4.20324836e-04 3.43704414e-05
   3.10125452e-05 1.51573273e-06 6.94268500e-08 9.63406749e-10
   1.55616854e-09 3.94971915e-11 1.21293421e-12 4.98085416e-12
   6.55703301e-14 1.55327603e-15 0.00000000e+00 0.00000000e+00
   0.00000000e+00 0.00000000e+00 0.00000000e+00 0.00000000e+00
   0.00000000e+00 0.00000000e+00 0.00000000e+00 0.00000000e+00
   0.00000000e+00 0.00000000e+00 0.00000000e+00 0.00000000e+00
   0.00000000e+00]
  [2.89540075e-01 1.41555068e-01 1.49891676e-01 4.16497403e-02
   1.10899284e-02 6.84716099e-03 6.76971239e-04 7.64019436e-05
   6.57670331e-05 3.92284140e-06 2.08450479e-07 4.40781350e-09
   5.15374655e-09 1.75057560e-10 5.79990110e-12 2.57489269e-11
   4.44957335e-13 1.34247428e-14 2.21896575e-16 0.00000000e+00
   0.00000000e+00 0.00000000e+00 0.00000000e+00 0.00000000e+00
   0.00000000e+00 0.00000000e+00 0.00000000e+00 0.00000000e+00
   0.00000000e+00 0.00000000e+00 0.00000000e+00 0.00000000e+00
   0.00000000e+00]
  [1.57904514e-01 2.12817013e-01 2.48383648e-01 2.63914520e-01
   2.81119058e-01 2.86903022e-01 2.64119688e-01 2.52278478e-01
   2.63956000e-01 2.67516493e-01 2.75501151e-01 2.87728021e-01
   2.98423810e-01 3.08048338e-01 3.14200645e-01 3.20650344e-01
   3.22825679e-01 3.02955676e-01 2.93502881e-01 2.85820673e-01
   2.80298308e-01 2.77652055e-01 2.78127418e-01 2.73301029e-01
   2.70610010e-01 2.71608858e-01 2.69292681e-01 2.63503920e-01
   2.57035123e-01 2.55116798e-01 2.56051471e-01 2.52510079e-01
   2.51828856e-01]]] 
Error down: 
[[[8.35642666e-01 6.94908358e-01 5.57047851e-01 4.72506280e-01
   4.28899924e-01 5.40176809e-01 5.22790076e-01 5.12329391e-01
   6.35560762e-01 6.12738009e-01 6.67891815e-01 6.39058296e-01
   6.09631860e-01 5.83245835e-01 5.59205889e-01 5.40618897e-01
   5.24552956e-01 5.93947597e-01 5.78584686e-01 5.59625705e-01
   5.43209996e-01 5.32022287e-01 5.45303638e-01 5.31212563e-01
   5.20555505e-01 5.21590182e-01 5.40420121e-01 5.28983994e-01
   5.34471277e-01 5.26917516e-01 5.11643844e-01 5.01508066e-01
   5.10308005e-01]
  [4.53775679e-02 1.29614650e-02 4.26566337e-03 1.03935370e-03
   1.82665910e-04 8.32212677e-05 1.57837409e-05 1.37704239e-06
   2.03139342e-07 1.34220284e-08 1.85427296e-09 1.34232684e-10
   1.02113797e-11 4.73960244e-13 1.57765246e-14 4.76413260e-16
   6.18199142e-16 2.69414121e-17 9.99200722e-19 0.00000000e+00
   0.00000000e+00 0.00000000e+00 0.00000000e+00 0.00000000e+00
   0.00000000e+00 0.00000000e+00 0.00000000e+00 0.00000000e+00
   0.00000000e+00 0.00000000e+00 0.00000000e+00 0.00000000e+00
   0.00000000e+00]
  [2.71795990e-02 5.03962837e-03 9.88486727e-04 3.13635967e-04
   3.02526860e-05 2.15250920e-06 2.73862005e-07 1.70857071e-08
   6.02637599e-09 1.25911418e-10 2.71353339e-12 9.07406647e-14
   1.22134519e-15 1.10282154e-17 7.40148683e-20 0.00000000e+00
   0.00000000e+00 0.00000000e+00 0.00000000e+00 0.00000000e+00
   0.00000000e+00 0.00000000e+00 0.00000000e+00 0.00000000e+00
   0.00000000e+00 0.00000000e+00 0.00000000e+00 0.00000000e+00
   0.00000000e+00 0.00000000e+00 0.00000000e+00 0.00000000e+00
   0.00000000e+00]
  [5.65513431e-03 1.40483758e-03 1.70717262e-04 2.03036920e-05
   4.78609529e-07 4.92426939e-09 3.35135572e-11 3.86890019e-14
   5.17345862e-14 2.26855571e-17 0.00000000e+00 0.00000000e+00
   0.00000000e+00 0.00000000e+00 0.00000000e+00 0.00000000e+00
   0.00000000e+00 0.00000000e+00 0.00000000e+00 0.00000000e+00
   0.00000000e+00 0.00000000e+00 0.00000000e+00 0.00000000e+00
   0.00000000e+00 0.00000000e+00 0.00000000e+00 0.00000000e+00
   0.00000000e+00 0.00000000e+00 0.00000000e+00 0.00000000e+00
   0.00000000e+00]
  [3.00193378e-03 7.66884516e-04 1.03272672e-04 1.05388843e-05
   1.08481982e-07 2.17032631e-10 1.91066308e-13 2.07241631e-17
   6.41338834e-17 0.00000000e+00 0.00000000e+00 0.00000000e+00
   0.00000000e+00 0.00000000e+00 0.00000000e+00 0.00000000e+00
   0.00000000e+00 0.00000000e+00 0.00000000e+00 0.00000000e+00
   0.00000000e+00 0.00000000e+00 0.00000000e+00 0.00000000e+00
   0.00000000e+00 0.00000000e+00 0.00000000e+00 0.00000000e+00
   0.00000000e+00 0.00000000e+00 0.00000000e+00 0.00000000e+00
   0.00000000e+00]
  [3.41084175e-04 4.69633662e-11 2.08240832e-16 1.25817134e-14
   0.00000000e+00 0.00000000e+00 0.00000000e+00 0.00000000e+00
   0.00000000e+00 0.00000000e+00 0.00000000e+00 0.00000000e+00
   0.00000000e+00 0.00000000e+00 0.00000000e+00 0.00000000e+00
   0.00000000e+00 0.00000000e+00 0.00000000e+00 0.00000000e+00
   0.00000000e+00 0.00000000e+00 0.00000000e+00 0.00000000e+00
   0.00000000e+00 0.00000000e+00 0.00000000e+00 0.00000000e+00
   0.00000000e+00 0.00000000e+00 0.00000000e+00 0.00000000e+00
   0.00000000e+00]]

 [[2.11272573e-02 6.63712048e-03 1.11102705e-03 2.71322175e-04
   1.26534240e-05 1.20393710e-07 2.31594818e-07 1.92219945e-09
   2.33500369e-10 2.13774018e-13 1.87442654e-16 3.70074342e-20
   0.00000000e+00 0.00000000e+00 0.00000000e+00 0.00000000e+00
   0.00000000e+00 0.00000000e+00 0.00000000e+00 0.00000000e+00
   0.00000000e+00 0.00000000e+00 0.00000000e+00 0.00000000e+00
   0.00000000e+00 0.00000000e+00 0.00000000e+00 0.00000000e+00
   0.00000000e+00 0.00000000e+00 0.00000000e+00 0.00000000e+00
   0.00000000e+00]
  [4.59888085e-01 4.48789023e-01 4.38647471e-01 5.00663342e-01
   4.68857523e-01 4.45395967e-01 4.21005382e-01 3.81551089e-01
   3.49235521e-01 3.40934043e-01 3.64750032e-01 3.50066410e-01
   3.41348712e-01 3.30196457e-01 3.23926009e-01 3.15208846e-01
   2.96795281e-01 3.03461675e-01 2.99164937e-01 3.09943242e-01
   3.10475134e-01 3.09863374e-01 3.11170464e-01 3.06013812e-01
   3.05050069e-01 2.97067569e-01 2.97946181e-01 3.01645781e-01
   2.99920574e-01 3.02503955e-01 3.00008622e-01 3.05155638e-01
   3.04367291e-01]
  [8.41903296e-02 4.22181161e-02 2.10953308e-02 9.68402747e-03
   4.99870293e-03 2.53879105e-03 1.38516706e-03 8.05137564e-04
   5.71424971e-04 2.31846875e-04 1.75555739e-04 7.89636138e-05
   2.30120010e-05 6.83698920e-06 1.21734742e-06 4.25953247e-07
   6.60593880e-08 5.08636512e-08 1.23347864e-08 1.34378215e-09
   2.04765176e-10 1.77750241e-11 1.36344338e-12 9.11893656e-14
   7.03401145e-15 1.04347121e-14 4.56911892e-16 1.55061149e-17
   7.62353144e-18 1.11022302e-17 7.40148683e-19 1.11022302e-19
   3.70074342e-20]
  [1.06558067e-01 4.36668005e-02 2.54294265e-02 1.19675563e-02
   5.95511140e-03 3.00621530e-03 1.67717629e-03 8.16848104e-04
   5.63619299e-04 2.82434767e-04 1.79921392e-04 1.02391746e-04
   3.79317183e-05 1.42864729e-05 6.65438306e-06 2.63662806e-06
   4.20573442e-07 5.64196196e-08 5.97577791e-09 2.42170643e-09
   3.28144875e-10 1.28668657e-10 2.42689085e-11 2.49008260e-11
   9.05136168e-12 9.48869202e-12 9.11397831e-13 7.06407253e-14
   1.36707348e-14 3.37494131e-15 5.30706456e-16 5.15143483e-17
   1.77265610e-17]
  [1.26645412e-01 6.01729567e-02 3.01966796e-02 1.66775491e-02
   8.36522272e-03 4.60898578e-03 2.52341423e-03 1.30294908e-03
   8.26258286e-04 4.70787230e-04 2.69839920e-04 1.82538920e-04
   7.02344601e-05 3.81338731e-05 2.80621210e-05 8.30701508e-06
   2.03820231e-06 4.90225067e-07 8.21197247e-08 3.53917906e-08
   9.48618636e-09 8.56675899e-09 2.29165194e-09 2.48509373e-09
   1.33350108e-09 8.94829071e-10 1.52380671e-10 2.14212625e-11
   3.45090134e-12 1.01086865e-12 1.45946870e-13 1.98483476e-14
   3.09878123e-15]
  [2.54805141e-05 3.26203759e-10 1.09373641e-09 4.95300832e-13
   1.25835308e-14 0.00000000e+00 0.00000000e+00 0.00000000e+00
   0.00000000e+00 0.00000000e+00 0.00000000e+00 0.00000000e+00
   0.00000000e+00 0.00000000e+00 0.00000000e+00 0.00000000e+00
   0.00000000e+00 0.00000000e+00 0.00000000e+00 0.00000000e+00
   0.00000000e+00 0.00000000e+00 0.00000000e+00 0.00000000e+00
   0.00000000e+00 0.00000000e+00 0.00000000e+00 0.00000000e+00
   0.00000000e+00 0.00000000e+00 0.00000000e+00 0.00000000e+00
   0.00000000e+00]]

 [[5.80045450e-03 9.11688372e-04 3.98235615e-04 3.56250394e-05
   1.86152528e-09 7.54410721e-09 1.52256760e-13 5.05891625e-16
   1.85037171e-19 0.00000000e+00 0.00000000e+00 0.00000000e+00
   0.00000000e+00 0.00000000e+00 0.00000000e+00 0.00000000e+00
   0.00000000e+00 0.00000000e+00 0.00000000e+00 0.00000000e+00
   0.00000000e+00 0.00000000e+00 0.00000000e+00 0.00000000e+00
   0.00000000e+00 0.00000000e+00 0.00000000e+00 0.00000000e+00
   0.00000000e+00 0.00000000e+00 0.00000000e+00 0.00000000e+00
   0.00000000e+00]
  [3.84411556e-02 2.07449227e-02 8.65752824e-03 3.85998697e-03
   1.38272691e-03 7.21127330e-04 1.89400198e-04 9.33428096e-05
   4.16682685e-05 2.57455571e-05 1.37862829e-05 3.26302953e-06
   1.14475135e-06 3.23421590e-07 1.29497238e-07 3.84298842e-08
   7.23496439e-09 4.79697052e-09 3.67679961e-09 3.75240299e-10
   9.33189780e-11 1.64116452e-11 2.77134666e-12 2.52268432e-12
   4.62019080e-12 2.68964541e-13 9.30411773e-13 4.58554832e-14
   1.51424688e-15 8.50430837e-17 1.39309759e-16 6.64283443e-17
   1.51730480e-18]
  [2.66020556e-01 2.90112954e-01 3.02713236e-01 3.14523299e-01
   3.27959030e-01 2.89508378e-01 2.64247858e-01 2.94242039e-01
   3.02199029e-01 2.84493316e-01 2.88489737e-01 2.81000745e-01
   2.78397019e-01 2.84958775e-01 2.84059370e-01 2.84088801e-01
   2.86327936e-01 2.86796895e-01 2.84702037e-01 2.86145718e-01
   2.93370730e-01 2.93868791e-01 2.95427325e-01 2.96577873e-01
   2.93352492e-01 2.93730525e-01 2.93159058e-01 2.92802485e-01
   2.90438592e-01 2.91648924e-01 2.92453132e-01 2.93990375e-01
   2.92260818e-01]
  [3.05927599e-01 2.92962087e-01 2.72007756e-01 2.55882837e-01
   2.74145230e-01 2.73574542e-01 2.77201302e-01 2.68928643e-01
   2.64595795e-01 2.61685044e-01 2.47977165e-01 2.41470937e-01
   2.43103468e-01 2.42603822e-01 2.38001592e-01 2.39400162e-01
   2.36195095e-01 2.33428205e-01 2.26445924e-01 2.24619814e-01
   2.20349030e-01 2.11821091e-01 2.09539853e-01 2.07135574e-01
   2.05207118e-01 2.00099054e-01 1.95523158e-01 1.91155874e-01
   1.86880097e-01 1.83280727e-01 1.79931450e-01 1.76504350e-01
   1.73350948e-01]
  [3.00475120e-01 3.24305543e-01 2.58576434e-01 2.42416403e-01
   2.26935828e-01 2.46990170e-01 2.33554026e-01 2.36285574e-01
   2.31784141e-01 2.21995429e-01 2.02958921e-01 1.95423211e-01
   1.90149187e-01 1.83343563e-01 1.76540582e-01 1.72924811e-01
   1.68384501e-01 1.59975411e-01 1.52565581e-01 1.47449698e-01
   1.41711957e-01 1.33290518e-01 1.28299171e-01 1.23016374e-01
   1.18885335e-01 1.13776906e-01 1.08361637e-01 1.02884061e-01
   9.80763219e-02 9.34150930e-02 8.92760770e-02 8.60799006e-02
   8.18267468e-02]
  [8.19358893e-03 1.74475694e-03 9.51442620e-04 2.11920848e-04
   7.72973130e-06 2.40635614e-06 1.35561502e-07 7.66719488e-09
   4.81719288e-11 2.13953598e-12 3.56231433e-12 1.40504355e-14
   5.90843890e-16 1.53210777e-17 3.10862447e-18 0.00000000e+00
   0.00000000e+00 0.00000000e+00 0.00000000e+00 0.00000000e+00
   0.00000000e+00 0.00000000e+00 0.00000000e+00 0.00000000e+00
   0.00000000e+00 0.00000000e+00 0.00000000e+00 0.00000000e+00
   0.00000000e+00 0.00000000e+00 0.00000000e+00 0.00000000e+00
   0.00000000e+00]]

 [[1.69579767e-03 4.54884295e-04 2.11844833e-05 1.11152043e-07
   9.35029151e-08 1.54321000e-17 1.96139401e-18 0.00000000e+00
   0.00000000e+00 0.00000000e+00 0.00000000e+00 0.00000000e+00
   0.00000000e+00 0.00000000e+00 0.00000000e+00 0.00000000e+00
   0.00000000e+00 0.00000000e+00 0.00000000e+00 0.00000000e+00
   0.00000000e+00 0.00000000e+00 0.00000000e+00 0.00000000e+00
   0.00000000e+00 0.00000000e+00 0.00000000e+00 0.00000000e+00
   0.00000000e+00 0.00000000e+00 0.00000000e+00 0.00000000e+00
   0.00000000e+00]
  [4.09008666e-02 2.31276915e-02 9.76191965e-03 3.90204132e-03
   1.80184375e-03 6.66873054e-04 4.12903903e-04 2.00965620e-04
   8.24765900e-05 2.54233829e-05 6.20703074e-06 1.65172631e-06
   8.49274039e-07 1.11588340e-06 9.54547775e-07 3.18426254e-07
   3.79510167e-07 4.96085994e-09 3.44699492e-09 1.30765635e-09
   1.40412492e-10 8.88966026e-12 2.85657835e-12 7.90379839e-13
   1.59075118e-13 2.51888687e-13 1.73226313e-14 8.04284931e-15
   2.39584725e-15 4.62477850e-16 4.66293670e-18 7.03141249e-19
   1.48029737e-19]
  [2.09799029e-01 2.82625019e-01 3.26074751e-01 3.13788787e-01
   2.86672754e-01 2.59397860e-01 2.84207748e-01 2.92815175e-01
   2.68989270e-01 2.77019679e-01 2.70298295e-01 2.59580795e-01
   2.58111274e-01 2.59877110e-01 2.53779858e-01 2.47223538e-01
   2.43916771e-01 2.40750032e-01 2.32333181e-01 2.30688755e-01
   2.24840463e-01 2.25298441e-01 2.18065421e-01 2.12830817e-01
   2.10107020e-01 2.03805339e-01 2.00516863e-01 1.96043674e-01
   1.90068696e-01 1.87668738e-01 1.83948172e-01 1.78306917e-01
   1.74247781e-01]
  [2.54650804e-01 3.02423886e-01 3.08252506e-01 2.97088875e-01
   2.81748589e-01 2.95787090e-01 2.87412693e-01 2.99477527e-01
   3.01483311e-01 3.04944049e-01 2.97224371e-01 2.97543434e-01
   2.98287611e-01 2.95120525e-01 2.99733868e-01 3.03656723e-01
   3.04942676e-01 3.05265790e-01 3.00504824e-01 3.00599963e-01
   2.98502135e-01 2.95024133e-01 2.94585569e-01 2.92708567e-01
   2.92661176e-01 2.90795794e-01 2.88478916e-01 2.88992517e-01
   2.88414029e-01 2.87552964e-01 2.90368780e-01 2.91492769e-01
   2.92958067e-01]
  [2.98724063e-01 3.48426026e-01 3.18332342e-01 2.91065190e-01
   2.72328960e-01 2.79347963e-01 2.86976766e-01 2.86827504e-01
   2.95167569e-01 3.01591346e-01 3.01014251e-01 2.95518883e-01
   2.93284301e-01 2.88860596e-01 2.93280206e-01 2.91266996e-01
   2.92410527e-01 2.86214204e-01 2.84663566e-01 2.89814109e-01
   2.88681711e-01 2.83559265e-01 2.82338381e-01 2.77783575e-01
   2.77654159e-01 2.78631414e-01 2.77555824e-01 2.79421463e-01
   2.79925984e-01 2.75858743e-01 2.79373790e-01 2.80057675e-01
   2.80655288e-01]
  [5.51126293e-03 1.39916814e-03 2.76806161e-04 4.26263445e-05
   1.14359502e-06 2.50578193e-07 9.86609880e-09 1.72433349e-09
   2.12204383e-10 3.45074684e-12 1.04342398e-11 2.27173899e-14
   8.09141967e-16 4.81096644e-19 1.29526020e-18 0.00000000e+00
   0.00000000e+00 0.00000000e+00 0.00000000e+00 0.00000000e+00
   0.00000000e+00 0.00000000e+00 0.00000000e+00 0.00000000e+00
   0.00000000e+00 0.00000000e+00 0.00000000e+00 0.00000000e+00
   0.00000000e+00 0.00000000e+00 0.00000000e+00 0.00000000e+00
   0.00000000e+00]]

 [[1.68075546e-03 1.36812432e-04 1.05482320e-05 6.19605151e-11
   9.28541416e-10 1.48029737e-18 0.00000000e+00 3.70074342e-20
   0.00000000e+00 0.00000000e+00 0.00000000e+00 0.00000000e+00
   0.00000000e+00 0.00000000e+00 0.00000000e+00 0.00000000e+00
   0.00000000e+00 0.00000000e+00 0.00000000e+00 0.00000000e+00
   0.00000000e+00 0.00000000e+00 0.00000000e+00 0.00000000e+00
   0.00000000e+00 0.00000000e+00 0.00000000e+00 0.00000000e+00
   0.00000000e+00 0.00000000e+00 0.00000000e+00 0.00000000e+00
   0.00000000e+00]
  [5.54649220e-02 3.16113938e-02 1.40540230e-02 6.53289909e-03
   2.82624103e-03 1.68504365e-03 5.24423770e-04 2.88171326e-04
   8.59509077e-05 2.31053018e-05 2.23365607e-05 5.67581274e-06
   6.68998541e-06 1.09024701e-05 1.05473471e-07 1.41054167e-07
   4.36318655e-08 1.20651152e-08 1.71358480e-09 1.53013987e-09
   2.72411565e-10 3.13629004e-11 3.81609791e-11 1.17813282e-10
   9.93161681e-12 1.78369585e-11 4.18157387e-13 1.61933395e-13
   4.69679649e-13 1.11010891e-13 1.89720373e-14 3.95051481e-14
   6.77396378e-15]
  [2.06554797e-01 2.56284342e-01 2.85256628e-01 2.64261643e-01
   2.35283826e-01 2.24823493e-01 2.36366520e-01 2.09893570e-01
   2.15789956e-01 1.98005591e-01 1.89443524e-01 1.84377537e-01
   1.80803517e-01 1.74208847e-01 1.66232013e-01 1.56925244e-01
   1.54997983e-01 1.47790472e-01 1.41046777e-01 1.33999700e-01
   1.27271697e-01 1.22334196e-01 1.16285486e-01 1.11299308e-01
   1.06579784e-01 1.01374901e-01 9.79435157e-02 9.33442239e-02
   8.92502068e-02 8.47721334e-02 8.06050904e-02 7.62544347e-02
   7.35717781e-02]
  [2.70275080e-01 3.01427418e-01 3.00807182e-01 2.93931112e-01
   2.79926194e-01 2.84895409e-01 2.87134583e-01 2.93981944e-01
   2.90452873e-01 2.85584165e-01 2.75426713e-01 2.78698894e-01
   2.82201763e-01 2.75897693e-01 2.74980037e-01 2.78820339e-01
   2.78569066e-01 2.73941460e-01 2.73649805e-01 2.71961953e-01
   2.70948509e-01 2.73334633e-01 2.68715995e-01 2.69250416e-01
   2.68965516e-01 2.68834840e-01 2.69394681e-01 2.70698531e-01
   2.68414987e-01 2.70650459e-01 2.69438333e-01 2.69388881e-01
   2.69938862e-01]
  [2.97988749e-01 3.42449322e-01 3.10726745e-01 2.91319780e-01
   2.65765511e-01 2.83732659e-01 2.92335420e-01 2.88991205e-01
   2.87659427e-01 2.88010058e-01 2.86971337e-01 2.81975533e-01
   2.84125738e-01 2.78286909e-01 2.79301264e-01 2.78076070e-01
   2.82087975e-01 2.79500663e-01 2.83455240e-01 2.83587064e-01
   2.81158588e-01 2.76952657e-01 2.77382812e-01 2.76699084e-01
   2.76526995e-01 2.77244619e-01 2.77969853e-01 2.77425267e-01
   2.79932067e-01 2.78244104e-01 2.77633335e-01 2.75751013e-01
   2.77536644e-01]
  [7.33863951e-03 9.57201851e-04 3.67631110e-04 1.54867708e-04
   6.15279740e-07 3.48491251e-08 3.67399584e-09 1.17286165e-09
   1.31572380e-10 1.90164498e-12 6.58282780e-15 7.32495548e-15
   3.34256451e-15 2.79398075e-16 4.08932147e-17 7.77156117e-19
   2.96059473e-19 3.88578059e-18 3.80066349e-17 3.51570624e-18
   1.11022302e-19 0.00000000e+00 0.00000000e+00 0.00000000e+00
   0.00000000e+00 0.00000000e+00 0.00000000e+00 0.00000000e+00
   0.00000000e+00 0.00000000e+00 0.00000000e+00 0.00000000e+00
   0.00000000e+00]]

 [[2.21508855e-05 0.00000000e+00 0.00000000e+00 0.00000000e+00
   0.00000000e+00 0.00000000e+00 0.00000000e+00 0.00000000e+00
   0.00000000e+00 0.00000000e+00 0.00000000e+00 0.00000000e+00
   0.00000000e+00 0.00000000e+00 0.00000000e+00 0.00000000e+00
   0.00000000e+00 0.00000000e+00 0.00000000e+00 0.00000000e+00
   0.00000000e+00 0.00000000e+00 0.00000000e+00 0.00000000e+00
   0.00000000e+00 0.00000000e+00 0.00000000e+00 0.00000000e+00
   0.00000000e+00 0.00000000e+00 0.00000000e+00 0.00000000e+00
   0.00000000e+00]
  [5.80810395e-04 2.96290711e-08 7.63103506e-09 4.32986980e-18
   0.00000000e+00 0.00000000e+00 0.00000000e+00 0.00000000e+00
   0.00000000e+00 0.00000000e+00 0.00000000e+00 0.00000000e+00
   0.00000000e+00 0.00000000e+00 0.00000000e+00 0.00000000e+00
   0.00000000e+00 0.00000000e+00 0.00000000e+00 0.00000000e+00
   0.00000000e+00 0.00000000e+00 0.00000000e+00 0.00000000e+00
   0.00000000e+00 0.00000000e+00 0.00000000e+00 0.00000000e+00
   0.00000000e+00 0.00000000e+00 0.00000000e+00 0.00000000e+00
   0.00000000e+00]
  [3.79650462e-02 7.68383043e-03 2.47928553e-03 5.53836546e-04
   5.68191620e-05 7.06376626e-06 1.29438487e-06 5.20333303e-08
   1.66180373e-08 1.30628425e-09 2.86777455e-11 5.82476169e-13
   5.48353831e-13 1.67068179e-14 2.04396177e-16 4.81836793e-16
   1.01400370e-17 7.40148683e-20 0.00000000e+00 0.00000000e+00
   0.00000000e+00 0.00000000e+00 0.00000000e+00 0.00000000e+00
   0.00000000e+00 0.00000000e+00 0.00000000e+00 0.00000000e+00
   0.00000000e+00 0.00000000e+00 0.00000000e+00 0.00000000e+00
   0.00000000e+00]
  [4.29705373e-02 9.13948268e-03 3.07046439e-03 7.12558767e-04
   9.07941289e-05 1.47697747e-05 2.61694422e-06 1.35731082e-07
   5.08100184e-08 5.00245899e-09 1.39143180e-10 3.46056443e-12
   2.19197985e-12 9.74270395e-14 1.62116893e-15 3.33473989e-15
   8.77076189e-17 1.03620816e-18 0.00000000e+00 0.00000000e+00
   0.00000000e+00 0.00000000e+00 0.00000000e+00 0.00000000e+00
   0.00000000e+00 0.00000000e+00 0.00000000e+00 0.00000000e+00
   0.00000000e+00 0.00000000e+00 0.00000000e+00 0.00000000e+00
   0.00000000e+00]
  [4.67572292e-02 1.03652151e-02 3.50122555e-03 8.42885495e-04
   1.30914343e-04 2.42268881e-05 4.54893945e-06 3.01996960e-07
   1.10343800e-07 1.35308080e-08 4.83209635e-10 1.58098962e-11
   7.39089768e-12 4.54755361e-13 1.02276047e-14 1.72768854e-14
   5.96522831e-16 8.95579907e-18 1.48029737e-19 0.00000000e+00
   0.00000000e+00 0.00000000e+00 0.00000000e+00 0.00000000e+00
   0.00000000e+00 0.00000000e+00 0.00000000e+00 0.00000000e+00
   0.00000000e+00 0.00000000e+00 0.00000000e+00 0.00000000e+00
   0.00000000e+00]
  [8.35220987e-01 7.31552052e-01 6.17920128e-01 5.37414627e-01
   4.82069171e-01 4.63485370e-01 5.24111456e-01 5.90127442e-01
   5.55364986e-01 5.54079714e-01 5.24332036e-01 4.89436430e-01
   4.55842029e-01 4.27041968e-01 4.04625730e-01 3.82174144e-01
   3.64716505e-01 3.75428021e-01 3.72862184e-01 3.71033514e-01
   3.71102914e-01 3.69647300e-01 3.60327235e-01 3.61480053e-01
   3.56130447e-01 3.49237704e-01 3.43058718e-01 3.42412931e-01
   3.51133483e-01 3.48295486e-01 3.40415912e-01 3.38937891e-01
   3.37398546e-01]]] 
