Testing model resnet_1687178683_SPH_9_BH_n2_M10_BH_n4_M8_BH_n4_M10_BH_n4_M12_BH_n6_M10_CUT. 
Number of events in data: 
15000 
Classes in data: 
6 
Number of events detected: 
[ 2  3  4  5  6  7  8  9 10 11 12 13 14 15 16 17 18 19 20 21 22 23 24 25
 26 27 28 29 30 31 32 33 34] 
Number of samples for each n number of events: 3000 
p_values for Pearson method: 
[[[8.17640010e-01 7.90794313e-01 7.97934495e-01 7.95621348e-01
   7.97269669e-01 7.93242255e-01 7.81958167e-01 7.72229357e-01
   7.64167601e-01 7.53398255e-01 7.48244033e-01 7.41105211e-01
   7.35611853e-01 7.30358782e-01 7.27866761e-01 7.22154807e-01
   7.16833078e-01 7.15677295e-01 7.13290220e-01 7.12132133e-01
   7.11593227e-01 7.08667008e-01 7.07046234e-01 7.05610282e-01
   7.03867948e-01 7.00856239e-01 6.97660396e-01 6.94613217e-01
   6.93098652e-01 6.91360233e-01 6.90043441e-01 6.88552339e-01
   6.87993687e-01]
  [6.67643476e-02 2.02280642e-02 6.17252523e-03 2.24737785e-03
   7.53931426e-04 2.25843920e-04 1.46380735e-04 5.65876888e-05
   1.49485446e-05 9.92017156e-06 1.90713213e-06 1.59734995e-07
   9.63581862e-09 5.81188778e-10 1.88784157e-11 3.82723523e-12
   4.95854876e-13 1.39549853e-14 3.43577019e-16 7.40148683e-18
   1.48029737e-19 0.00000000e+00 0.00000000e+00 0.00000000e+00
   0.00000000e+00 0.00000000e+00 0.00000000e+00 0.00000000e+00
   0.00000000e+00 0.00000000e+00 0.00000000e+00 0.00000000e+00
   0.00000000e+00]
  [4.82840099e-02 1.32295637e-02 3.69199979e-03 1.20542961e-03
   5.15750685e-04 1.79781417e-04 5.76402955e-05 1.57988228e-05
   2.51458666e-06 3.37669368e-07 3.59189278e-08 5.95919708e-09
   2.65361032e-10 7.40223235e-12 1.07136374e-13 2.48590037e-13
   4.42101911e-15 5.25875639e-17 5.18104078e-19 0.00000000e+00
   0.00000000e+00 0.00000000e+00 0.00000000e+00 0.00000000e+00
   0.00000000e+00 0.00000000e+00 0.00000000e+00 0.00000000e+00
   0.00000000e+00 0.00000000e+00 0.00000000e+00 0.00000000e+00
   0.00000000e+00]
  [1.51894486e-02 5.40981130e-03 1.15690224e-03 5.13081444e-04
   8.54650787e-05 1.60801146e-05 1.56334024e-05 8.08985532e-07
   1.14679766e-08 1.08156959e-08 9.57160400e-11 2.54254913e-13
   3.63783078e-16 3.33066907e-19 0.00000000e+00 0.00000000e+00
   0.00000000e+00 0.00000000e+00 0.00000000e+00 0.00000000e+00
   0.00000000e+00 0.00000000e+00 0.00000000e+00 0.00000000e+00
   0.00000000e+00 0.00000000e+00 0.00000000e+00 0.00000000e+00
   0.00000000e+00 0.00000000e+00 0.00000000e+00 0.00000000e+00
   0.00000000e+00]
  [3.65568837e-05 4.38860451e-06 6.31434447e-08 2.42311184e-10
   1.28050940e-12 5.12923037e-17 3.75625457e-17 0.00000000e+00
   0.00000000e+00 0.00000000e+00 0.00000000e+00 0.00000000e+00
   0.00000000e+00 0.00000000e+00 0.00000000e+00 0.00000000e+00
   0.00000000e+00 0.00000000e+00 0.00000000e+00 0.00000000e+00
   0.00000000e+00 0.00000000e+00 0.00000000e+00 0.00000000e+00
   0.00000000e+00 0.00000000e+00 0.00000000e+00 0.00000000e+00
   0.00000000e+00 0.00000000e+00 0.00000000e+00 0.00000000e+00
   0.00000000e+00]
  [9.14300812e-03 3.22435195e-03 7.13416292e-04 3.16643905e-04
   4.43652197e-05 5.30293450e-06 5.80639262e-06 9.73578804e-08
   3.37518525e-10 3.80585920e-10 7.70318957e-13 4.26066589e-16
   1.48029737e-19 0.00000000e+00 0.00000000e+00 0.00000000e+00
   0.00000000e+00 0.00000000e+00 0.00000000e+00 0.00000000e+00
   0.00000000e+00 0.00000000e+00 0.00000000e+00 0.00000000e+00
   0.00000000e+00 0.00000000e+00 0.00000000e+00 0.00000000e+00
   0.00000000e+00 0.00000000e+00 0.00000000e+00 0.00000000e+00
   0.00000000e+00]]

 [[1.60031149e-02 5.44158405e-03 1.75705098e-03 6.63461998e-04
   2.49270764e-04 1.61432572e-05 3.36045933e-07 2.12196900e-09
   3.04707161e-11 1.67801573e-11 6.07437434e-14 1.23197748e-16
   8.35627863e-17 2.36847579e-18 4.44089210e-19 0.00000000e+00
   0.00000000e+00 0.00000000e+00 0.00000000e+00 0.00000000e+00
   0.00000000e+00 0.00000000e+00 0.00000000e+00 0.00000000e+00
   0.00000000e+00 0.00000000e+00 0.00000000e+00 0.00000000e+00
   0.00000000e+00 0.00000000e+00 0.00000000e+00 0.00000000e+00
   0.00000000e+00]
  [5.32709867e-01 5.18062897e-01 5.09111947e-01 5.05506307e-01
   5.08594970e-01 5.03914530e-01 4.99631219e-01 5.00714296e-01
   5.02759242e-01 5.00994724e-01 5.02394853e-01 5.00916599e-01
   5.00212695e-01 4.95645085e-01 4.95977655e-01 4.96317444e-01
   4.95854621e-01 4.96320570e-01 4.97714331e-01 5.00361195e-01
   5.01050477e-01 4.99771600e-01 5.03496492e-01 5.03550025e-01
   5.01233863e-01 5.01810363e-01 4.98557969e-01 4.96924559e-01
   4.97512998e-01 4.97117553e-01 4.96510332e-01 4.94453873e-01
   4.93680163e-01]
  [1.07633916e-01 7.70003122e-02 5.73337331e-02 3.91742761e-02
   2.62682079e-02 1.87082643e-02 1.39032880e-02 1.02981129e-02
   7.29114969e-03 5.22998103e-03 3.46184054e-03 2.55740424e-03
   1.94131917e-03 1.11925741e-03 6.60254391e-04 4.97748472e-04
   2.82152965e-04 1.84467899e-04 1.09789592e-04 9.69284312e-05
   6.02000633e-05 3.00484860e-05 1.26940439e-05 1.10695109e-05
   5.54145433e-06 2.91424480e-06 1.39293405e-06 7.93062724e-07
   3.76125425e-07 1.61203659e-07 5.43004155e-08 5.29418939e-08
   2.08993661e-08]
  [4.95967230e-01 4.55941300e-01 4.35375794e-01 4.24436760e-01
   4.18390672e-01 4.07299461e-01 3.98497077e-01 3.86886457e-01
   3.80149625e-01 3.72159975e-01 3.64011565e-01 3.56931956e-01
   3.48184514e-01 3.38574409e-01 3.31309706e-01 3.24432017e-01
   3.18942006e-01 3.13233522e-01 3.07907570e-01 3.01783406e-01
   2.94337385e-01 2.86877828e-01 2.83762486e-01 2.78158946e-01
   2.69982690e-01 2.63753441e-01 2.55617503e-01 2.48684695e-01
   2.44419031e-01 2.41325877e-01 2.34803049e-01 2.27934715e-01
   2.21953641e-01]
  [4.01817911e-02 1.72793857e-02 1.02806373e-02 4.06685797e-03
   1.85037637e-03 1.31422988e-03 9.40216680e-04 8.41200024e-04
   6.37065772e-04 5.76371165e-04 4.86587947e-04 6.60685515e-05
   1.01138051e-04 2.92897187e-05 3.58426411e-05 5.40612009e-05
   2.56355902e-05 1.32097774e-06 9.15177983e-08 5.44710782e-09
   3.68289976e-10 1.39980059e-11 1.58657948e-11 7.15634085e-12
   2.13875151e-12 1.48919369e-12 6.95006460e-13 2.13089442e-12
   4.09583130e-12 1.18229268e-11 3.21317347e-12 6.38362696e-14
   1.86824630e-15]
  [4.68927048e-01 4.14518009e-01 3.82957750e-01 3.64402614e-01
   3.52244707e-01 3.37594559e-01 3.26259637e-01 3.09853634e-01
   2.99268451e-01 2.87614498e-01 2.75329839e-01 2.64531152e-01
   2.52812592e-01 2.42045971e-01 2.32061114e-01 2.22336050e-01
   2.14632786e-01 2.07542702e-01 1.99669313e-01 1.91838668e-01
   1.83161600e-01 1.75154366e-01 1.69803831e-01 1.62674067e-01
   1.55030084e-01 1.47890772e-01 1.40329558e-01 1.32633658e-01
   1.27347216e-01 1.24053636e-01 1.18631735e-01 1.12490835e-01
   1.06410104e-01]]

 [[2.40548375e-02 8.12891025e-03 1.75670560e-03 5.73671018e-04
   5.53878792e-05 2.26158960e-06 4.50220221e-08 3.03265248e-08
   1.82716831e-09 2.28847301e-11 4.13247636e-12 3.38098438e-14
   3.74339596e-13 2.34449497e-15 9.39988828e-18 7.40148683e-20
   0.00000000e+00 0.00000000e+00 0.00000000e+00 0.00000000e+00
   0.00000000e+00 0.00000000e+00 0.00000000e+00 0.00000000e+00
   0.00000000e+00 0.00000000e+00 0.00000000e+00 0.00000000e+00
   0.00000000e+00 0.00000000e+00 0.00000000e+00 0.00000000e+00
   0.00000000e+00]
  [2.64500864e-01 1.72192277e-01 1.19811229e-01 7.84166794e-02
   5.28184928e-02 3.49581101e-02 2.33807777e-02 1.69768595e-02
   1.11091489e-02 7.31362445e-03 4.82040440e-03 2.99892229e-03
   2.18630989e-03 1.40878370e-03 1.01225221e-03 7.44742351e-04
   5.16347513e-04 3.96053673e-04 3.20454213e-04 1.80007099e-04
   1.32849136e-04 1.33745323e-04 7.50013987e-05 3.51400194e-05
   1.71708406e-05 7.68697897e-06 3.76375939e-06 2.33086299e-06
   1.17553224e-06 1.42995623e-06 5.89458292e-07 3.59411406e-07
   2.16167077e-07]
  [6.12630799e-01 5.98651969e-01 5.79454474e-01 5.62405702e-01
   5.50691497e-01 5.39587322e-01 5.27125620e-01 5.16327051e-01
   5.10306843e-01 5.05490537e-01 5.08387668e-01 5.10372221e-01
   5.06898299e-01 5.06276361e-01 5.08101944e-01 5.07152553e-01
   5.06705767e-01 5.07096417e-01 5.07543527e-01 5.05776611e-01
   5.03816212e-01 5.03788720e-01 5.02059384e-01 4.99836238e-01
   4.99459714e-01 4.96358792e-01 4.96513050e-01 4.95694435e-01
   4.95217216e-01 4.94036582e-01 4.92893325e-01 4.89107666e-01
   4.86424559e-01]
  [3.05589732e-01 2.04220478e-01 1.44492258e-01 9.97301855e-02
   6.99629443e-02 4.91700739e-02 3.42205166e-02 2.57247114e-02
   1.72580480e-02 1.18101035e-02 8.47655113e-03 5.80158884e-03
   4.23500246e-03 2.83526411e-03 2.04738099e-03 1.42212189e-03
   1.00324754e-03 6.78586786e-04 5.01101629e-04 3.51641473e-04
   1.97327816e-04 1.70129917e-04 1.02417737e-04 6.02331122e-05
   3.97510613e-05 2.32194895e-05 1.37340983e-05 6.04345288e-06
   4.32438343e-06 4.11960657e-06 2.48571530e-06 1.87701678e-06
   1.10921917e-06]
  [5.49449134e-03 9.88660886e-04 1.42305607e-04 1.84382162e-05
   6.16673013e-07 8.40741181e-07 1.42526492e-07 2.97814709e-09
   5.20818395e-11 2.18247883e-12 2.72508964e-12 7.85179329e-15
   2.59978335e-14 3.04060480e-15 3.61192557e-17 1.48029737e-19
   0.00000000e+00 2.59052039e-19 3.70074342e-19 0.00000000e+00
   0.00000000e+00 0.00000000e+00 0.00000000e+00 0.00000000e+00
   0.00000000e+00 0.00000000e+00 0.00000000e+00 0.00000000e+00
   0.00000000e+00 0.00000000e+00 0.00000000e+00 0.00000000e+00
   0.00000000e+00]
  [3.18962189e-01 2.12031400e-01 1.48610915e-01 1.03285303e-01
   7.29495589e-02 5.19745515e-02 3.65720598e-02 2.76050836e-02
   1.86821396e-02 1.29626999e-02 9.40272473e-03 6.49733540e-03
   4.73676719e-03 3.19727800e-03 2.34936445e-03 1.62387025e-03
   1.13942342e-03 7.64617919e-04 5.41636889e-04 3.92437144e-04
   2.18198504e-04 1.64467014e-04 9.62271056e-05 6.02070738e-05
   4.37116978e-05 2.64566510e-05 1.63398688e-05 7.20752258e-06
   5.37444061e-06 4.06919574e-06 2.55659102e-06 1.95421038e-06
   1.15907984e-06]]

 [[5.53909749e-03 1.70659008e-03 1.55571552e-04 9.09147530e-06
   1.09804185e-07 7.07059045e-10 4.57092976e-11 3.77472735e-12
   9.13255397e-14 9.70482953e-16 0.00000000e+00 0.00000000e+00
   0.00000000e+00 0.00000000e+00 0.00000000e+00 0.00000000e+00
   0.00000000e+00 0.00000000e+00 0.00000000e+00 0.00000000e+00
   0.00000000e+00 0.00000000e+00 0.00000000e+00 0.00000000e+00
   0.00000000e+00 0.00000000e+00 0.00000000e+00 0.00000000e+00
   0.00000000e+00 0.00000000e+00 0.00000000e+00 0.00000000e+00
   0.00000000e+00]
  [4.80209400e-01 4.55076536e-01 4.36134449e-01 4.23228388e-01
   4.19323086e-01 4.10157760e-01 4.02093390e-01 3.90612844e-01
   3.81164066e-01 3.73870151e-01 3.67383973e-01 3.60378071e-01
   3.51176428e-01 3.40518251e-01 3.31439670e-01 3.25588229e-01
   3.14668295e-01 3.08114482e-01 2.99024729e-01 2.91871817e-01
   2.84156134e-01 2.78101813e-01 2.72909266e-01 2.65174468e-01
   2.58139841e-01 2.51393805e-01 2.44206051e-01 2.38408355e-01
   2.31466189e-01 2.26572497e-01 2.20968827e-01 2.17156895e-01
   2.11718820e-01]
  [1.13174508e-01 7.94643796e-02 6.04773556e-02 3.98777103e-02
   2.53931470e-02 1.88325148e-02 1.29214330e-02 8.57722129e-03
   5.94537283e-03 4.13842366e-03 3.00609010e-03 1.72236466e-03
   1.17853589e-03 7.14380106e-04 4.31937979e-04 2.25693424e-04
   1.04678068e-04 7.47791346e-05 4.07442864e-05 3.69337094e-05
   1.62812221e-05 1.52664458e-05 1.19990426e-05 6.73386801e-06
   2.83594158e-06 1.29282631e-06 5.31714653e-07 3.15092306e-07
   2.38687394e-07 9.09216199e-08 4.51788015e-08 2.28527933e-08
   1.58750927e-08]
  [5.30233082e-01 5.06028300e-01 5.00306119e-01 4.95257968e-01
   4.97987137e-01 4.98645924e-01 5.01330234e-01 4.99965121e-01
   5.03596981e-01 5.03641904e-01 5.01602422e-01 5.01481788e-01
   4.99816588e-01 4.96385510e-01 4.96365952e-01 4.96579251e-01
   4.94228928e-01 4.93545930e-01 4.92654979e-01 4.91889888e-01
   4.91144554e-01 4.91530874e-01 4.91490596e-01 4.88654681e-01
   4.88080089e-01 4.89517077e-01 4.89124345e-01 4.88915247e-01
   4.87328557e-01 4.86905903e-01 4.86657013e-01 4.87713526e-01
   4.87297905e-01]
  [4.87952453e-02 2.69011853e-02 1.55770783e-02 9.01881099e-03
   5.17971607e-03 2.95405721e-03 9.44458056e-04 5.12554522e-04
   2.70798535e-04 6.77743010e-05 2.43669118e-05 2.02463064e-05
   3.97836651e-06 1.72546998e-06 5.22977277e-07 8.11735699e-08
   3.58500375e-08 4.45706173e-09 2.05041257e-10 9.50844277e-11
   3.18044899e-11 2.84218275e-12 2.04937082e-12 1.97320271e-13
   1.00505641e-13 3.02844416e-14 6.17422039e-14 1.90962061e-15
   1.13061412e-15 1.85751414e-15 3.47781063e-15 1.24456001e-16
   1.11392377e-17]
  [5.27301137e-01 4.97374748e-01 4.86977480e-01 4.78699940e-01
   4.78755457e-01 4.77887606e-01 4.79855578e-01 4.78528699e-01
   4.82114682e-01 4.79880913e-01 4.76169069e-01 4.74275552e-01
   4.71429718e-01 4.67291118e-01 4.66154358e-01 4.64479175e-01
   4.61783161e-01 4.60476711e-01 4.58146547e-01 4.57646957e-01
   4.55324009e-01 4.54876368e-01 4.52167427e-01 4.48797447e-01
   4.47962670e-01 4.47977206e-01 4.47055624e-01 4.45650919e-01
   4.43838588e-01 4.42227194e-01 4.41413611e-01 4.40996194e-01
   4.40252498e-01]]

 [[5.41200827e-04 1.16448364e-05 1.42813346e-08 2.68750549e-08
   7.40148683e-20 0.00000000e+00 0.00000000e+00 0.00000000e+00
   0.00000000e+00 0.00000000e+00 0.00000000e+00 0.00000000e+00
   0.00000000e+00 0.00000000e+00 0.00000000e+00 0.00000000e+00
   0.00000000e+00 0.00000000e+00 0.00000000e+00 0.00000000e+00
   0.00000000e+00 0.00000000e+00 0.00000000e+00 0.00000000e+00
   0.00000000e+00 0.00000000e+00 0.00000000e+00 0.00000000e+00
   0.00000000e+00 0.00000000e+00 0.00000000e+00 0.00000000e+00
   0.00000000e+00]
  [2.38990318e-01 1.29594008e-01 7.04981698e-02 3.66326547e-02
   1.98347558e-02 1.08206003e-02 5.31995006e-03 2.85128990e-03
   1.62446238e-03 8.44747397e-04 4.81290597e-04 3.20245841e-04
   1.86621138e-04 9.35389020e-05 3.85268534e-05 1.84839926e-05
   6.62607881e-06 4.50212131e-06 2.44221861e-06 1.61666197e-06
   4.85215598e-07 3.11747494e-07 1.35764159e-07 3.60720464e-08
   8.87646735e-09 2.45419882e-09 9.99267172e-10 2.20467719e-10
   5.05669699e-11 1.25371236e-11 4.65837483e-12 1.13547260e-12
   2.91616657e-13]
  [1.61205258e-02 4.78032401e-03 6.07901728e-04 2.73473445e-04
   3.77353378e-05 3.69505671e-06 3.16399670e-06 6.89517726e-08
   4.50887488e-09 6.08284359e-10 1.04710468e-10 4.35942974e-12
   3.48874670e-13 3.90265598e-15 1.45439216e-17 1.11022302e-19
   0.00000000e+00 0.00000000e+00 0.00000000e+00 0.00000000e+00
   0.00000000e+00 0.00000000e+00 0.00000000e+00 0.00000000e+00
   0.00000000e+00 0.00000000e+00 0.00000000e+00 0.00000000e+00
   0.00000000e+00 0.00000000e+00 0.00000000e+00 0.00000000e+00
   0.00000000e+00]
  [2.75771880e-01 1.52951252e-01 8.57648474e-02 4.67768285e-02
   2.57890922e-02 1.46309540e-02 7.61925358e-03 4.20479752e-03
   2.44008241e-03 1.36458903e-03 8.50129778e-04 6.16847899e-04
   4.23609071e-04 2.41460729e-04 1.15918258e-04 5.57972236e-05
   2.10674565e-05 1.48173399e-05 8.33138375e-06 4.63380941e-06
   1.55788811e-06 1.09479839e-06 5.30250459e-07 1.58035663e-07
   4.44413366e-08 1.41048845e-08 5.43752359e-09 1.36290594e-09
   3.53929585e-10 1.05090754e-10 4.52860880e-11 1.20350488e-11
   3.31919699e-12]
  [7.75325155e-01 7.04871786e-01 6.64570732e-01 6.46731427e-01
   6.34018440e-01 6.31390945e-01 6.23310474e-01 6.18680591e-01
   6.03894019e-01 5.93237026e-01 5.86282189e-01 5.75968925e-01
   5.71214082e-01 5.64059983e-01 5.57346702e-01 5.51083152e-01
   5.46990979e-01 5.44107769e-01 5.39332803e-01 5.37694682e-01
   5.35347232e-01 5.33755856e-01 5.29678013e-01 5.27806063e-01
   5.26187836e-01 5.24396196e-01 5.20673790e-01 5.19741396e-01
   5.19093719e-01 5.19416861e-01 5.17573790e-01 5.15473782e-01
   5.14778031e-01]
  [2.79324140e-01 1.54434292e-01 8.62602740e-02 4.71047361e-02
   2.57992144e-02 1.46183288e-02 7.66008585e-03 4.23108287e-03
   2.45259273e-03 1.38449043e-03 8.78466077e-04 6.44936876e-04
   4.56046948e-04 2.66312175e-04 1.31376301e-04 6.23217679e-05
   2.35595274e-05 1.62141357e-05 9.01109995e-06 4.67383758e-06
   1.59498106e-06 1.11304460e-06 5.43384203e-07 1.64350206e-07
   4.72357546e-08 1.53673134e-08 5.77148739e-09 1.47103843e-09
   3.88232937e-10 1.19198037e-10 5.29646548e-11 1.41779554e-11
   3.94715531e-12]]

 [[7.02835472e-03 1.75143405e-03 1.09385584e-04 3.54235378e-06
   1.78157468e-07 2.48821112e-09 3.74766200e-11 3.23073660e-12
   8.29418756e-14 1.66533454e-18 1.11022302e-19 4.84797387e-18
   1.48029737e-19 0.00000000e+00 0.00000000e+00 0.00000000e+00
   0.00000000e+00 0.00000000e+00 0.00000000e+00 0.00000000e+00
   0.00000000e+00 0.00000000e+00 0.00000000e+00 0.00000000e+00
   0.00000000e+00 0.00000000e+00 0.00000000e+00 0.00000000e+00
   0.00000000e+00 0.00000000e+00 0.00000000e+00 0.00000000e+00
   0.00000000e+00]
  [4.56846947e-01 4.28857140e-01 4.10342594e-01 3.95438852e-01
   3.80516643e-01 3.63610954e-01 3.47288520e-01 3.28460748e-01
   3.12708744e-01 3.00475979e-01 2.90847027e-01 2.74657962e-01
   2.63628831e-01 2.55923127e-01 2.45596912e-01 2.35045059e-01
   2.24314260e-01 2.13464508e-01 2.05788113e-01 1.97535523e-01
   1.88570575e-01 1.80007630e-01 1.72494572e-01 1.64681145e-01
   1.59144315e-01 1.53692847e-01 1.48869258e-01 1.41103716e-01
   1.35499949e-01 1.27931477e-01 1.21845829e-01 1.16085514e-01
   1.10026052e-01]
  [1.17730652e-01 9.21109027e-02 6.53530452e-02 4.24476922e-02
   2.51968980e-02 1.73514297e-02 1.24609770e-02 8.62633879e-03
   6.66393139e-03 4.44329382e-03 3.16890329e-03 2.36086117e-03
   1.51188451e-03 9.51266520e-04 5.87184177e-04 3.74390980e-04
   2.44000414e-04 2.31595555e-04 1.04111413e-04 6.83612197e-05
   5.59728943e-05 2.64823680e-05 1.96321021e-05 1.20402768e-05
   7.64676074e-06 4.01751330e-06 1.99877184e-06 9.05115417e-07
   5.17140832e-07 2.31567220e-07 1.58180807e-07 6.58643951e-08
   3.40353431e-08]
  [5.35206493e-01 5.08503478e-01 5.10422412e-01 5.11641338e-01
   5.10767936e-01 5.05987166e-01 5.03719555e-01 4.97664038e-01
   4.94427593e-01 4.93870499e-01 4.93018684e-01 4.88950936e-01
   4.90843717e-01 4.92045318e-01 4.88556455e-01 4.88839591e-01
   4.87710283e-01 4.86088480e-01 4.84861120e-01 4.85793622e-01
   4.82872980e-01 4.80091713e-01 4.79573812e-01 4.78484050e-01
   4.78351392e-01 4.77884188e-01 4.78654255e-01 4.76298263e-01
   4.74364261e-01 4.70419088e-01 4.67019845e-01 4.64086115e-01
   4.61182885e-01]
  [4.87261095e-02 2.00758850e-02 1.24761644e-02 6.77940402e-03
   3.68478348e-03 2.22774872e-03 1.43802227e-03 9.61785413e-04
   5.92811383e-04 4.01207140e-04 3.80693271e-04 1.59942603e-04
   1.43191434e-04 3.29283657e-05 1.49144909e-05 1.04281893e-06
   7.88089285e-08 1.83381453e-08 7.54635604e-09 1.11380412e-09
   1.28194690e-09 3.51677501e-09 4.36266158e-09 1.04791027e-09
   2.16279146e-09 1.05923005e-10 1.36903399e-10 7.95378231e-11
   2.02115300e-11 3.63073973e-11 5.92012876e-12 2.77254331e-13
   2.43554066e-14]
  [5.42047439e-01 5.11413366e-01 5.11165859e-01 5.12312864e-01
   5.11724527e-01 5.07824774e-01 5.07688927e-01 5.02961295e-01
   5.01839121e-01 5.02114245e-01 5.01745962e-01 4.99821388e-01
   5.03202144e-01 5.04837577e-01 5.02044167e-01 5.03730848e-01
   5.03939769e-01 5.03864738e-01 5.02913742e-01 5.04542349e-01
   5.02832501e-01 5.00823608e-01 5.00685992e-01 5.00834177e-01
   5.02025477e-01 5.02287619e-01 5.04228099e-01 5.03606580e-01
   5.02414697e-01 5.00595407e-01 4.98527826e-01 4.97619903e-01
   4.96048352e-01]]] 
Error up for Pearson method: 
[[[1.81077322e-01 2.05813780e-01 1.95382672e-01 1.69386074e-01
   1.66029737e-01 1.53310126e-01 1.63979250e-01 1.68329659e-01
   1.78857401e-01 1.91592942e-01 1.97478137e-01 2.04249968e-01
   1.92365813e-01 1.95733772e-01 1.96389037e-01 2.01727281e-01
   2.00689323e-01 2.02626501e-01 2.07196636e-01 2.06097016e-01
   2.01904900e-01 2.03613076e-01 2.02546056e-01 2.05285144e-01
   2.18818483e-01 2.12448096e-01 2.15386094e-01 2.14337337e-01
   2.16335474e-01 2.16929046e-01 2.13961368e-01 2.11059567e-01
   2.09186606e-01]
  [2.95604058e-01 2.34614025e-01 1.65001075e-01 1.11949576e-01
   9.61954725e-02 2.65675577e-02 6.54405183e-02 2.36834617e-02
   7.00320126e-03 7.61114855e-03 1.55672364e-03 1.02349654e-04
   5.55674310e-06 2.57908671e-07 7.19718871e-09 4.13100033e-09
   4.74029158e-10 1.33065645e-11 2.81042395e-13 9.91260824e-15
   2.48121022e-16 0.00000000e+00 0.00000000e+00 0.00000000e+00
   0.00000000e+00 0.00000000e+00 0.00000000e+00 0.00000000e+00
   0.00000000e+00 0.00000000e+00 0.00000000e+00 0.00000000e+00
   0.00000000e+00]
  [2.92233088e-01 4.34553369e-01 1.62091710e-01 1.14814065e-01
   9.34709623e-02 7.71786383e-02 2.78137815e-02 9.89108166e-03
   1.31954303e-03 2.88705415e-04 2.89828896e-05 5.22593980e-06
   1.83851715e-07 4.14702874e-09 6.40930541e-11 4.28840185e-10
   6.26535592e-12 6.39666183e-14 8.94640615e-16 0.00000000e+00
   0.00000000e+00 0.00000000e+00 0.00000000e+00 0.00000000e+00
   0.00000000e+00 0.00000000e+00 0.00000000e+00 0.00000000e+00
   0.00000000e+00 0.00000000e+00 0.00000000e+00 0.00000000e+00
   0.00000000e+00]
  [1.41426728e-01 1.92652658e-01 9.67219176e-02 1.36983568e-01
   4.84791512e-02 8.40074959e-03 2.28939015e-02 6.98139354e-04
   8.58548016e-06 1.44523324e-05 1.43401939e-07 2.62323664e-10
   2.83294337e-13 1.75225730e-16 0.00000000e+00 0.00000000e+00
   0.00000000e+00 0.00000000e+00 0.00000000e+00 0.00000000e+00
   0.00000000e+00 0.00000000e+00 0.00000000e+00 0.00000000e+00
   0.00000000e+00 0.00000000e+00 0.00000000e+00 0.00000000e+00
   0.00000000e+00 0.00000000e+00 0.00000000e+00 0.00000000e+00
   0.00000000e+00]
  [1.39128852e-02 1.99141720e-03 6.30616249e-05 3.11519594e-07
   2.21250703e-09 8.84269692e-14 1.12650074e-13 0.00000000e+00
   0.00000000e+00 0.00000000e+00 0.00000000e+00 0.00000000e+00
   0.00000000e+00 0.00000000e+00 0.00000000e+00 0.00000000e+00
   0.00000000e+00 0.00000000e+00 0.00000000e+00 0.00000000e+00
   0.00000000e+00 0.00000000e+00 0.00000000e+00 0.00000000e+00
   0.00000000e+00 0.00000000e+00 0.00000000e+00 0.00000000e+00
   0.00000000e+00 0.00000000e+00 0.00000000e+00 0.00000000e+00
   0.00000000e+00]
  [1.32402636e-01 1.46694195e-01 1.62495499e-01 9.29921651e-02
   3.36477875e-02 3.60045617e-03 8.66321672e-03 1.45878989e-04
   2.52788733e-07 1.14072440e-06 1.15463356e-09 4.32297642e-13
   1.10874273e-16 0.00000000e+00 0.00000000e+00 0.00000000e+00
   0.00000000e+00 0.00000000e+00 0.00000000e+00 0.00000000e+00
   0.00000000e+00 0.00000000e+00 0.00000000e+00 0.00000000e+00
   0.00000000e+00 0.00000000e+00 0.00000000e+00 0.00000000e+00
   0.00000000e+00 0.00000000e+00 0.00000000e+00 0.00000000e+00
   0.00000000e+00]]

 [[2.97091843e-01 2.02440445e-01 4.37067398e-01 2.56229546e-01
   2.93171682e-01 1.74236483e-02 2.70288199e-04 1.68006976e-06
   3.39122120e-08 1.54329548e-08 6.54961834e-11 1.13516400e-13
   9.78319680e-14 3.55034520e-15 6.65689726e-16 0.00000000e+00
   0.00000000e+00 0.00000000e+00 0.00000000e+00 0.00000000e+00
   0.00000000e+00 0.00000000e+00 0.00000000e+00 0.00000000e+00
   0.00000000e+00 0.00000000e+00 0.00000000e+00 0.00000000e+00
   0.00000000e+00 0.00000000e+00 0.00000000e+00 0.00000000e+00
   0.00000000e+00]
  [2.09398547e-01 2.54874916e-01 2.61225530e-01 2.51784851e-01
   2.50646552e-01 2.56493598e-01 2.66806807e-01 2.64722441e-01
   2.67064567e-01 2.76953270e-01 2.82715202e-01 2.79774836e-01
   2.81211668e-01 2.87076423e-01 2.84317873e-01 2.78222218e-01
   2.85276621e-01 2.83387508e-01 2.82448569e-01 2.82382339e-01
   2.81246932e-01 2.81453174e-01 2.75404487e-01 2.76232023e-01
   2.80612115e-01 2.79900378e-01 2.79971676e-01 2.80169454e-01
   2.79159748e-01 2.80451298e-01 2.79520214e-01 2.78936174e-01
   2.78654429e-01]
  [3.56712738e-01 3.01191248e-01 2.93164230e-01 3.15746011e-01
   2.27164725e-01 2.13220874e-01 1.90890164e-01 1.83645984e-01
   1.69574802e-01 1.52910348e-01 1.06367087e-01 8.62698221e-02
   8.53494634e-02 4.95787508e-02 3.16955620e-02 3.19800794e-02
   1.68874715e-02 1.28655766e-02 7.55899986e-03 1.03679971e-02
   8.64498583e-03 4.05445712e-03 1.38390562e-03 2.14422128e-03
   7.29248437e-04 3.32848296e-04 1.43534552e-04 1.04003842e-04
   5.01957575e-05 1.84006791e-05 5.20860139e-06 8.77513189e-06
   2.47735513e-06]
  [2.86952199e-01 3.15937380e-01 3.05215200e-01 2.76711234e-01
   2.75225130e-01 2.84328196e-01 3.03336401e-01 3.16448363e-01
   3.23299892e-01 3.26780968e-01 3.24802173e-01 3.16863211e-01
   3.23897527e-01 3.29765934e-01 3.33307542e-01 3.33909553e-01
   3.35370584e-01 3.45033268e-01 3.47001493e-01 3.44993241e-01
   3.45493352e-01 3.50622088e-01 3.51434851e-01 3.49012569e-01
   3.55052574e-01 3.57529918e-01 3.57021319e-01 3.48928261e-01
   3.40005200e-01 3.50508539e-01 3.53423031e-01 3.50076787e-01
   3.50597728e-01]
  [9.57776071e-01 2.75064615e-01 2.13857247e-01 1.29386443e-01
   1.18017682e-01 1.12053187e-01 1.45584659e-01 1.56081378e-01
   1.77218523e-01 2.40382837e-01 2.71655822e-01 2.59562011e-02
   5.44905154e-02 1.47950622e-02 2.74284288e-02 4.73380567e-02
   2.59223898e-02 1.96174549e-03 9.84121201e-05 3.60391695e-06
   2.04564594e-07 4.88676811e-09 1.20972439e-08 6.89808622e-09
   1.92576252e-09 1.04413121e-09 6.24657042e-10 2.60585357e-09
   5.00817767e-09 1.77164448e-08 4.81510368e-09 6.71267283e-11
   1.66906670e-12]
  [2.98630196e-01 3.34205040e-01 3.51695531e-01 3.27047537e-01
   2.92230900e-01 3.10638496e-01 3.11894114e-01 3.23735237e-01
   3.42833421e-01 3.41046989e-01 3.48448580e-01 3.44681037e-01
   3.38135069e-01 3.45287837e-01 3.41963318e-01 3.37161283e-01
   3.47658100e-01 3.45883866e-01 3.44429939e-01 3.47703623e-01
   3.40321041e-01 3.41852431e-01 3.35897845e-01 3.30355370e-01
   3.28324516e-01 3.29111990e-01 3.30001462e-01 3.16962390e-01
   3.12652382e-01 3.15347406e-01 3.17585440e-01 3.11470752e-01
   2.99765042e-01]]

 [[2.58492237e-01 2.77199627e-01 1.68911240e-01 1.10397391e-01
   9.96992051e-03 6.07342488e-04 8.89331819e-06 2.50735204e-05
   1.07080008e-06 1.16588987e-08 3.58112622e-09 2.67244931e-11
   6.45382502e-10 3.48397101e-12 1.38736814e-14 1.10948288e-16
   0.00000000e+00 0.00000000e+00 0.00000000e+00 0.00000000e+00
   0.00000000e+00 0.00000000e+00 0.00000000e+00 0.00000000e+00
   0.00000000e+00 0.00000000e+00 0.00000000e+00 0.00000000e+00
   0.00000000e+00 0.00000000e+00 0.00000000e+00 0.00000000e+00
   0.00000000e+00]
  [3.79880404e-01 3.08142302e-01 3.42917451e-01 2.59493779e-01
   2.68588345e-01 2.02388490e-01 1.98026125e-01 1.61181414e-01
   1.52334018e-01 1.13202206e-01 1.12886736e-01 7.11619472e-02
   7.18921542e-02 5.74559037e-02 5.05643748e-02 4.27142330e-02
   4.26945018e-02 3.55431081e-02 6.10093708e-02 3.09692557e-02
   3.28471512e-02 4.79243152e-02 2.76291226e-02 1.18254676e-02
   5.28255397e-03 1.96573112e-03 7.69286865e-04 6.25965210e-04
   2.27491902e-04 4.49870479e-04 1.32813355e-04 6.49033925e-05
   5.64713418e-05]
  [3.65590771e-01 2.76839845e-01 2.61430949e-01 2.30956447e-01
   2.36360901e-01 2.49312868e-01 2.72889924e-01 2.70971114e-01
   2.60779664e-01 2.68357755e-01 2.66983842e-01 2.61415959e-01
   2.54557111e-01 2.53487825e-01 2.53189186e-01 2.52363853e-01
   2.50297769e-01 2.48298852e-01 2.52575192e-01 2.58961020e-01
   2.62027130e-01 2.62248680e-01 2.64333537e-01 2.64734265e-01
   2.66920207e-01 2.68181651e-01 2.71120657e-01 2.73890862e-01
   2.76338047e-01 2.73677136e-01 2.75076545e-01 2.75434112e-01
   2.73898232e-01]
  [4.30096771e-01 2.93854012e-01 3.40666579e-01 2.85691992e-01
   2.43745524e-01 2.21865507e-01 1.91006805e-01 1.89793664e-01
   1.34959534e-01 1.39833187e-01 1.02803582e-01 9.99207261e-02
   7.74716907e-02 6.03840768e-02 5.52115094e-02 3.89716712e-02
   3.43577610e-02 2.75396997e-02 4.04222094e-02 3.07391636e-02
   1.52400927e-02 2.06727958e-02 1.58708156e-02 9.37857366e-03
   5.59380293e-03 3.19958278e-03 1.71615347e-03 6.14514773e-04
   4.16090811e-04 6.36041168e-04 3.36540602e-04 2.73516778e-04
   1.88863469e-04]
  [1.55714068e-01 6.18827257e-02 1.69302791e-02 3.96262883e-03
   1.12883547e-04 6.05636105e-04 1.32626434e-04 1.71859179e-06
   2.89397615e-08 1.29674924e-09 4.57219459e-09 7.23016833e-12
   4.85244130e-11 5.25421885e-12 7.62033324e-14 4.43941180e-16
   0.00000000e+00 7.76897065e-16 1.10985295e-15 0.00000000e+00
   0.00000000e+00 0.00000000e+00 0.00000000e+00 0.00000000e+00
   0.00000000e+00 0.00000000e+00 0.00000000e+00 0.00000000e+00
   0.00000000e+00 0.00000000e+00 0.00000000e+00 0.00000000e+00
   0.00000000e+00]
  [4.27604759e-01 3.04927314e-01 4.22666857e-01 2.87961602e-01
   2.34632947e-01 2.22335647e-01 1.93114341e-01 1.93907803e-01
   1.33359235e-01 1.35338779e-01 1.08985429e-01 9.43870769e-02
   8.03591240e-02 5.88830279e-02 5.84612227e-02 3.67737091e-02
   3.29712273e-02 2.35563757e-02 3.06529684e-02 2.55258065e-02
   1.08616701e-02 1.28310497e-02 8.32069978e-03 5.83430161e-03
   4.21073777e-03 2.55658055e-03 1.55304722e-03 5.12384194e-04
   4.13177546e-04 4.30324994e-04 2.59067474e-04 2.33796384e-04
   1.43575230e-04]]

 [[2.05823575e-01 2.21858860e-01 6.57038454e-02 2.98399779e-03
   7.67862879e-05 3.80290038e-07 3.37430030e-08 3.51161091e-09
   1.76770010e-10 2.05448826e-12 0.00000000e+00 0.00000000e+00
   0.00000000e+00 0.00000000e+00 0.00000000e+00 0.00000000e+00
   0.00000000e+00 0.00000000e+00 0.00000000e+00 0.00000000e+00
   0.00000000e+00 0.00000000e+00 0.00000000e+00 0.00000000e+00
   0.00000000e+00 0.00000000e+00 0.00000000e+00 0.00000000e+00
   0.00000000e+00 0.00000000e+00 0.00000000e+00 0.00000000e+00
   0.00000000e+00]
  [2.37339578e-01 3.13355508e-01 3.03927126e-01 2.92400119e-01
   2.82411885e-01 3.01030583e-01 2.99805641e-01 3.11507129e-01
   3.24005055e-01 3.28710514e-01 3.27537009e-01 3.24409704e-01
   3.35262926e-01 3.39300508e-01 3.34995499e-01 3.36515619e-01
   3.38173055e-01 3.38819186e-01 3.40841360e-01 3.41016680e-01
   3.45686872e-01 3.47779016e-01 3.48029821e-01 3.50526229e-01
   3.57136533e-01 3.57402536e-01 3.62026630e-01 3.59946827e-01
   3.55214326e-01 3.48522680e-01 3.48869014e-01 3.48405179e-01
   3.52065438e-01]
  [3.42501596e-01 2.98110153e-01 2.99799802e-01 3.21926109e-01
   2.20402264e-01 2.19610993e-01 1.55034887e-01 1.46995174e-01
   1.25236288e-01 1.13430636e-01 9.42412203e-02 5.95326822e-02
   5.50115737e-02 4.29462358e-02 3.16366578e-02 1.51091505e-02
   7.10124193e-03 7.74890681e-03 4.01737796e-03 5.48761522e-03
   1.62156974e-03 1.88557971e-03 2.63284429e-03 1.11233615e-03
   3.83443568e-04 1.34756297e-04 4.90796851e-05 4.99359077e-05
   2.93246605e-05 8.71484102e-06 5.56657773e-06 2.84776883e-06
   3.22013195e-06]
  [2.51859797e-01 2.92912077e-01 2.65340904e-01 2.44391681e-01
   2.54348728e-01 2.57548093e-01 2.66518057e-01 2.71240442e-01
   2.74211227e-01 2.67753859e-01 2.68589613e-01 2.69379112e-01
   2.66204277e-01 2.71542051e-01 2.77570934e-01 2.75030385e-01
   2.78889803e-01 2.81552962e-01 2.81378371e-01 2.79558619e-01
   2.78636709e-01 2.78534275e-01 2.76753558e-01 2.80160605e-01
   2.78919559e-01 2.77769266e-01 2.78893545e-01 2.77325086e-01
   2.77018559e-01 2.78411351e-01 2.77896018e-01 2.78706954e-01
   2.83223931e-01]
  [9.49162617e-01 3.71605658e-01 2.15574791e-01 1.97250152e-01
   2.09151359e-01 1.57902895e-01 8.09384570e-02 6.03771619e-02
   5.73174786e-02 1.13212257e-02 7.95938223e-03 1.16201246e-02
   1.83414089e-03 6.24689714e-04 2.15301929e-04 2.00379760e-05
   1.23821335e-05 1.05142137e-06 2.57533934e-08 2.60700399e-08
   8.20662002e-09 8.46984185e-10 8.83181964e-10 4.23472751e-11
   5.40048955e-11 1.06720217e-11 3.92210928e-11 6.33534989e-13
   2.89871238e-13 7.82752240e-13 2.89408324e-12 7.34132591e-14
   5.77088546e-15]
  [2.54603385e-01 3.52778485e-01 2.74309142e-01 2.82524984e-01
   2.82159218e-01 2.74231342e-01 2.76939759e-01 2.73814730e-01
   2.75176758e-01 2.83525711e-01 2.80545462e-01 2.79322407e-01
   2.81327280e-01 2.89929980e-01 2.87547568e-01 2.97328022e-01
   2.93773009e-01 2.96713051e-01 2.99407678e-01 2.95858030e-01
   2.92334246e-01 2.93756039e-01 2.93233594e-01 2.92971642e-01
   2.95610819e-01 2.99862921e-01 2.99298590e-01 3.01551981e-01
   3.01873588e-01 3.05541138e-01 2.98841359e-01 2.99213910e-01
   2.99118175e-01]]

 [[2.58016020e-01 3.49129399e-02 1.30430735e-05 5.64982603e-05
   2.21970590e-16 0.00000000e+00 0.00000000e+00 0.00000000e+00
   0.00000000e+00 0.00000000e+00 0.00000000e+00 0.00000000e+00
   0.00000000e+00 0.00000000e+00 0.00000000e+00 0.00000000e+00
   0.00000000e+00 0.00000000e+00 0.00000000e+00 0.00000000e+00
   0.00000000e+00 0.00000000e+00 0.00000000e+00 0.00000000e+00
   0.00000000e+00 0.00000000e+00 0.00000000e+00 0.00000000e+00
   0.00000000e+00 0.00000000e+00 0.00000000e+00 0.00000000e+00
   0.00000000e+00]
  [4.12540208e-01 2.73265459e-01 1.92779330e-01 2.48388022e-01
   1.49978899e-01 1.03441009e-01 7.25337312e-02 5.36823956e-02
   3.86644935e-02 2.94441684e-02 2.73246153e-02 2.02966630e-02
   2.09515804e-02 1.08820752e-02 4.35161784e-03 2.46684833e-03
   1.07568179e-03 1.14542044e-03 5.91893794e-04 3.75497636e-04
   9.29546212e-05 1.05914394e-04 5.03750770e-05 1.24142165e-05
   2.68380686e-06 5.60651362e-07 1.77947736e-07 3.80076490e-08
   7.81574755e-09 1.69747064e-09 5.24380267e-10 1.04463311e-10
   2.20172505e-11]
  [1.57749357e-01 2.07754735e-01 5.08653202e-02 8.37853975e-02
   1.03844883e-02 1.81017287e-03 1.92313110e-03 3.64036915e-05
   3.59640716e-06 4.78536261e-07 1.15255200e-07 3.16823006e-09
   4.02019407e-10 3.09070048e-12 1.36832562e-14 1.10911280e-16
   0.00000000e+00 0.00000000e+00 0.00000000e+00 0.00000000e+00
   0.00000000e+00 0.00000000e+00 0.00000000e+00 0.00000000e+00
   0.00000000e+00 0.00000000e+00 0.00000000e+00 0.00000000e+00
   0.00000000e+00 0.00000000e+00 0.00000000e+00 0.00000000e+00
   0.00000000e+00]
  [4.77012352e-01 3.21712997e-01 2.10618570e-01 1.67668684e-01
   1.72435782e-01 1.11991398e-01 8.25452534e-02 7.37712894e-02
   4.93223909e-02 3.53845714e-02 4.94237268e-02 3.85635928e-02
   4.47253144e-02 3.27639616e-02 1.40575865e-02 7.43114244e-03
   3.61466694e-03 3.71892174e-03 1.91919583e-03 1.09820340e-03
   2.98619802e-04 3.69315532e-04 1.57038521e-04 5.48331944e-05
   1.32958828e-05 3.21125545e-06 9.03737348e-07 2.20693690e-07
   4.90267625e-08 1.34217490e-08 4.96372723e-09 1.06918341e-09
   2.51455947e-10]
  [2.22632707e-01 2.89774597e-01 3.24971724e-01 3.35880844e-01
   2.99237862e-01 2.66754822e-01 2.46400539e-01 2.43227429e-01
   2.48270805e-01 2.53849169e-01 2.60981450e-01 2.73646728e-01
   2.81477055e-01 2.91670536e-01 2.85692862e-01 2.83755064e-01
   2.74366816e-01 2.62590560e-01 2.62505392e-01 2.59847021e-01
   2.59491543e-01 2.49238617e-01 2.50316217e-01 2.53046643e-01
   2.52056023e-01 2.51388041e-01 2.51818761e-01 2.52198256e-01
   2.57260465e-01 2.59690623e-01 2.64004777e-01 2.61198992e-01
   2.58942993e-01]
  [4.76906893e-01 3.30569423e-01 2.12176353e-01 2.08306069e-01
   1.72837853e-01 1.22639889e-01 8.80597198e-02 7.58993221e-02
   5.00955549e-02 3.80308949e-02 5.19357839e-02 4.04036789e-02
   4.75903646e-02 3.73621443e-02 1.63474973e-02 8.30342094e-03
   3.87152547e-03 4.14316134e-03 1.97849478e-03 1.14206934e-03
   3.19591063e-04 3.54183663e-04 1.59557047e-04 4.88722209e-05
   1.44125526e-05 3.49921773e-06 9.83556127e-07 2.37168609e-07
   5.59928470e-08 1.46020180e-08 5.84538702e-09 1.29795029e-09
   3.08825099e-10]]

 [[3.10929611e-01 2.37342579e-01 5.74490420e-02 2.25795881e-03
   9.01366057e-05 1.61822313e-06 2.69190016e-08 3.95136070e-09
   2.48742130e-10 4.99433828e-15 3.32955885e-16 1.45390736e-14
   4.43941180e-16 0.00000000e+00 0.00000000e+00 0.00000000e+00
   0.00000000e+00 0.00000000e+00 0.00000000e+00 0.00000000e+00
   0.00000000e+00 0.00000000e+00 0.00000000e+00 0.00000000e+00
   0.00000000e+00 0.00000000e+00 0.00000000e+00 0.00000000e+00
   0.00000000e+00 0.00000000e+00 0.00000000e+00 0.00000000e+00
   0.00000000e+00]
  [2.33470306e-01 3.30405576e-01 3.17524494e-01 2.94204266e-01
   3.01952324e-01 3.20600345e-01 3.16120488e-01 3.24579814e-01
   3.34825922e-01 3.28587062e-01 3.26302957e-01 3.33699243e-01
   3.36197962e-01 3.34904338e-01 3.38576328e-01 3.38620380e-01
   3.40140981e-01 3.41255442e-01 3.39958218e-01 3.40134909e-01
   3.36580275e-01 3.32374066e-01 3.32803544e-01 3.28119513e-01
   3.27813009e-01 3.25427850e-01 3.27415805e-01 3.20194324e-01
   3.20581963e-01 3.17860955e-01 3.13830637e-01 3.07167006e-01
   3.01342297e-01]
  [3.44386000e-01 3.05358315e-01 2.79891461e-01 3.21990432e-01
   2.12021111e-01 1.85196242e-01 1.40268332e-01 1.41496968e-01
   1.41145875e-01 1.04477264e-01 8.46659711e-02 7.54038390e-02
   5.95998599e-02 5.09028328e-02 3.58891052e-02 2.37690366e-02
   1.80913856e-02 2.97120267e-02 8.99659473e-03 6.18618273e-03
   1.01884476e-02 2.76960818e-03 3.46483782e-03 2.35084733e-03
   1.78602716e-03 1.13430918e-03 4.40557958e-04 1.38709649e-04
   1.02494531e-04 3.54491413e-05 2.43514590e-05 1.09555662e-05
   5.38552588e-06]
  [2.44386561e-01 3.00032724e-01 2.63821510e-01 2.50279005e-01
   2.56774592e-01 2.58425617e-01 2.72409375e-01 2.76870675e-01
   2.78192239e-01 2.74675971e-01 2.74982009e-01 2.81826730e-01
   2.79111445e-01 2.81034255e-01 2.82492276e-01 2.77345166e-01
   2.77076866e-01 2.80296786e-01 2.81557990e-01 2.80554911e-01
   2.83795889e-01 2.83947205e-01 2.82422393e-01 2.82344821e-01
   2.81485790e-01 2.88167635e-01 2.90669288e-01 2.90621950e-01
   2.86372516e-01 2.92874294e-01 2.96235463e-01 3.01358746e-01
   3.04301234e-01]
  [9.49231752e-01 3.14237849e-01 2.17231273e-01 1.95948104e-01
   1.89747665e-01 1.78158839e-01 1.46180602e-01 1.51632285e-01
   1.43865317e-01 1.50183795e-01 1.91070425e-01 7.75656216e-02
   8.48994591e-02 2.60970821e-02 9.94917075e-03 6.71930432e-04
   3.97166914e-05 1.01274834e-05 5.93564882e-06 5.43299408e-07
   1.13024124e-06 3.80039899e-06 6.09435244e-06 1.41418820e-06
   3.56009461e-06 1.22574833e-07 1.93960175e-07 1.19445534e-07
   3.10359735e-08 7.35857139e-08 1.06598558e-08 4.24840534e-10
   3.71137012e-11]
  [2.41734875e-01 3.36135204e-01 2.76082128e-01 2.60248969e-01
   2.67613311e-01 2.70289251e-01 2.63176775e-01 2.72450283e-01
   2.73687459e-01 2.72603350e-01 2.73690249e-01 2.73299464e-01
   2.75374413e-01 2.78499928e-01 2.75715275e-01 2.73254563e-01
   2.69222296e-01 2.73815297e-01 2.70873181e-01 2.68074061e-01
   2.74526206e-01 2.72642408e-01 2.74137154e-01 2.75421102e-01
   2.72947543e-01 2.77477658e-01 2.76335191e-01 2.78870045e-01
   2.75583648e-01 2.80253449e-01 2.81968529e-01 2.80095170e-01
   2.83940864e-01]]] 
Error down for Pearson method: 
[[[7.23167263e-01 5.35391159e-01 4.40812074e-01 5.24607358e-01
   5.01508574e-01 6.40934145e-01 6.00249124e-01 6.41869294e-01
   5.92253466e-01 5.44375775e-01 5.06505249e-01 4.74899264e-01
   5.34770599e-01 5.03043483e-01 4.66838113e-01 4.41386375e-01
   4.45274835e-01 4.27072047e-01 4.13172309e-01 4.13585454e-01
   4.25043245e-01 4.22589278e-01 4.25452873e-01 4.12670262e-01
   3.76139606e-01 3.95039146e-01 3.85242317e-01 3.92030853e-01
   3.89536784e-01 3.86126019e-01 3.97040664e-01 4.09467650e-01
   4.13866212e-01]
  [6.53088560e-02 1.84103218e-02 6.01188496e-03 2.21792166e-03
   7.43426047e-04 2.25238324e-04 1.45655712e-04 5.65160407e-05
   1.49180024e-05 9.91672059e-06 1.90546241e-06 1.59648987e-07
   9.63352365e-09 5.81130430e-10 1.88774239e-11 3.82501731e-12
   4.95791841e-13 1.39528149e-14 3.43545906e-16 7.40148683e-18
   1.48029737e-19 0.00000000e+00 0.00000000e+00 0.00000000e+00
   0.00000000e+00 0.00000000e+00 0.00000000e+00 0.00000000e+00
   0.00000000e+00 0.00000000e+00 0.00000000e+00 0.00000000e+00
   0.00000000e+00]
  [4.77899197e-02 1.20761304e-02 3.66637783e-03 1.18551674e-03
   5.13612090e-04 1.78507388e-04 5.75983627e-05 1.57702269e-05
   2.51334430e-06 3.37393065e-07 3.58946798e-08 5.95794197e-09
   2.65337344e-10 7.40137502e-12 1.07094303e-13 2.48465116e-13
   4.41924920e-15 5.25875639e-17 5.18104078e-19 0.00000000e+00
   0.00000000e+00 0.00000000e+00 0.00000000e+00 0.00000000e+00
   0.00000000e+00 0.00000000e+00 0.00000000e+00 0.00000000e+00
   0.00000000e+00 0.00000000e+00 0.00000000e+00 0.00000000e+00
   0.00000000e+00]
  [1.51757281e-02 5.39622001e-03 1.14747650e-03 5.13012118e-04
   8.52792565e-05 1.60773345e-05 1.56325520e-05 8.08984630e-07
   1.14634122e-08 1.08156908e-08 9.56765872e-11 2.54222483e-13
   3.63783078e-16 3.33066907e-19 0.00000000e+00 0.00000000e+00
   0.00000000e+00 0.00000000e+00 0.00000000e+00 0.00000000e+00
   0.00000000e+00 0.00000000e+00 0.00000000e+00 0.00000000e+00
   0.00000000e+00 0.00000000e+00 0.00000000e+00 0.00000000e+00
   0.00000000e+00 0.00000000e+00 0.00000000e+00 0.00000000e+00
   0.00000000e+00]
  [3.64305609e-05 4.38321652e-06 6.31257299e-08 2.42269043e-10
   1.28029234e-12 5.12923037e-17 3.75625457e-17 0.00000000e+00
   0.00000000e+00 0.00000000e+00 0.00000000e+00 0.00000000e+00
   0.00000000e+00 0.00000000e+00 0.00000000e+00 0.00000000e+00
   0.00000000e+00 0.00000000e+00 0.00000000e+00 0.00000000e+00
   0.00000000e+00 0.00000000e+00 0.00000000e+00 0.00000000e+00
   0.00000000e+00 0.00000000e+00 0.00000000e+00 0.00000000e+00
   0.00000000e+00 0.00000000e+00 0.00000000e+00 0.00000000e+00
   0.00000000e+00]
  [9.13724773e-03 3.22360905e-03 7.07946456e-04 3.16532769e-04
   4.43578609e-05 5.29987321e-06 5.80638334e-06 9.73246070e-08
   3.37501922e-10 3.80418110e-10 7.70270494e-13 4.26066589e-16
   1.48029737e-19 0.00000000e+00 0.00000000e+00 0.00000000e+00
   0.00000000e+00 0.00000000e+00 0.00000000e+00 0.00000000e+00
   0.00000000e+00 0.00000000e+00 0.00000000e+00 0.00000000e+00
   0.00000000e+00 0.00000000e+00 0.00000000e+00 0.00000000e+00
   0.00000000e+00 0.00000000e+00 0.00000000e+00 0.00000000e+00
   0.00000000e+00]]

 [[1.58586100e-02 5.43768721e-03 1.74659493e-03 6.62865758e-04
   2.48822885e-04 1.61314873e-05 3.35717004e-07 2.12105286e-09
   3.04531969e-11 1.67784832e-11 6.07068601e-14 1.23197748e-16
   8.35627863e-17 2.36847579e-18 4.44089210e-19 0.00000000e+00
   0.00000000e+00 0.00000000e+00 0.00000000e+00 0.00000000e+00
   0.00000000e+00 0.00000000e+00 0.00000000e+00 0.00000000e+00
   0.00000000e+00 0.00000000e+00 0.00000000e+00 0.00000000e+00
   0.00000000e+00 0.00000000e+00 0.00000000e+00 0.00000000e+00
   0.00000000e+00]
  [3.49486470e-01 2.84820205e-01 2.71798312e-01 2.77759978e-01
   2.80835633e-01 2.78256167e-01 2.78944997e-01 2.83822557e-01
   2.90208102e-01 2.82730074e-01 2.79652224e-01 2.84236952e-01
   2.87958672e-01 2.81065449e-01 2.83357958e-01 2.93416207e-01
   2.90099629e-01 2.89957852e-01 2.90652036e-01 2.88246616e-01
   2.90563054e-01 2.86550635e-01 2.91864033e-01 2.94458908e-01
   2.90656102e-01 2.92404912e-01 2.94200490e-01 2.90212402e-01
   2.90055213e-01 2.91020051e-01 2.90040902e-01 2.88044509e-01
   2.86063620e-01]
  [9.60614991e-02 6.96125674e-02 5.28463931e-02 3.53436011e-02
   2.45910447e-02 1.73279970e-02 1.32517352e-02 9.81014611e-03
   6.94568114e-03 5.00934463e-03 3.33382136e-03 2.48059801e-03
   1.88959587e-03 1.09363898e-03 6.45773028e-04 4.89052711e-04
   2.76829062e-04 1.81366494e-04 1.08141600e-04 9.56647056e-05
   5.94692465e-05 2.97509615e-05 1.25581400e-05 1.09360235e-05
   5.48990596e-06 2.88604838e-06 1.37817830e-06 7.85500746e-07
   3.72837091e-07 1.59595644e-07 5.37243209e-08 5.24865230e-08
   2.07105992e-08]
  [3.52770112e-01 2.64472019e-01 2.42790776e-01 2.61195350e-01
   2.68124597e-01 2.65462595e-01 2.63404192e-01 2.52483628e-01
   2.53412073e-01 2.46820872e-01 2.43848708e-01 2.45246881e-01
   2.41573226e-01 2.37868998e-01 2.33986972e-01 2.30244272e-01
   2.27403172e-01 2.24264978e-01 2.21530601e-01 2.20980209e-01
   2.16912973e-01 2.12376548e-01 2.10825889e-01 2.08307530e-01
   2.02699479e-01 1.98550646e-01 1.93534857e-01 1.88768249e-01
   1.88620614e-01 1.85872795e-01 1.81694010e-01 1.77215204e-01
   1.72566339e-01]
  [3.56952755e-02 1.66159403e-02 1.01720983e-02 4.01844906e-03
   1.81584479e-03 1.30076212e-03 9.32469628e-04 8.36840543e-04
   6.35398099e-04 5.75165224e-04 4.85892325e-04 6.59538893e-05
   1.01002056e-04 2.92661590e-05 3.58227985e-05 5.40494568e-05
   2.56322666e-05 1.32046596e-06 9.14146331e-08 5.44361021e-09
   3.67963133e-10 1.39648881e-11 1.58587632e-11 7.15058897e-12
   2.13771688e-12 1.48865568e-12 6.94693375e-13 2.13017878e-12
   4.09520784e-12 1.18204235e-11 3.21240135e-12 6.38207959e-14
   1.86747988e-15]
  [3.60437891e-01 2.73605207e-01 2.34038020e-01 2.30537217e-01
   2.48013650e-01 2.33476621e-01 2.39907921e-01 2.28082825e-01
   2.19271439e-01 2.12875326e-01 2.01866420e-01 1.94677767e-01
   1.91742466e-01 1.84884996e-01 1.79928191e-01 1.74565305e-01
   1.66341113e-01 1.64487704e-01 1.58130541e-01 1.52546826e-01
   1.47607588e-01 1.41625187e-01 1.38717694e-01 1.33090883e-01
   1.27972989e-01 1.22348000e-01 1.16058280e-01 1.10064098e-01
   1.05665511e-01 1.03451995e-01 9.92704985e-02 9.46317148e-02
   9.00008756e-02]]

 [[2.38804478e-02 8.06822020e-03 1.73555180e-03 5.72796874e-04
   5.53371121e-05 2.25509256e-06 4.49722898e-08 3.02844292e-08
   1.82598182e-09 2.28577860e-11 4.13035395e-12 3.37760464e-14
   3.74327173e-13 2.34385821e-15 9.39988828e-18 7.40148683e-20
   0.00000000e+00 0.00000000e+00 0.00000000e+00 0.00000000e+00
   0.00000000e+00 0.00000000e+00 0.00000000e+00 0.00000000e+00
   0.00000000e+00 0.00000000e+00 0.00000000e+00 0.00000000e+00
   0.00000000e+00 0.00000000e+00 0.00000000e+00 0.00000000e+00
   0.00000000e+00]
  [1.92319425e-01 1.36113520e-01 9.75332960e-02 6.98420795e-02
   4.56137808e-02 3.22434036e-02 2.11320592e-02 1.60670150e-02
   1.03204501e-02 7.00839447e-03 4.55652876e-03 2.90510251e-03
   2.09547133e-03 1.36755862e-03 9.84457654e-04 7.30707998e-04
   5.04232454e-04 3.90398060e-04 3.15252506e-04 1.78168617e-04
   1.31535087e-04 1.32838509e-04 7.44911630e-05 3.49341332e-05
   1.70617752e-05 7.63604293e-06 3.74259426e-06 2.31922952e-06
   1.17157226e-06 1.42567513e-06 5.87495038e-07 3.58547372e-07
   2.15692930e-07]
  [4.11160951e-01 4.09910865e-01 3.85184056e-01 4.36700608e-01
   4.13106138e-01 3.82606901e-01 3.35322305e-01 3.25383164e-01
   3.22762109e-01 2.99846053e-01 2.92017308e-01 2.93051169e-01
   2.98092311e-01 2.99752913e-01 3.02925324e-01 3.09218782e-01
   3.10442689e-01 3.14922647e-01 3.14698528e-01 3.04389195e-01
   3.00982113e-01 2.98584464e-01 2.98635533e-01 2.98979360e-01
   2.98959305e-01 2.93871786e-01 2.90586497e-01 2.89611218e-01
   2.86842913e-01 2.86375318e-01 2.86102498e-01 2.84705424e-01
   2.86385635e-01]
  [1.99177520e-01 1.64700938e-01 1.06893525e-01 8.19058645e-02
   6.02151497e-02 4.33995286e-02 3.04423615e-02 2.32362150e-02
   1.60789531e-02 1.07212142e-02 8.02948716e-03 5.39423746e-03
   4.02729812e-03 2.70720182e-03 1.96608541e-03 1.37505189e-03
   9.72999982e-04 6.57806803e-04 4.87591130e-04 3.43596511e-04
   1.92169886e-04 1.67348240e-04 1.00408413e-04 5.93037188e-05
   3.91897775e-05 2.28694871e-05 1.35634875e-05 5.96002188e-06
   4.26882708e-06 4.08037683e-06 2.46248359e-06 1.86071594e-06
   1.10082804e-06]
  [5.48063652e-03 9.86851411e-04 1.41382616e-04 1.83852219e-05
   6.14049871e-07 8.39211554e-07 1.42443747e-07 2.97568493e-09
   5.20659680e-11 2.18011037e-12 2.72423671e-12 7.84995857e-15
   2.59943778e-14 3.04060480e-15 3.61192557e-17 1.48029737e-19
   0.00000000e+00 2.59052039e-19 3.70074342e-19 0.00000000e+00
   0.00000000e+00 0.00000000e+00 0.00000000e+00 0.00000000e+00
   0.00000000e+00 0.00000000e+00 0.00000000e+00 0.00000000e+00
   0.00000000e+00 0.00000000e+00 0.00000000e+00 0.00000000e+00
   0.00000000e+00]
  [1.99815395e-01 1.70557559e-01 1.01648878e-01 8.22781063e-02
   6.26366468e-02 4.49170759e-02 3.21300271e-02 2.44206383e-02
   1.72985827e-02 1.17357421e-02 8.76150664e-03 6.05551251e-03
   4.44993135e-03 3.04533864e-03 2.22858839e-03 1.56453113e-03
   1.09495082e-03 7.38161911e-04 5.24594175e-04 3.81439033e-04
   2.12283134e-04 1.60260395e-04 9.42799263e-05 5.90018821e-05
   4.30148655e-05 2.59958112e-05 1.60667090e-05 7.08427159e-06
   5.28765354e-06 4.00495427e-06 2.52380978e-06 1.92876978e-06
   1.14604136e-06]]

 [[5.42634311e-03 1.70477446e-03 1.55137102e-04 9.08478617e-06
   1.09588485e-07 7.05840143e-10 4.56857041e-11 3.77445737e-12
   9.13184319e-14 9.70482953e-16 0.00000000e+00 0.00000000e+00
   0.00000000e+00 0.00000000e+00 0.00000000e+00 0.00000000e+00
   0.00000000e+00 0.00000000e+00 0.00000000e+00 0.00000000e+00
   0.00000000e+00 0.00000000e+00 0.00000000e+00 0.00000000e+00
   0.00000000e+00 0.00000000e+00 0.00000000e+00 0.00000000e+00
   0.00000000e+00 0.00000000e+00 0.00000000e+00 0.00000000e+00
   0.00000000e+00]
  [3.31176135e-01 2.77850875e-01 2.48292902e-01 2.56679993e-01
   2.79099003e-01 2.67113588e-01 2.67055919e-01 2.62977198e-01
   2.50160977e-01 2.45670905e-01 2.45259120e-01 2.43773901e-01
   2.35028310e-01 2.32622284e-01 2.27892025e-01 2.24804550e-01
   2.18380007e-01 2.17059277e-01 2.10212462e-01 2.08746992e-01
   2.03830314e-01 2.03289524e-01 2.00526297e-01 1.96165021e-01
   1.92115260e-01 1.87048353e-01 1.81251953e-01 1.78531807e-01
   1.75267947e-01 1.74202666e-01 1.71325750e-01 1.68611150e-01
   1.65066940e-01]
  [1.04477219e-01 7.22550525e-02 5.71231157e-02 3.60837465e-02
   2.37012260e-02 1.73801679e-02 1.23506781e-02 8.15920918e-03
   5.66352507e-03 3.95653512e-03 2.89547565e-03 1.66592541e-03
   1.14168884e-03 6.98161166e-04 4.20682706e-04 2.20155828e-04
   1.02025665e-04 7.31585974e-05 3.99500820e-05 3.63580912e-05
   1.60362452e-05 1.50982800e-05 1.18582787e-05 6.66538172e-06
   2.80639378e-06 1.27905598e-06 5.25762476e-07 3.12064665e-07
   2.36709400e-07 9.00651852e-08 4.47170629e-08 2.26147022e-08
   1.57464908e-08]
  [3.75307112e-01 2.82149117e-01 2.70928560e-01 2.93680829e-01
   2.88407637e-01 2.91331086e-01 2.86701647e-01 2.92137780e-01
   2.88101229e-01 2.91631653e-01 2.86508796e-01 2.83085622e-01
   2.85157057e-01 2.84327447e-01 2.77788227e-01 2.83128021e-01
   2.81364229e-01 2.83087621e-01 2.81895037e-01 2.85828315e-01
   2.84143441e-01 2.81258713e-01 2.81089643e-01 2.77366664e-01
   2.74462526e-01 2.73485789e-01 2.74230514e-01 2.76866746e-01
   2.77148327e-01 2.76246410e-01 2.76945840e-01 2.76924127e-01
   2.77245702e-01]
  [4.43513286e-02 2.61007305e-02 1.54371817e-02 8.95403225e-03
   5.09690689e-03 2.91111040e-03 9.37049888e-04 5.08697178e-04
   2.69265364e-04 6.73337218e-05 2.42141647e-05 2.01533886e-05
   3.96187417e-06 1.72125545e-06 5.21319073e-07 8.08836035e-08
   3.57637540e-08 4.44009802e-09 2.03977663e-10 9.46146893e-11
   3.17069398e-11 2.82786263e-12 2.04354088e-12 1.96752619e-13
   1.00270841e-13 3.01997569e-14 6.16641654e-14 1.90785377e-15
   1.12943118e-15 1.85621690e-15 3.47513614e-15 1.24373668e-16
   1.11392377e-17]
  [3.84010166e-01 2.60974839e-01 2.87581985e-01 2.73402480e-01
   2.72422128e-01 2.82198353e-01 2.84717975e-01 2.96567593e-01
   2.98474327e-01 2.87471961e-01 2.89484844e-01 2.91627266e-01
   2.88565050e-01 2.81979274e-01 2.85361882e-01 2.79826690e-01
   2.85133328e-01 2.86413303e-01 2.80990937e-01 2.85404924e-01
   2.83652031e-01 2.80140157e-01 2.78993619e-01 2.80167240e-01
   2.75936269e-01 2.73702552e-01 2.74552978e-01 2.73268132e-01
   2.74230682e-01 2.73241889e-01 2.78524935e-01 2.78414836e-01
   2.79980071e-01]]

 [[5.41197201e-04 1.16417446e-05 1.42813346e-08 2.68750549e-08
   7.40148683e-20 0.00000000e+00 0.00000000e+00 0.00000000e+00
   0.00000000e+00 0.00000000e+00 0.00000000e+00 0.00000000e+00
   0.00000000e+00 0.00000000e+00 0.00000000e+00 0.00000000e+00
   0.00000000e+00 0.00000000e+00 0.00000000e+00 0.00000000e+00
   0.00000000e+00 0.00000000e+00 0.00000000e+00 0.00000000e+00
   0.00000000e+00 0.00000000e+00 0.00000000e+00 0.00000000e+00
   0.00000000e+00 0.00000000e+00 0.00000000e+00 0.00000000e+00
   0.00000000e+00]
  [9.84909390e-02 9.86179715e-02 6.20797043e-02 2.79895110e-02
   1.70952383e-02 9.98717976e-03 4.87871730e-03 2.63526467e-03
   1.56274050e-03 8.08089299e-04 4.62865351e-04 3.14303530e-04
   1.81478373e-04 9.18959153e-05 3.79936521e-05 1.82380930e-05
   6.50194102e-06 4.46359488e-06 2.42257495e-06 1.60514698e-06
   4.82007777e-07 3.10463277e-07 1.35056623e-07 3.58843358e-08
   8.83395077e-09 2.44341510e-09 9.96421260e-10 2.19696327e-10
   5.03284725e-11 1.24581051e-11 4.62693722e-12 1.12840513e-12
   2.90053594e-13]
  [1.58786835e-02 4.72434126e-03 6.03317204e-04 2.72606614e-04
   3.76462424e-05 3.69092288e-06 3.16127548e-06 6.89216995e-08
   4.50680048e-09 6.08016218e-10 1.04680028e-10 4.35763064e-12
   3.48871637e-13 3.90265598e-15 1.45439216e-17 1.11022302e-19
   0.00000000e+00 0.00000000e+00 0.00000000e+00 0.00000000e+00
   0.00000000e+00 0.00000000e+00 0.00000000e+00 0.00000000e+00
   0.00000000e+00 0.00000000e+00 0.00000000e+00 0.00000000e+00
   0.00000000e+00 0.00000000e+00 0.00000000e+00 0.00000000e+00
   0.00000000e+00]
  [1.06400752e-01 1.07579580e-01 7.39464825e-02 3.98087205e-02
   2.12270420e-02 1.34473468e-02 7.02306368e-03 3.79003005e-03
   2.31309388e-03 1.31366160e-03 8.05491289e-04 6.01497521e-04
   4.11773743e-04 2.36097484e-04 1.14185741e-04 5.49163368e-05
   2.06041349e-05 1.46549043e-05 8.26177823e-06 4.58387973e-06
   1.54281457e-06 1.08838740e-06 5.27773517e-07 1.56853099e-07
   4.41413523e-08 1.40141627e-08 5.41249745e-09 1.35597706e-09
   3.51981722e-10 1.04312256e-10 4.48916006e-11 1.19335327e-11
   3.29210034e-12]
  [7.58258457e-01 6.11868447e-01 4.83703130e-01 4.04221992e-01
   4.08671277e-01 4.45843273e-01 4.86547371e-01 4.78461299e-01
   4.67153458e-01 4.57466193e-01 4.32899721e-01 4.02568299e-01
   3.79771795e-01 3.57049370e-01 3.55826883e-01 3.47454637e-01
   3.49427710e-01 3.60465124e-01 3.50473237e-01 3.48104904e-01
   3.37726812e-01 3.53253043e-01 3.50528417e-01 3.44248431e-01
   3.41005931e-01 3.36574323e-01 3.34998125e-01 3.30046972e-01
   3.22938961e-01 3.16866617e-01 3.09907444e-01 3.09271107e-01
   3.09247842e-01]
  [1.07858339e-01 1.07974991e-01 7.44188004e-02 3.74121584e-02
   2.10573321e-02 1.31241888e-02 6.98720366e-03 3.80029735e-03
   2.31483257e-03 1.32044831e-03 8.31659224e-04 6.28775543e-04
   4.44005245e-04 2.60483809e-04 1.29473656e-04 6.13695454e-05
   2.30700214e-05 1.60241806e-05 8.94516710e-06 4.61943672e-06
   1.57789694e-06 1.10674560e-06 5.40692111e-07 1.63296716e-07
   4.68778403e-08 1.52588047e-08 5.73843372e-09 1.46281225e-09
   3.85550563e-10 1.18392059e-10 5.24893662e-11 1.40462618e-11
   3.91111644e-12]]

 [[6.92627370e-03 1.74799830e-03 1.09210898e-04 3.53658382e-06
   1.77903920e-07 2.48600989e-09 3.74622684e-11 3.23058338e-12
   8.29416911e-14 1.66533454e-18 1.11022302e-19 4.84797387e-18
   1.48029737e-19 0.00000000e+00 0.00000000e+00 0.00000000e+00
   0.00000000e+00 0.00000000e+00 0.00000000e+00 0.00000000e+00
   0.00000000e+00 0.00000000e+00 0.00000000e+00 0.00000000e+00
   0.00000000e+00 0.00000000e+00 0.00000000e+00 0.00000000e+00
   0.00000000e+00 0.00000000e+00 0.00000000e+00 0.00000000e+00
   0.00000000e+00]
  [3.63834417e-01 2.67335589e-01 2.48419026e-01 2.58633427e-01
   2.59432035e-01 2.46386074e-01 2.45202156e-01 2.30164875e-01
   2.17199093e-01 2.13781703e-01 2.13952898e-01 1.99573299e-01
   1.93101379e-01 1.90872065e-01 1.85017997e-01 1.78268400e-01
   1.70565299e-01 1.62478952e-01 1.58510913e-01 1.52766980e-01
   1.47124802e-01 1.41197676e-01 1.35753048e-01 1.30549002e-01
   1.27132011e-01 1.23621895e-01 1.20578477e-01 1.15080045e-01
   1.10819199e-01 1.04979069e-01 1.00239007e-01 9.61256881e-02
   9.12964329e-02]
  [1.09871126e-01 8.39435601e-02 6.21101821e-02 3.83047499e-02
   2.34158915e-02 1.60562033e-02 1.19215190e-02 8.16412710e-03
   6.36726623e-03 4.26512801e-03 3.06658740e-03 2.29966955e-03
   1.47158693e-03 9.28774628e-04 5.74118716e-04 3.67184169e-04
   2.40108766e-04 2.28264750e-04 1.02493846e-04 6.74998396e-05
   5.53083064e-05 2.61668970e-05 1.94105635e-05 1.19174504e-05
   7.58189682e-06 3.98420689e-06 1.98213072e-06 8.98408895e-07
   5.13635364e-07 2.29773303e-07 1.57176833e-07 6.54253728e-08
   3.38067216e-08]
  [3.77457623e-01 2.77062263e-01 2.81508008e-01 2.89267094e-01
   2.85165880e-01 2.92165274e-01 2.85818612e-01 2.83226782e-01
   2.82302342e-01 2.85357628e-01 2.87174448e-01 2.80196798e-01
   2.83988592e-01 2.85541035e-01 2.79828582e-01 2.82929596e-01
   2.85295372e-01 2.89541842e-01 2.87704110e-01 2.87189270e-01
   2.84436231e-01 2.82038751e-01 2.83785215e-01 2.83263500e-01
   2.82036910e-01 2.81417421e-01 2.82879487e-01 2.83035203e-01
   2.84942197e-01 2.77960416e-01 2.79436882e-01 2.72716467e-01
   2.72245632e-01]
  [4.40731797e-02 1.93416654e-02 1.23324042e-02 6.73257502e-03
   3.63755135e-03 2.19191714e-03 1.43031519e-03 9.55445610e-04
   5.90682102e-04 3.99872710e-04 3.80047456e-04 1.59628526e-04
   1.43090729e-04 3.29016775e-05 1.48996077e-05 1.04201015e-06
   7.86800000e-08 1.83148764e-08 7.54008781e-09 1.11259028e-09
   1.28082886e-09 3.51627170e-09 4.36254992e-09 1.04785450e-09
   2.16261248e-09 1.05899666e-10 1.36897426e-10 7.95370964e-11
   2.02078475e-11 3.63067412e-11 5.91968119e-12 2.77190057e-13
   2.43507147e-14]
  [3.82934148e-01 2.69160337e-01 2.88051560e-01 2.95212299e-01
   2.83116350e-01 2.81301349e-01 2.97425959e-01 2.91369725e-01
   2.92701127e-01 2.95258653e-01 2.95318837e-01 2.94101749e-01
   2.89813917e-01 2.90838910e-01 2.89675983e-01 2.87989431e-01
   2.93559288e-01 2.93927693e-01 2.93672842e-01 2.97494769e-01
   2.92953687e-01 2.94267374e-01 2.90875695e-01 2.86917442e-01
   2.87158454e-01 2.86379934e-01 2.89518634e-01 2.84842864e-01
   2.85306424e-01 2.81773867e-01 2.83682828e-01 2.84702562e-01
   2.85914505e-01]]] 
