Testing model resnet_1687178683_SPH_9_BH_n2_M10_BH_n4_M8_BH_n4_M10_BH_n4_M12_BH_n6_M10_CUT. 
Number of events in data: 
3000 
Classes in data: 
6 
Number of events detected: 
[ 2  3  4  5  6  7  8  9 10 11 12 13 14 15 16 17 18 19 20 21 22 23 24 25
 26 27 28 29 30 31 32 33 34] 
Number of samples for each n number of events: 500 
p_values for Pearson method: 
[[[8.12720412e-01 7.94603784e-01 7.91199635e-01 7.87793092e-01
   7.84862078e-01 7.87493527e-01 7.90182404e-01 7.86058333e-01
   7.72921605e-01 7.69110074e-01 7.71192954e-01 7.60861545e-01
   7.44244978e-01 7.29936754e-01 7.14776973e-01 7.16464443e-01
   7.01980770e-01 7.00618863e-01 6.95294218e-01 6.91433542e-01
   6.84431220e-01 6.79418793e-01 6.71075705e-01 6.68793933e-01
   6.65559638e-01 6.63275998e-01 6.59993334e-01 6.59021804e-01
   6.60783762e-01 6.62906583e-01 6.58472031e-01 6.64321277e-01
   6.63716000e-01]
  [6.81434235e-02 1.77522566e-02 5.73440085e-03 2.65720584e-03
   1.77526275e-03 4.22056513e-04 4.37532545e-05 1.99109622e-06
   1.40218173e-07 6.10463040e-09 2.01971748e-10 5.40894440e-12
   5.22147166e-11 1.55044777e-12 3.86770616e-14 8.22231172e-16
   1.53210777e-17 2.22044605e-19 0.00000000e+00 0.00000000e+00
   0.00000000e+00 0.00000000e+00 0.00000000e+00 0.00000000e+00
   0.00000000e+00 0.00000000e+00 0.00000000e+00 0.00000000e+00
   0.00000000e+00 0.00000000e+00 0.00000000e+00 0.00000000e+00
   0.00000000e+00]
  [5.97209438e-02 1.25732095e-02 3.15528189e-03 4.45180360e-04
   1.80578957e-04 2.13511978e-05 4.46858485e-06 2.73130388e-07
   4.48857321e-07 1.31001471e-08 2.75295047e-10 4.52023841e-12
   3.82883674e-11 6.54286625e-13 9.39004430e-15 1.16573418e-16
   1.33226763e-18 0.00000000e+00 0.00000000e+00 0.00000000e+00
   0.00000000e+00 0.00000000e+00 0.00000000e+00 0.00000000e+00
   0.00000000e+00 0.00000000e+00 0.00000000e+00 0.00000000e+00
   0.00000000e+00 0.00000000e+00 0.00000000e+00 0.00000000e+00
   0.00000000e+00]
  [2.34115455e-02 5.55949180e-03 1.14964961e-03 1.11678404e-03
   1.91781714e-04 3.96700936e-06 2.28117343e-08 4.21662734e-11
   1.28958519e-11 2.66446865e-14 3.39728246e-17 0.00000000e+00
   1.33226763e-18 0.00000000e+00 0.00000000e+00 0.00000000e+00
   0.00000000e+00 0.00000000e+00 0.00000000e+00 0.00000000e+00
   0.00000000e+00 0.00000000e+00 0.00000000e+00 0.00000000e+00
   0.00000000e+00 0.00000000e+00 0.00000000e+00 0.00000000e+00
   0.00000000e+00 0.00000000e+00 0.00000000e+00 0.00000000e+00
   0.00000000e+00]
  [5.37680815e-05 1.22418734e-07 7.40396178e-10 3.39965399e-09
   3.93316490e-14 0.00000000e+00 0.00000000e+00 0.00000000e+00
   0.00000000e+00 0.00000000e+00 0.00000000e+00 0.00000000e+00
   0.00000000e+00 0.00000000e+00 0.00000000e+00 0.00000000e+00
   0.00000000e+00 0.00000000e+00 0.00000000e+00 0.00000000e+00
   0.00000000e+00 0.00000000e+00 0.00000000e+00 0.00000000e+00
   0.00000000e+00 0.00000000e+00 0.00000000e+00 0.00000000e+00
   0.00000000e+00 0.00000000e+00 0.00000000e+00 0.00000000e+00
   0.00000000e+00]
  [1.05184823e-02 1.51589075e-03 3.61419190e-04 4.79112511e-04
   9.49545270e-06 8.96846693e-09 1.41964462e-12 5.15143483e-17
   7.37188088e-17 0.00000000e+00 0.00000000e+00 0.00000000e+00
   0.00000000e+00 0.00000000e+00 0.00000000e+00 0.00000000e+00
   0.00000000e+00 0.00000000e+00 0.00000000e+00 0.00000000e+00
   0.00000000e+00 0.00000000e+00 0.00000000e+00 0.00000000e+00
   0.00000000e+00 0.00000000e+00 0.00000000e+00 0.00000000e+00
   0.00000000e+00 0.00000000e+00 0.00000000e+00 0.00000000e+00
   0.00000000e+00]]

 [[1.99519947e-02 5.78051159e-03 6.44207273e-04 1.41910847e-05
   3.96950178e-07 1.35711462e-06 5.31085093e-08 8.42189696e-10
   1.09209357e-11 4.67736960e-13 1.36224365e-15 4.44089210e-19
   0.00000000e+00 0.00000000e+00 0.00000000e+00 0.00000000e+00
   0.00000000e+00 0.00000000e+00 0.00000000e+00 0.00000000e+00
   0.00000000e+00 0.00000000e+00 0.00000000e+00 0.00000000e+00
   0.00000000e+00 0.00000000e+00 0.00000000e+00 0.00000000e+00
   0.00000000e+00 0.00000000e+00 0.00000000e+00 0.00000000e+00
   0.00000000e+00]
  [5.35954511e-01 5.30663624e-01 5.03179184e-01 5.10119128e-01
   5.06837723e-01 4.96666495e-01 4.96700502e-01 4.99407921e-01
   4.94466949e-01 4.93931463e-01 4.88295099e-01 4.84301662e-01
   4.89731869e-01 4.99596464e-01 4.96798519e-01 4.99495345e-01
   4.88611590e-01 4.90895266e-01 4.88399547e-01 4.85043019e-01
   4.87873134e-01 4.83654088e-01 4.81735233e-01 4.77081657e-01
   4.76956159e-01 4.82276901e-01 4.85933680e-01 4.94021111e-01
   4.97362872e-01 4.95004487e-01 4.94593705e-01 4.98104724e-01
   5.02319258e-01]
  [1.11014532e-01 8.19155676e-02 6.76601423e-02 5.06077633e-02
   3.64248165e-02 1.99643694e-02 1.35970996e-02 9.58407420e-03
   6.02070954e-03 3.75895673e-03 2.63705140e-03 1.60328568e-03
   1.04881713e-03 9.61060562e-04 5.45884420e-04 4.15669725e-04
   4.89899794e-04 1.77310304e-04 7.96585384e-05 3.98912157e-05
   1.30564953e-05 4.91452108e-06 1.52266136e-06 1.11462764e-06
   6.24521234e-07 2.67019130e-07 1.21396734e-07 8.75734675e-08
   4.17934973e-08 2.04500721e-08 7.57043703e-09 3.37909532e-09
   4.33215784e-09]
  [4.96842683e-01 4.61967534e-01 4.38905936e-01 4.33452250e-01
   4.25651868e-01 4.11007796e-01 4.07445813e-01 3.94661280e-01
   3.83787708e-01 3.81393755e-01 3.68114104e-01 3.59851421e-01
   3.47878885e-01 3.47155853e-01 3.34285664e-01 3.29491791e-01
   3.06869576e-01 2.96593419e-01 2.82717549e-01 2.74531712e-01
   2.63527161e-01 2.55952759e-01 2.50190739e-01 2.44433398e-01
   2.33627676e-01 2.30958013e-01 2.22321729e-01 2.20702168e-01
   2.16083308e-01 2.07356078e-01 2.02656787e-01 2.01290323e-01
   1.94480079e-01]
  [3.51378970e-02 1.89971324e-02 9.18693980e-03 6.78206958e-03
   5.36126175e-03 3.61041343e-03 2.00971956e-03 1.75189152e-03
   4.13053255e-04 9.47200206e-05 2.21086585e-05 1.49921879e-06
   8.82047604e-07 2.03357247e-06 7.47398509e-07 4.40553988e-07
   4.35023167e-07 1.01803761e-06 5.93658123e-07 5.47989976e-08
   2.39898391e-09 1.38421580e-09 2.32527917e-10 9.63555278e-11
   1.25729778e-11 1.49927848e-12 1.38799860e-13 5.32017541e-13
   1.29456246e-12 4.92792473e-14 3.06334957e-14 1.90203409e-15
   1.28341782e-16]
  [4.63226109e-01 3.96937321e-01 3.57782568e-01 3.36996151e-01
   3.24572336e-01 3.09105277e-01 2.99622511e-01 2.79361562e-01
   2.64767255e-01 2.57795945e-01 2.40496155e-01 2.31358080e-01
   2.13367383e-01 2.06969193e-01 1.93090430e-01 1.86985168e-01
   1.67282989e-01 1.53796293e-01 1.40112981e-01 1.32148150e-01
   1.19897152e-01 1.11817231e-01 1.07063637e-01 1.02947280e-01
   9.36105303e-02 8.93479376e-02 8.16460025e-02 7.90758092e-02
   7.57398325e-02 6.95252953e-02 6.75507896e-02 6.48686073e-02
   6.05496705e-02]]

 [[2.94591958e-02 7.84425717e-03 2.01027536e-03 5.94834346e-04
   5.19376170e-05 8.44215977e-09 1.66321076e-10 8.42820133e-10
   6.03442030e-12 6.39097664e-14 1.44773082e-16 1.31405997e-15
   1.87405647e-16 6.66133815e-19 0.00000000e+00 0.00000000e+00
   0.00000000e+00 0.00000000e+00 0.00000000e+00 0.00000000e+00
   0.00000000e+00 0.00000000e+00 0.00000000e+00 0.00000000e+00
   0.00000000e+00 0.00000000e+00 0.00000000e+00 0.00000000e+00
   0.00000000e+00 0.00000000e+00 0.00000000e+00 0.00000000e+00
   0.00000000e+00]
  [2.51581834e-01 1.77976966e-01 1.24460975e-01 8.82240933e-02
   5.92280010e-02 4.05105420e-02 2.78741745e-02 1.77032170e-02
   1.33945382e-02 1.00359972e-02 7.03392413e-03 6.04334900e-03
   4.14340839e-03 2.48852952e-03 2.25944705e-03 1.54029364e-03
   7.85010775e-04 7.65218944e-04 4.75822732e-04 2.94886751e-04
   3.25721125e-04 2.54258108e-04 1.01931193e-04 3.76076033e-05
   2.80844015e-05 1.72412304e-05 5.43814525e-06 5.62269673e-06
   2.38828408e-06 6.93104340e-07 2.02995405e-07 1.35356837e-07
   8.71532624e-08]
  [6.32292481e-01 6.18735230e-01 5.98088777e-01 5.81417830e-01
   5.65119328e-01 5.50892796e-01 5.39588156e-01 5.37253846e-01
   5.31756724e-01 5.31920919e-01 5.34549446e-01 5.35520845e-01
   5.38208017e-01 5.42682559e-01 5.48434117e-01 5.46640720e-01
   5.49202273e-01 5.42493074e-01 5.43825860e-01 5.43776313e-01
   5.44918896e-01 5.45057755e-01 5.41638638e-01 5.38386606e-01
   5.36380111e-01 5.42269228e-01 5.36623139e-01 5.34128302e-01
   5.26684805e-01 5.27648701e-01 5.26211556e-01 5.32257559e-01
   5.34269622e-01]
  [3.06442344e-01 2.15438656e-01 1.63350645e-01 1.22009244e-01
   8.88255290e-02 6.61526625e-02 4.70282697e-02 3.17280386e-02
   2.51694648e-02 1.88113327e-02 1.36155278e-02 9.97105409e-03
   6.27111173e-03 3.66264075e-03 2.77501273e-03 1.88475439e-03
   1.05316034e-03 9.07800583e-04 4.96724110e-04 3.77153886e-04
   2.56577501e-04 3.08023592e-04 1.56501639e-04 7.26696054e-05
   6.65007784e-05 2.61093933e-05 1.40282288e-05 1.64278086e-05
   8.46505434e-06 4.10150387e-06 2.37185173e-06 1.32823804e-06
   8.05075799e-07]
  [1.66158192e-03 1.39385721e-04 1.06108293e-05 2.94182196e-05
   8.83179307e-07 1.91232457e-08 3.57068831e-10 8.60062932e-11
   4.48805704e-12 8.96112073e-14 3.31186190e-13 1.20909949e-14
   2.10276241e-16 0.00000000e+00 1.11022302e-18 0.00000000e+00
   0.00000000e+00 0.00000000e+00 0.00000000e+00 0.00000000e+00
   0.00000000e+00 0.00000000e+00 0.00000000e+00 0.00000000e+00
   0.00000000e+00 0.00000000e+00 0.00000000e+00 0.00000000e+00
   0.00000000e+00 0.00000000e+00 0.00000000e+00 0.00000000e+00
   0.00000000e+00]
  [2.97239514e-01 1.92318745e-01 1.39378010e-01 1.00053811e-01
   7.33071068e-02 5.32880384e-02 3.72041170e-02 2.46853467e-02
   1.93620009e-02 1.33217324e-02 9.38820176e-03 6.14177508e-03
   3.77111680e-03 2.13184266e-03 1.43994527e-03 8.28102115e-04
   3.98558560e-04 3.19370151e-04 1.73098614e-04 1.21168834e-04
   4.77046565e-05 5.55428476e-05 2.81728968e-05 1.32995776e-05
   1.42438221e-05 2.62833080e-06 2.04368786e-06 2.09999669e-06
   1.13826864e-06 6.41546278e-07 3.81007926e-07 2.37915926e-07
   8.88937163e-08]]

 [[2.22216671e-03 2.24320191e-03 4.14739564e-04 1.07359766e-06
   1.22310279e-07 4.44078326e-09 2.35367281e-17 0.00000000e+00
   0.00000000e+00 0.00000000e+00 0.00000000e+00 0.00000000e+00
   0.00000000e+00 0.00000000e+00 0.00000000e+00 0.00000000e+00
   0.00000000e+00 0.00000000e+00 0.00000000e+00 0.00000000e+00
   0.00000000e+00 0.00000000e+00 0.00000000e+00 0.00000000e+00
   0.00000000e+00 0.00000000e+00 0.00000000e+00 0.00000000e+00
   0.00000000e+00 0.00000000e+00 0.00000000e+00 0.00000000e+00
   0.00000000e+00]
  [4.53583579e-01 4.32087376e-01 4.32217297e-01 4.21636040e-01
   4.13851384e-01 3.96392625e-01 3.77698694e-01 3.65720356e-01
   3.53927899e-01 3.45710230e-01 3.36832357e-01 3.24092970e-01
   3.15646928e-01 3.04257961e-01 2.96465088e-01 2.96091643e-01
   2.89023481e-01 2.74861965e-01 2.56552444e-01 2.50473724e-01
   2.38376818e-01 2.27752341e-01 2.22786563e-01 2.18779416e-01
   2.07326974e-01 2.00605724e-01 1.99508781e-01 1.92372043e-01
   1.90987614e-01 1.85787309e-01 1.80995920e-01 1.82624976e-01
   1.83876826e-01]
  [1.35398502e-01 1.11180402e-01 9.39842656e-02 6.89996305e-02
   4.63403165e-02 3.24739152e-02 2.37373571e-02 2.03927823e-02
   1.31970777e-02 9.69901612e-03 6.38852555e-03 5.42931516e-03
   2.79846875e-03 2.35788459e-03 1.27893085e-03 1.21059552e-03
   4.65710998e-04 2.68429774e-04 1.98399159e-04 1.45587231e-04
   1.35930909e-04 9.89710606e-05 9.59026982e-05 3.44529165e-05
   1.51511647e-05 4.41504495e-06 7.04195982e-06 3.48631782e-06
   1.83688788e-06 9.77217741e-07 4.82308487e-07 6.41899605e-07
   5.43790105e-07]
  [5.08690943e-01 4.97654544e-01 5.04591586e-01 5.03655063e-01
   4.96545117e-01 4.89585298e-01 4.87398152e-01 4.82540302e-01
   4.84881221e-01 4.85561845e-01 4.89727508e-01 4.81605199e-01
   4.81977130e-01 4.73819493e-01 4.74706293e-01 4.74579029e-01
   4.74479042e-01 4.68227896e-01 4.54356331e-01 4.55726749e-01
   4.49806762e-01 4.51086994e-01 4.51740684e-01 4.49154968e-01
   4.44190141e-01 4.40641787e-01 4.45046820e-01 4.48096323e-01
   4.51060188e-01 4.51386955e-01 4.51390515e-01 4.58226598e-01
   4.65071044e-01]
  [6.71780048e-02 2.53465931e-02 1.05481424e-02 6.09265947e-03
   3.55023898e-03 1.50743198e-03 7.09510901e-04 1.28745089e-04
   8.65478909e-05 2.93158276e-05 1.00257669e-05 5.48463346e-06
   1.98092011e-06 2.67632742e-06 1.40329344e-07 2.88133020e-07
   2.86986866e-07 1.63978376e-08 9.49705354e-10 5.18858145e-10
   7.28429674e-11 5.18720855e-11 1.64985128e-10 3.55620775e-11
   6.34446939e-13 6.45914877e-13 3.61341401e-13 9.01616559e-14
   1.05804254e-15 4.22106794e-16 1.87627691e-16 1.21902488e-16
   3.75255382e-17]
  [5.02920197e-01 4.77908960e-01 4.70198788e-01 4.64379781e-01
   4.53219978e-01 4.42296179e-01 4.40711888e-01 4.34898916e-01
   4.39391351e-01 4.36973391e-01 4.42954926e-01 4.32952215e-01
   4.32593266e-01 4.19051757e-01 4.14842433e-01 4.09074821e-01
   4.05246930e-01 3.99533324e-01 3.85946994e-01 3.83906565e-01
   3.79328710e-01 3.81010292e-01 3.80185474e-01 3.75236637e-01
   3.72370330e-01 3.65241915e-01 3.66271331e-01 3.69861044e-01
   3.67949947e-01 3.66522375e-01 3.64180099e-01 3.63647183e-01
   3.64488625e-01]]

 [[1.00633449e-06 1.64336100e-13 0.00000000e+00 0.00000000e+00
   0.00000000e+00 0.00000000e+00 0.00000000e+00 0.00000000e+00
   0.00000000e+00 0.00000000e+00 0.00000000e+00 0.00000000e+00
   0.00000000e+00 0.00000000e+00 0.00000000e+00 0.00000000e+00
   0.00000000e+00 0.00000000e+00 0.00000000e+00 0.00000000e+00
   0.00000000e+00 0.00000000e+00 0.00000000e+00 0.00000000e+00
   0.00000000e+00 0.00000000e+00 0.00000000e+00 0.00000000e+00
   0.00000000e+00 0.00000000e+00 0.00000000e+00 0.00000000e+00
   0.00000000e+00]
  [2.38437356e-01 1.27998917e-01 7.21464466e-02 3.76937467e-02
   1.70304258e-02 8.53222036e-03 4.31826535e-03 1.85609838e-03
   7.62358806e-04 3.04397889e-04 9.82816462e-05 3.98898986e-05
   1.65968046e-05 5.34191362e-06 1.87212250e-06 1.13050587e-06
   2.81342310e-07 1.41083210e-07 3.33388504e-08 2.66378075e-08
   5.42553666e-09 1.14162129e-09 2.93245860e-10 1.41830571e-10
   3.63811241e-11 7.71245690e-12 1.69844161e-12 2.11322937e-12
   4.24615898e-13 9.93907179e-14 1.04078968e-13 4.44582149e-14
   8.33488834e-15]
  [1.54978070e-02 3.95515162e-03 1.94146853e-04 6.23539917e-05
   1.82477902e-06 1.76338166e-08 1.11502827e-08 9.98796235e-11
   3.23741478e-13 7.35855821e-16 2.22044605e-19 6.66133815e-19
   0.00000000e+00 0.00000000e+00 0.00000000e+00 0.00000000e+00
   0.00000000e+00 0.00000000e+00 0.00000000e+00 0.00000000e+00
   0.00000000e+00 0.00000000e+00 0.00000000e+00 0.00000000e+00
   0.00000000e+00 0.00000000e+00 0.00000000e+00 0.00000000e+00
   0.00000000e+00 0.00000000e+00 0.00000000e+00 0.00000000e+00
   0.00000000e+00]
  [2.92988585e-01 1.66206308e-01 9.93278928e-02 5.47603775e-02
   2.75613238e-02 1.45980247e-02 8.54639304e-03 4.06790293e-03
   1.98883082e-03 9.15101318e-04 3.47690629e-04 1.64369059e-04
   8.04979170e-05 2.98754427e-05 1.16058914e-05 7.67262620e-06
   2.36391508e-06 1.18614064e-06 3.36247053e-07 2.61270736e-07
   6.50855517e-08 1.72953961e-08 5.89733430e-09 3.09180265e-09
   9.72938486e-10 2.66222119e-10 7.46268483e-11 6.94772999e-11
   1.92912215e-11 5.95144134e-12 6.88348223e-12 2.86822122e-12
   7.10735693e-13]
  [7.77256656e-01 7.20889713e-01 6.96365061e-01 6.91163827e-01
   6.80614077e-01 6.75083106e-01 6.63846727e-01 6.61328290e-01
   6.47805320e-01 6.38884754e-01 6.26928955e-01 6.15740864e-01
   6.08059365e-01 6.03351259e-01 5.93754620e-01 5.94507670e-01
   5.86228241e-01 5.77886961e-01 5.74452012e-01 5.68120075e-01
   5.69275875e-01 5.62306278e-01 5.63001632e-01 5.61422457e-01
   5.60482812e-01 5.55576850e-01 5.51364998e-01 5.50804364e-01
   5.48885385e-01 5.47126534e-01 5.41790937e-01 5.39092060e-01
   5.36898529e-01]
  [2.90186792e-01 1.62568179e-01 9.63583174e-02 5.18394004e-02
   2.55627624e-02 1.31294815e-02 7.69113851e-03 3.62595539e-03
   1.79195420e-03 8.22156599e-04 3.10381949e-04 1.53733705e-04
   7.53418668e-05 2.75076100e-05 1.04043400e-05 7.03512370e-06
   2.16272534e-06 1.02895932e-06 2.86465970e-07 2.34909383e-07
   5.83436706e-08 1.54813682e-08 5.15592784e-09 2.65934020e-09
   8.12765723e-10 2.26833713e-10 6.44430462e-11 5.10425286e-11
   1.55290154e-11 4.93580310e-12 6.32451158e-12 2.30807240e-12
   5.84996940e-13]]

 [[2.38892013e-03 1.60055198e-04 2.19615108e-06 5.57718689e-07
   1.14253404e-07 4.33465998e-10 0.00000000e+00 0.00000000e+00
   0.00000000e+00 0.00000000e+00 0.00000000e+00 0.00000000e+00
   0.00000000e+00 0.00000000e+00 0.00000000e+00 0.00000000e+00
   0.00000000e+00 0.00000000e+00 0.00000000e+00 0.00000000e+00
   0.00000000e+00 0.00000000e+00 0.00000000e+00 0.00000000e+00
   0.00000000e+00 0.00000000e+00 0.00000000e+00 0.00000000e+00
   0.00000000e+00 0.00000000e+00 0.00000000e+00 0.00000000e+00
   0.00000000e+00]
  [4.53685521e-01 4.01201749e-01 3.94220821e-01 3.61228549e-01
   3.54709061e-01 3.30557145e-01 3.22729553e-01 3.07981194e-01
   2.97078572e-01 2.80611291e-01 2.77583418e-01 2.65409314e-01
   2.56918344e-01 2.41978992e-01 2.35494197e-01 2.26409300e-01
   2.21095244e-01 2.10556844e-01 1.96471919e-01 1.87430373e-01
   1.73613565e-01 1.70383445e-01 1.60271840e-01 1.53486678e-01
   1.46364002e-01 1.39485012e-01 1.33170684e-01 1.26670938e-01
   1.22911577e-01 1.18989671e-01 1.13322567e-01 1.09314619e-01
   1.03728014e-01]
  [1.17365594e-01 9.60549681e-02 6.72831521e-02 5.29420711e-02
   3.86422664e-02 3.33611787e-02 2.49554353e-02 1.78513554e-02
   1.39722334e-02 1.21692021e-02 7.93521466e-03 5.35686082e-03
   5.04505986e-03 3.63891639e-03 2.18883008e-03 1.31651449e-03
   9.09392558e-04 5.37774230e-04 7.04054928e-04 2.47408132e-04
   1.82965468e-04 2.22451800e-04 2.54722416e-04 7.92234788e-05
   5.97628991e-05 3.92480080e-05 2.34412455e-05 1.58143294e-05
   1.05333074e-05 4.15873071e-06 2.32241933e-06 2.11292374e-06
   2.30697158e-06]
  [5.40545233e-01 5.16946334e-01 5.31474781e-01 5.13402315e-01
   5.09541849e-01 5.05071123e-01 5.19559770e-01 5.09400402e-01
   5.05624604e-01 4.97103801e-01 5.05748566e-01 5.03454643e-01
   5.07939675e-01 4.96933395e-01 4.99920234e-01 4.97635605e-01
   4.92455994e-01 4.92707614e-01 4.86815761e-01 4.79254041e-01
   4.75973427e-01 4.71256386e-01 4.67267148e-01 4.65223393e-01
   4.63935231e-01 4.61940756e-01 4.56710690e-01 4.52683712e-01
   4.49419259e-01 4.42371574e-01 4.42044739e-01 4.42683508e-01
   4.45397621e-01]
  [3.82196066e-02 2.08018132e-02 9.57533750e-03 4.56561208e-03
   2.40692911e-03 6.92661742e-04 2.21578330e-04 1.93001848e-04
   2.40150283e-04 1.52457534e-04 1.50725101e-05 2.23081882e-05
   1.10552990e-06 1.51852554e-08 8.91754000e-10 1.33001578e-09
   7.61196674e-10 1.17259817e-09 1.55655104e-11 9.49853529e-14
   4.96009900e-14 9.52016244e-15 5.21225285e-14 6.69464484e-16
   1.99840144e-17 1.46549439e-17 9.23705556e-17 1.99840144e-18
   0.00000000e+00 0.00000000e+00 0.00000000e+00 0.00000000e+00
   0.00000000e+00]
  [5.52182549e-01 5.26170287e-01 5.33149111e-01 5.14923654e-01
   5.09277313e-01 5.08217486e-01 5.23763559e-01 5.13478849e-01
   5.09329169e-01 5.04051809e-01 5.13242317e-01 5.12092624e-01
   5.17536974e-01 5.10638921e-01 5.16476911e-01 5.17562266e-01
   5.13576991e-01 5.17143430e-01 5.15916095e-01 5.10963014e-01
   5.13844803e-01 5.11460599e-01 5.08236432e-01 5.07885745e-01
   5.09573429e-01 5.08035527e-01 5.04299580e-01 4.99299869e-01
   4.98050314e-01 4.93091426e-01 4.95744235e-01 4.98601213e-01
   5.01470753e-01]]] 
Error up for Pearson method: 
[[[1.86215629e-01 2.02574113e-01 2.03223396e-01 1.74828651e-01
   1.78976449e-01 1.78815529e-01 1.77393159e-01 1.56293472e-01
   1.67745837e-01 1.73041162e-01 1.72992736e-01 1.85285919e-01
   1.93487501e-01 1.97198275e-01 2.13044885e-01 2.12805622e-01
   2.27235319e-01 2.31454510e-01 2.29915139e-01 2.36350911e-01
   2.37806741e-01 2.35990773e-01 2.36479248e-01 2.40049710e-01
   2.40622835e-01 2.45016927e-01 2.45878773e-01 2.51422761e-01
   2.52613314e-01 2.63083951e-01 2.65485746e-01 2.58621019e-01
   2.57282765e-01]
  [3.04223051e-01 1.57169154e-01 1.78196160e-01 1.92114461e-01
   2.38676315e-01 4.20062131e-02 4.68937656e-03 1.92964367e-04
   1.37367449e-05 6.49408987e-07 2.24215039e-08 6.75561945e-10
   2.60456996e-08 5.40239177e-10 9.43040521e-12 2.01875043e-13
   7.64521779e-15 1.10800258e-16 0.00000000e+00 0.00000000e+00
   0.00000000e+00 0.00000000e+00 0.00000000e+00 0.00000000e+00
   0.00000000e+00 0.00000000e+00 0.00000000e+00 0.00000000e+00
   0.00000000e+00 0.00000000e+00 0.00000000e+00 0.00000000e+00
   0.00000000e+00]
  [3.28896898e-01 1.52150672e-01 1.04742700e-01 2.13218748e-02
   1.44163948e-02 1.84531736e-03 3.83936870e-04 3.17616215e-05
   1.27232596e-04 2.61978238e-06 1.35447039e-07 2.23467159e-09
   1.91056762e-08 3.26353135e-10 4.68230144e-12 5.81701354e-14
   6.64801547e-16 0.00000000e+00 0.00000000e+00 0.00000000e+00
   0.00000000e+00 0.00000000e+00 0.00000000e+00 0.00000000e+00
   0.00000000e+00 0.00000000e+00 0.00000000e+00 0.00000000e+00
   0.00000000e+00 0.00000000e+00 0.00000000e+00 0.00000000e+00
   0.00000000e+00]
  [1.87168806e-01 2.35326927e-01 8.61761234e-02 3.09655396e-01
   4.76231775e-02 6.56938879e-04 2.40017556e-06 3.97715070e-09
   6.41114778e-09 1.32714957e-11 1.69524395e-14 0.00000000e+00
   6.64801547e-16 0.00000000e+00 0.00000000e+00 0.00000000e+00
   0.00000000e+00 0.00000000e+00 0.00000000e+00 0.00000000e+00
   0.00000000e+00 0.00000000e+00 0.00000000e+00 0.00000000e+00
   0.00000000e+00 0.00000000e+00 0.00000000e+00 0.00000000e+00
   0.00000000e+00 0.00000000e+00 0.00000000e+00 0.00000000e+00
   0.00000000e+00]
  [1.06499361e-02 1.29084765e-05 2.10553839e-07 1.69642712e-06
   9.79358061e-12 0.00000000e+00 0.00000000e+00 0.00000000e+00
   0.00000000e+00 0.00000000e+00 0.00000000e+00 0.00000000e+00
   0.00000000e+00 0.00000000e+00 0.00000000e+00 0.00000000e+00
   0.00000000e+00 0.00000000e+00 0.00000000e+00 0.00000000e+00
   0.00000000e+00 0.00000000e+00 0.00000000e+00 0.00000000e+00
   0.00000000e+00 0.00000000e+00 0.00000000e+00 0.00000000e+00
   0.00000000e+00 0.00000000e+00 0.00000000e+00 0.00000000e+00
   0.00000000e+00]
  [5.38596421e-01 6.48073063e-02 8.97127689e-02 2.38526686e-01
   2.36425904e-03 1.48577174e-06 1.48268025e-10 4.82233900e-15
   3.67856856e-14 0.00000000e+00 0.00000000e+00 0.00000000e+00
   0.00000000e+00 0.00000000e+00 0.00000000e+00 0.00000000e+00
   0.00000000e+00 0.00000000e+00 0.00000000e+00 0.00000000e+00
   0.00000000e+00 0.00000000e+00 0.00000000e+00 0.00000000e+00
   0.00000000e+00 0.00000000e+00 0.00000000e+00 0.00000000e+00
   0.00000000e+00 0.00000000e+00 0.00000000e+00 0.00000000e+00
   0.00000000e+00]]

 [[5.92840764e-01 2.21062767e-01 8.88358668e-02 2.16489226e-03
   5.27483911e-05 3.17698875e-04 2.64874795e-05 4.19915199e-07
   5.44073652e-09 1.16447153e-10 4.40860732e-13 1.10578213e-16
   0.00000000e+00 0.00000000e+00 0.00000000e+00 0.00000000e+00
   0.00000000e+00 0.00000000e+00 0.00000000e+00 0.00000000e+00
   0.00000000e+00 0.00000000e+00 0.00000000e+00 0.00000000e+00
   0.00000000e+00 0.00000000e+00 0.00000000e+00 0.00000000e+00
   0.00000000e+00 0.00000000e+00 0.00000000e+00 0.00000000e+00
   0.00000000e+00]
  [2.22169135e-01 2.50488360e-01 2.73488227e-01 2.45989478e-01
   2.53443496e-01 2.73207288e-01 2.72754283e-01 2.65807209e-01
   2.79394217e-01 2.92790730e-01 2.82430844e-01 2.89991611e-01
   2.87074169e-01 2.79887788e-01 2.80671996e-01 2.77207730e-01
   2.82288731e-01 2.76648938e-01 2.85662736e-01 2.93383109e-01
   2.83257697e-01 3.04272686e-01 2.97083077e-01 3.01146116e-01
   2.99075272e-01 2.92961206e-01 2.86760928e-01 2.90188786e-01
   2.82394982e-01 2.75109477e-01 2.73203808e-01 2.74436453e-01
   2.73806561e-01]
  [3.31660201e-01 2.59315623e-01 2.98490913e-01 2.65326917e-01
   2.53447678e-01 1.81758241e-01 1.37391291e-01 1.31340900e-01
   9.80924227e-02 5.05105071e-02 3.09409257e-02 2.56566331e-02
   1.93337396e-02 2.77497427e-02 2.67841971e-02 1.85403021e-02
   3.49046022e-02 7.48868673e-03 3.13433414e-03 1.38291920e-03
   3.45228896e-04 1.09927974e-04 3.25059549e-05 3.02248382e-05
   1.38159111e-05 5.34665083e-06 2.75766656e-06 3.32048070e-06
   1.20736482e-06 5.23068776e-07 1.93640158e-07 1.11434191e-07
   3.10918714e-07]
  [2.80613464e-01 3.16468005e-01 2.89854972e-01 2.67233726e-01
   2.73064565e-01 3.05590560e-01 3.25662913e-01 3.34323408e-01
   3.34171392e-01 3.47718658e-01 3.41449079e-01 3.46440063e-01
   3.25511286e-01 3.21652146e-01 3.39419010e-01 3.39094671e-01
   3.47188400e-01 3.51475121e-01 3.39472093e-01 3.48714237e-01
   3.43013980e-01 3.29032056e-01 3.27375692e-01 3.40832988e-01
   3.38603265e-01 3.45443452e-01 3.35882741e-01 3.53041737e-01
   3.50134937e-01 3.43462594e-01 3.44176981e-01 3.37367575e-01
   3.31215576e-01]
  [3.50793392e-01 4.16960755e-01 2.24901697e-01 3.23782227e-01
   4.39708565e-01 3.16097115e-01 2.60922041e-01 3.81790796e-01
   1.06016571e-01 1.83170966e-02 4.02606505e-03 2.27382503e-04
   1.07094645e-04 3.72723104e-04 1.22842689e-04 4.84233016e-05
   7.88468096e-05 2.32686666e-04 1.17077557e-04 8.00917152e-06
   3.14118879e-07 2.71003175e-07 7.43817548e-08 2.02871827e-08
   1.92850861e-09 2.23108698e-10 1.90445868e-11 8.81055242e-11
   2.61940715e-10 9.21795927e-12 5.31207870e-12 3.70012971e-13
   1.94798279e-14]
  [3.01703078e-01 3.72873515e-01 3.69408014e-01 3.74259555e-01
   3.34284507e-01 3.53848644e-01 3.38184070e-01 3.40740639e-01
   3.47340805e-01 3.63815939e-01 3.51599130e-01 3.68590345e-01
   3.60338116e-01 3.55413525e-01 3.45208600e-01 3.53050653e-01
   3.51303691e-01 3.40815667e-01 3.42721262e-01 3.35190332e-01
   3.27099300e-01 3.14004226e-01 3.02899042e-01 3.11112330e-01
   2.92926123e-01 2.96223066e-01 2.92664174e-01 3.00254185e-01
   3.07521083e-01 2.95719089e-01 3.05642354e-01 2.86583807e-01
   2.98426076e-01]]

 [[3.15523560e-01 2.83338477e-01 1.96109688e-01 1.45739527e-01
   1.27248247e-02 8.13277168e-07 1.00728711e-08 4.19914569e-07
   1.65617013e-09 8.98883669e-12 1.80443801e-14 4.61856403e-13
   9.34043953e-14 3.32400774e-16 0.00000000e+00 0.00000000e+00
   0.00000000e+00 0.00000000e+00 0.00000000e+00 0.00000000e+00
   0.00000000e+00 0.00000000e+00 0.00000000e+00 0.00000000e+00
   0.00000000e+00 0.00000000e+00 0.00000000e+00 0.00000000e+00
   0.00000000e+00 0.00000000e+00 0.00000000e+00 0.00000000e+00
   0.00000000e+00]
  [3.86171733e-01 3.14635341e-01 3.03607281e-01 2.95636586e-01
   2.70771859e-01 2.07078647e-01 1.97986120e-01 1.44666063e-01
   1.71147871e-01 1.37231593e-01 1.25204579e-01 1.32092101e-01
   1.31407053e-01 8.59935447e-02 1.15184212e-01 8.70050051e-02
   6.08000845e-02 6.39755959e-02 4.14827734e-02 2.89602683e-02
   3.43503889e-02 2.38614678e-02 9.02458630e-03 3.47732029e-03
   2.74832704e-03 2.17392191e-03 6.90533813e-04 8.76911493e-04
   3.47200611e-04 7.88434781e-05 1.83276873e-05 1.43460882e-05
   7.37999766e-06]
  [3.40101968e-01 2.47933766e-01 2.44670512e-01 2.08782062e-01
   2.21204050e-01 2.38150403e-01 2.55302268e-01 2.42579151e-01
   2.42104148e-01 2.37766858e-01 2.36500258e-01 2.24846540e-01
   2.27768069e-01 2.24478643e-01 2.23635587e-01 2.34708387e-01
   2.36808599e-01 2.29834792e-01 2.24880769e-01 2.30530643e-01
   2.40483267e-01 2.40470519e-01 2.49156065e-01 2.46505841e-01
   2.43934721e-01 2.39940985e-01 2.41486500e-01 2.42903838e-01
   2.46841028e-01 2.46252982e-01 2.47480276e-01 2.53080823e-01
   2.60639222e-01]
  [4.45359842e-01 2.86950429e-01 3.27014994e-01 3.27022725e-01
   3.05789973e-01 2.65797971e-01 2.16426519e-01 1.80791946e-01
   1.52632195e-01 1.60549291e-01 1.28273726e-01 1.10371022e-01
   7.99397723e-02 3.96151297e-02 4.10733973e-02 3.05077448e-02
   2.22128134e-02 2.66105903e-02 1.31760428e-02 1.47152570e-02
   8.56007067e-03 1.73395252e-02 8.87170353e-03 4.24282804e-03
   5.41881398e-03 2.13208075e-03 9.51602521e-04 1.37231696e-03
   6.57378745e-04 2.71392752e-04 1.14275812e-04 6.52367759e-05
   3.24647998e-05]
  [2.34682932e-02 4.71440322e-03 7.17393932e-04 7.17794120e-03
   1.01232473e-04 2.20302366e-06 3.50055361e-08 2.36237834e-08
   1.06407752e-09 1.38739585e-11 1.64921958e-10 2.00307482e-12
   5.62436736e-14 0.00000000e+00 2.11625905e-16 0.00000000e+00
   0.00000000e+00 0.00000000e+00 0.00000000e+00 0.00000000e+00
   0.00000000e+00 0.00000000e+00 0.00000000e+00 0.00000000e+00
   0.00000000e+00 0.00000000e+00 0.00000000e+00 0.00000000e+00
   0.00000000e+00 0.00000000e+00 0.00000000e+00 0.00000000e+00
   0.00000000e+00]
  [4.55417945e-01 3.39453219e-01 3.57670503e-01 3.20877343e-01
   2.87272873e-01 2.49365508e-01 1.95488986e-01 1.57683970e-01
   1.48272988e-01 1.13546174e-01 1.00259332e-01 6.22984939e-02
   4.57237614e-02 2.36904161e-02 2.12528445e-02 1.21836032e-02
   5.66470257e-03 7.85947978e-03 5.19667643e-03 4.66579622e-03
   1.01216171e-03 2.47470828e-03 1.34369440e-03 6.36647990e-04
   1.03641450e-03 1.06277449e-04 6.63315555e-05 1.03935882e-04
   5.11141350e-05 2.60706350e-05 1.25787553e-05 1.04740872e-05
   2.25645030e-06]]

 [[9.86146834e-02 3.04670593e-01 7.26124604e-02 2.67034027e-04
   4.28659149e-05 2.21574751e-06 5.70638321e-15 0.00000000e+00
   0.00000000e+00 0.00000000e+00 0.00000000e+00 0.00000000e+00
   0.00000000e+00 0.00000000e+00 0.00000000e+00 0.00000000e+00
   0.00000000e+00 0.00000000e+00 0.00000000e+00 0.00000000e+00
   0.00000000e+00 0.00000000e+00 0.00000000e+00 0.00000000e+00
   0.00000000e+00 0.00000000e+00 0.00000000e+00 0.00000000e+00
   0.00000000e+00 0.00000000e+00 0.00000000e+00 0.00000000e+00
   0.00000000e+00]
  [2.64245430e-01 3.21740520e-01 3.23121536e-01 2.93572499e-01
   2.89051539e-01 3.00184909e-01 3.24096255e-01 3.21097351e-01
   3.39285990e-01 3.34117066e-01 3.41141677e-01 3.37169788e-01
   3.34826566e-01 3.40335237e-01 3.39956775e-01 3.44418234e-01
   3.62207211e-01 3.48767651e-01 3.57755724e-01 3.57901689e-01
   3.52194035e-01 3.47193297e-01 3.32687849e-01 3.26068260e-01
   3.26590160e-01 3.27879764e-01 3.19948168e-01 3.23966928e-01
   3.36450173e-01 3.25667559e-01 3.21812389e-01 3.29371480e-01
   3.29534247e-01]
  [3.90781601e-01 3.60965120e-01 3.35364268e-01 3.70666577e-01
   2.88091194e-01 2.59417965e-01 2.15056255e-01 2.26591737e-01
   1.66915561e-01 1.55979572e-01 9.48225800e-02 8.65682003e-02
   6.31555262e-02 7.77971934e-02 3.27461180e-02 3.40931849e-02
   1.14473878e-02 6.02168101e-03 7.39605594e-03 4.23520240e-03
   6.87391155e-03 4.98680415e-03 8.50157383e-03 2.44984420e-03
   1.36331048e-03 2.96848604e-04 6.85114302e-04 1.94637256e-04
   9.78367404e-05 5.33190540e-05 2.54606034e-05 6.31700903e-05
   6.46761078e-05]
  [2.65503405e-01 3.19510113e-01 2.72429480e-01 2.57803140e-01
   2.65073919e-01 2.67339451e-01 2.74329026e-01 2.90766936e-01
   2.77369082e-01 2.76896861e-01 2.81881633e-01 2.89271771e-01
   2.88324658e-01 2.87328017e-01 2.79725470e-01 2.89311280e-01
   2.85446609e-01 2.90002137e-01 2.81163868e-01 2.85521930e-01
   2.87538256e-01 2.89157376e-01 2.93848772e-01 2.96880076e-01
   2.95909476e-01 3.00200187e-01 3.05435013e-01 3.10421960e-01
   3.09671924e-01 3.07917114e-01 3.10446373e-01 3.06787030e-01
   3.03113556e-01]
  [9.30830636e-01 2.77084490e-01 1.34487045e-01 1.31024504e-01
   9.92161944e-02 5.86406164e-02 5.13337039e-02 5.52046865e-03
   6.16199955e-03 2.52740800e-03 7.02712674e-04 4.41113328e-04
   2.97445796e-04 7.58566255e-04 1.38956440e-05 4.06600382e-05
   4.04355245e-05 2.52694692e-06 8.82281177e-08 8.20356215e-08
   1.07941918e-08 1.07335483e-08 4.46141244e-08 8.60330998e-09
   7.32717328e-11 1.34330741e-10 6.98153477e-11 2.39920966e-11
   8.43219286e-14 5.22872326e-14 1.26891837e-14 1.47125184e-14
   4.21791992e-15]
  [2.78538052e-01 3.65802670e-01 2.99221492e-01 3.02955633e-01
   2.97808896e-01 2.93563176e-01 2.88650987e-01 2.82549709e-01
   2.82654131e-01 2.93501098e-01 2.87008848e-01 3.05239561e-01
   3.00270919e-01 3.13137311e-01 3.15030766e-01 3.15382308e-01
   2.99327803e-01 2.99845190e-01 2.93722732e-01 3.06667674e-01
   3.08075171e-01 3.13005834e-01 3.21932324e-01 3.20443032e-01
   3.22641053e-01 3.29330432e-01 3.27425784e-01 3.28311358e-01
   3.36157945e-01 3.34149053e-01 3.36792989e-01 3.40307926e-01
   3.44442531e-01]]

 [[5.02160845e-04 3.52304215e-11 0.00000000e+00 0.00000000e+00
   0.00000000e+00 0.00000000e+00 0.00000000e+00 0.00000000e+00
   0.00000000e+00 0.00000000e+00 0.00000000e+00 0.00000000e+00
   0.00000000e+00 0.00000000e+00 0.00000000e+00 0.00000000e+00
   0.00000000e+00 0.00000000e+00 0.00000000e+00 0.00000000e+00
   0.00000000e+00 0.00000000e+00 0.00000000e+00 0.00000000e+00
   0.00000000e+00 0.00000000e+00 0.00000000e+00 0.00000000e+00
   0.00000000e+00 0.00000000e+00 0.00000000e+00 0.00000000e+00
   0.00000000e+00]
  [4.33307477e-01 2.96113425e-01 2.25289851e-01 2.50519653e-01
   1.27604751e-01 7.43173482e-02 3.82552863e-02 2.81388790e-02
   9.92349536e-03 3.51513438e-03 1.01275467e-03 9.26807178e-04
   3.68905032e-04 1.06313815e-04 3.10172352e-05 5.50722858e-05
   1.03057288e-05 4.55270525e-06 8.70233146e-07 2.42529555e-06
   4.77802872e-07 8.04788537e-08 1.45310602e-08 4.48539577e-09
   8.14191241e-10 1.54593373e-10 3.03156636e-11 9.52982389e-11
   1.60162033e-11 2.99189529e-12 8.11034289e-12 2.38126800e-12
   3.82331194e-13]
  [1.14789965e-01 1.52354101e-01 3.55727618e-03 9.51076902e-03
   1.28767216e-04 6.95710130e-07 3.16618585e-06 1.09621239e-08
   2.18036373e-11 3.14483625e-14 1.10800258e-16 3.32400774e-16
   0.00000000e+00 0.00000000e+00 0.00000000e+00 0.00000000e+00
   0.00000000e+00 0.00000000e+00 0.00000000e+00 0.00000000e+00
   0.00000000e+00 0.00000000e+00 0.00000000e+00 0.00000000e+00
   0.00000000e+00 0.00000000e+00 0.00000000e+00 0.00000000e+00
   0.00000000e+00 0.00000000e+00 0.00000000e+00 0.00000000e+00
   0.00000000e+00]
  [4.68818430e-01 3.38787083e-01 2.59569579e-01 3.01403445e-01
   1.66114374e-01 1.01650055e-01 6.65889538e-02 5.15704896e-02
   2.35818933e-02 9.74201259e-03 3.23159772e-03 3.25453083e-03
   1.65313738e-03 5.61067469e-04 1.78309593e-04 2.86315593e-04
   7.74778809e-05 3.36018240e-05 7.65720306e-06 1.41061088e-05
   3.86347123e-06 1.06164460e-06 2.51305024e-07 8.65886668e-08
   1.98007159e-08 4.55230086e-09 1.07468918e-09 2.87460320e-09
   6.69356379e-10 1.65632282e-10 4.81560308e-10 1.34786685e-10
   2.84434686e-11]
  [2.20751984e-01 2.73887103e-01 2.93426977e-01 2.91854856e-01
   2.66579999e-01 2.40237147e-01 2.44844307e-01 2.35109567e-01
   2.23692184e-01 2.26152975e-01 2.30733055e-01 2.41590695e-01
   2.49475224e-01 2.54487241e-01 2.59784263e-01 2.48178178e-01
   2.46567264e-01 2.35907084e-01 2.35006070e-01 2.47122712e-01
   2.44149247e-01 2.29684943e-01 2.28740805e-01 2.29996456e-01
   2.36642160e-01 2.38589940e-01 2.41637886e-01 2.51147118e-01
   2.54470952e-01 2.49481957e-01 2.51579716e-01 2.49994487e-01
   2.49059450e-01]
  [4.62195950e-01 3.50312969e-01 2.58596472e-01 2.30364695e-01
   1.52623434e-01 1.00641096e-01 5.88678110e-02 4.43684403e-02
   2.20057778e-02 9.18041610e-03 3.10880863e-03 3.27431973e-03
   1.65684066e-03 5.48059265e-04 1.69379122e-04 2.62672201e-04
   7.68277360e-05 3.17510601e-05 7.11155724e-06 1.38417221e-05
   3.45018962e-06 9.89501822e-07 2.25997497e-07 8.32741222e-08
   1.79444995e-08 4.06910598e-09 9.75344183e-10 2.20902447e-09
   5.95891101e-10 1.49318747e-10 4.89881895e-10 1.16739852e-10
   2.55969453e-11]]

 [[1.23955206e-01 1.59293067e-02 3.35849213e-04 1.09238858e-04
   4.00511643e-05 1.35534683e-07 0.00000000e+00 0.00000000e+00
   0.00000000e+00 0.00000000e+00 0.00000000e+00 0.00000000e+00
   0.00000000e+00 0.00000000e+00 0.00000000e+00 0.00000000e+00
   0.00000000e+00 0.00000000e+00 0.00000000e+00 0.00000000e+00
   0.00000000e+00 0.00000000e+00 0.00000000e+00 0.00000000e+00
   0.00000000e+00 0.00000000e+00 0.00000000e+00 0.00000000e+00
   0.00000000e+00 0.00000000e+00 0.00000000e+00 0.00000000e+00
   0.00000000e+00]
  [2.48908864e-01 3.48681889e-01 2.98704763e-01 2.97104498e-01
   3.05977383e-01 3.07243372e-01 3.09952743e-01 3.18622545e-01
   3.30701119e-01 3.24071192e-01 3.08618130e-01 3.20401842e-01
   3.31167360e-01 3.49212519e-01 3.50898194e-01 3.57494826e-01
   3.53773011e-01 3.50821990e-01 3.52268681e-01 3.37726140e-01
   3.17746125e-01 3.34989722e-01 3.37398314e-01 3.30877867e-01
   3.22843117e-01 3.13577236e-01 3.16951668e-01 3.13391262e-01
   3.29732905e-01 3.22623734e-01 3.27295467e-01 3.09019705e-01
   3.04219970e-01]
  [3.36218828e-01 3.25232422e-01 3.36994122e-01 3.36259750e-01
   2.98056889e-01 2.85043515e-01 2.42568811e-01 2.53326375e-01
   2.60835507e-01 2.97060658e-01 2.09402620e-01 1.68246831e-01
   1.86702359e-01 1.51660575e-01 7.72977656e-02 4.89191424e-02
   5.20787509e-02 2.44456146e-02 4.04038606e-02 1.03697341e-02
   1.21586498e-02 2.05128507e-02 3.14422221e-02 6.50615324e-03
   4.19070093e-03 3.47500976e-03 1.47177343e-03 1.15340767e-03
   1.03421304e-03 3.06135261e-04 1.70328448e-04 1.89375356e-04
   3.61232057e-04]
  [2.33797170e-01 3.09173114e-01 2.37283266e-01 2.49062987e-01
   2.61695051e-01 2.60716293e-01 2.61097613e-01 2.62099462e-01
   2.68657678e-01 2.69282849e-01 2.71368026e-01 2.80202898e-01
   2.72073972e-01 2.70898003e-01 2.75050266e-01 2.83632908e-01
   2.76939663e-01 2.85023005e-01 2.84817558e-01 2.89188789e-01
   2.80266622e-01 2.94290480e-01 2.92179929e-01 2.91526477e-01
   3.01207608e-01 2.93658928e-01 2.92121398e-01 2.96346557e-01
   3.02507851e-01 3.07329567e-01 3.01330098e-01 3.01287868e-01
   3.04132081e-01]
  [5.08533657e-01 3.54482158e-01 1.86304939e-01 8.78064778e-02
   1.15410982e-01 3.50901970e-02 8.30959050e-03 9.55302748e-03
   2.02967492e-02 4.16138607e-02 2.40066150e-03 1.10892277e-02
   3.77712099e-04 2.20865026e-06 5.73768809e-08 3.01531026e-07
   9.71007428e-08 3.34281697e-07 3.37509938e-09 8.97479904e-12
   7.14336000e-12 1.40401805e-12 1.06963484e-11 1.05607000e-13
   3.01461650e-15 5.01607735e-15 4.60929073e-14 6.31348254e-16
   0.00000000e+00 0.00000000e+00 0.00000000e+00 0.00000000e+00
   0.00000000e+00]
  [2.38666769e-01 3.07341011e-01 2.59985086e-01 2.70280627e-01
   2.76425698e-01 2.66095382e-01 2.53088179e-01 2.58382294e-01
   2.76613043e-01 2.81841579e-01 2.71204554e-01 2.81989488e-01
   2.79421702e-01 2.76277262e-01 2.79919579e-01 2.78980161e-01
   2.76466058e-01 2.75014483e-01 2.76416057e-01 2.83315618e-01
   2.76146490e-01 2.70783987e-01 2.81690203e-01 2.77183536e-01
   2.71009775e-01 2.70610568e-01 2.70095268e-01 2.76413376e-01
   2.79539605e-01 2.83152721e-01 2.83972011e-01 2.79302567e-01
   2.80782246e-01]]] 
Error down for Pearson method: 
[[[7.22526376e-01 5.43780987e-01 4.47218850e-01 5.29809543e-01
   4.90478747e-01 4.60692229e-01 4.52854538e-01 6.72368613e-01
   6.31607913e-01 6.00744985e-01 5.90355052e-01 5.52359756e-01
   5.84301549e-01 5.94475017e-01 5.59968643e-01 5.40437844e-01
   5.02873536e-01 4.82414397e-01 4.88322293e-01 4.66345773e-01
   4.50804173e-01 4.58478225e-01 4.77529464e-01 4.55258157e-01
   4.56033279e-01 4.39333590e-01 4.40493520e-01 4.31833768e-01
   4.21807136e-01 3.96140755e-01 3.93794303e-01 4.00391070e-01
   3.96953324e-01]
  [6.65741341e-02 1.76319560e-02 5.55328214e-03 2.62539646e-03
   1.76345481e-03 4.21642062e-04 4.35221708e-05 1.97759393e-06
   1.39826609e-07 6.07350686e-09 2.00915432e-10 5.38362842e-12
   5.21959119e-11 1.55019501e-12 3.86732616e-14 8.22231172e-16
   1.53210777e-17 2.22044605e-19 0.00000000e+00 0.00000000e+00
   0.00000000e+00 0.00000000e+00 0.00000000e+00 0.00000000e+00
   0.00000000e+00 0.00000000e+00 0.00000000e+00 0.00000000e+00
   0.00000000e+00 0.00000000e+00 0.00000000e+00 0.00000000e+00
   0.00000000e+00]
  [5.87630438e-02 1.21354896e-02 3.08849052e-03 4.41745697e-04
   1.77468090e-04 2.12709005e-05 4.46154532e-06 2.70188083e-07
   4.47288932e-07 1.30551702e-08 2.72762277e-10 4.48744238e-12
   3.82879283e-11 6.54041707e-13 9.38383317e-15 1.16573418e-16
   1.33226763e-18 0.00000000e+00 0.00000000e+00 0.00000000e+00
   0.00000000e+00 0.00000000e+00 0.00000000e+00 0.00000000e+00
   0.00000000e+00 0.00000000e+00 0.00000000e+00 0.00000000e+00
   0.00000000e+00 0.00000000e+00 0.00000000e+00 0.00000000e+00
   0.00000000e+00]
  [2.33438426e-02 5.50881443e-03 1.14246392e-03 1.11642799e-03
   1.91340508e-04 3.96545819e-06 2.28096729e-08 4.21636289e-11
   1.28565492e-11 2.65988151e-14 3.39728246e-17 0.00000000e+00
   1.33226763e-18 0.00000000e+00 0.00000000e+00 0.00000000e+00
   0.00000000e+00 0.00000000e+00 0.00000000e+00 0.00000000e+00
   0.00000000e+00 0.00000000e+00 0.00000000e+00 0.00000000e+00
   0.00000000e+00 0.00000000e+00 0.00000000e+00 0.00000000e+00
   0.00000000e+00 0.00000000e+00 0.00000000e+00 0.00000000e+00
   0.00000000e+00]
  [5.36943922e-05 1.22418523e-07 7.40395218e-10 3.39965355e-09
   3.93316490e-14 0.00000000e+00 0.00000000e+00 0.00000000e+00
   0.00000000e+00 0.00000000e+00 0.00000000e+00 0.00000000e+00
   0.00000000e+00 0.00000000e+00 0.00000000e+00 0.00000000e+00
   0.00000000e+00 0.00000000e+00 0.00000000e+00 0.00000000e+00
   0.00000000e+00 0.00000000e+00 0.00000000e+00 0.00000000e+00
   0.00000000e+00 0.00000000e+00 0.00000000e+00 0.00000000e+00
   0.00000000e+00 0.00000000e+00 0.00000000e+00 0.00000000e+00
   0.00000000e+00]
  [9.51936687e-03 1.51578665e-03 3.60146512e-04 4.78325882e-04
   9.49501734e-06 8.96844107e-09 1.41964440e-12 5.15143483e-17
   7.37188088e-17 0.00000000e+00 0.00000000e+00 0.00000000e+00
   0.00000000e+00 0.00000000e+00 0.00000000e+00 0.00000000e+00
   0.00000000e+00 0.00000000e+00 0.00000000e+00 0.00000000e+00
   0.00000000e+00 0.00000000e+00 0.00000000e+00 0.00000000e+00
   0.00000000e+00 0.00000000e+00 0.00000000e+00 0.00000000e+00
   0.00000000e+00 0.00000000e+00 0.00000000e+00 0.00000000e+00
   0.00000000e+00]]

 [[1.91523618e-02 5.77417620e-03 6.39636062e-04 1.41651726e-05
   3.94808612e-07 1.35450782e-06 5.30826478e-08 8.41550210e-10
   1.09066610e-11 4.67640996e-13 1.36092211e-15 4.44089210e-19
   0.00000000e+00 0.00000000e+00 0.00000000e+00 0.00000000e+00
   0.00000000e+00 0.00000000e+00 0.00000000e+00 0.00000000e+00
   0.00000000e+00 0.00000000e+00 0.00000000e+00 0.00000000e+00
   0.00000000e+00 0.00000000e+00 0.00000000e+00 0.00000000e+00
   0.00000000e+00 0.00000000e+00 0.00000000e+00 0.00000000e+00
   0.00000000e+00]
  [3.23157007e-01 3.06914665e-01 2.80142581e-01 2.96508618e-01
   2.85485193e-01 2.97974836e-01 2.84697837e-01 3.02957844e-01
   2.96350336e-01 2.84314731e-01 2.89916982e-01 2.83694078e-01
   2.85204612e-01 2.90341447e-01 2.90287035e-01 2.96407560e-01
   2.86939671e-01 2.98669675e-01 2.87358152e-01 2.94336216e-01
   3.01884903e-01 2.88217295e-01 2.90742935e-01 2.91408278e-01
   2.90993527e-01 3.01640754e-01 3.05207732e-01 3.00817149e-01
   3.01986131e-01 3.05876114e-01 3.09294459e-01 3.08876770e-01
   3.08696469e-01]
  [9.55825175e-02 7.19092340e-02 6.08517098e-02 4.61906208e-02
   3.34532953e-02 1.80611757e-02 1.26328996e-02 9.07298083e-03
   5.62455468e-03 3.58017018e-03 2.53336660e-03 1.53346127e-03
   1.00823885e-03 9.29990862e-04 5.28619568e-04 4.05262903e-04
   4.79103401e-04 1.72526361e-04 7.81296681e-05 3.90757105e-05
   1.28031160e-05 4.79265944e-06 1.47724715e-06 1.09245002e-06
   6.07860303e-07 2.62189611e-07 1.18781837e-07 8.58282882e-08
   4.11253347e-08 2.01175643e-08 7.44325347e-09 3.29730887e-09
   4.24497236e-09]
  [3.38385808e-01 2.74793618e-01 2.66181558e-01 2.90411554e-01
   2.95152409e-01 2.86262366e-01 2.73958905e-01 2.62537284e-01
   2.57237679e-01 2.54380259e-01 2.50663865e-01 2.48332583e-01
   2.43839895e-01 2.43586801e-01 2.31936292e-01 2.35322094e-01
   2.15659302e-01 2.07521505e-01 2.06285997e-01 1.98220563e-01
   1.86974013e-01 1.88909572e-01 1.88533746e-01 1.82150081e-01
   1.75265900e-01 1.74240961e-01 1.68578206e-01 1.64262166e-01
   1.62956601e-01 1.57665111e-01 1.55424833e-01 1.54034243e-01
   1.49628493e-01]
  [3.36870959e-02 1.80950279e-02 9.08180675e-03 6.69723700e-03
   5.28129658e-03 3.57977812e-03 1.99922102e-03 1.74326048e-03
   4.11147916e-04 9.45396692e-05 2.20537963e-05 1.48868731e-06
   8.80386138e-07 2.03173280e-06 7.46238931e-07 4.40499137e-07
   4.34871276e-07 1.01767465e-06 5.93434196e-07 5.47971254e-08
   2.39775935e-09 1.38421138e-09 2.32087293e-10 9.63502238e-11
   1.25729245e-11 1.49927714e-12 1.38799413e-13 5.31841300e-13
   1.29377860e-12 4.92367759e-14 3.06334957e-14 1.90018362e-15
   1.28341782e-16]
  [3.62962276e-01 2.88597860e-01 2.43109008e-01 2.21048163e-01
   2.34344189e-01 2.27318301e-01 2.34366017e-01 2.18643949e-01
   2.07867377e-01 2.00817847e-01 1.90414199e-01 1.81325093e-01
   1.66158289e-01 1.62470350e-01 1.55567924e-01 1.51684071e-01
   1.37633037e-01 1.27675957e-01 1.16174497e-01 1.10180061e-01
   9.94006574e-02 9.23819209e-02 9.03371787e-02 8.71918143e-02
   8.06771834e-02 7.71667165e-02 7.02102896e-02 6.77408979e-02
   6.51152311e-02 5.99582711e-02 5.85601191e-02 5.67977607e-02
   5.25279487e-02]]

 [[2.91558513e-02 7.75211276e-03 1.98719079e-03 5.93994210e-04
   5.19296626e-05 8.43358563e-09 1.66265339e-10 8.41630709e-10
   6.01465361e-12 6.37581889e-14 1.44357623e-16 1.31405997e-15
   1.87248995e-16 6.66133815e-19 0.00000000e+00 0.00000000e+00
   0.00000000e+00 0.00000000e+00 0.00000000e+00 0.00000000e+00
   0.00000000e+00 0.00000000e+00 0.00000000e+00 0.00000000e+00
   0.00000000e+00 0.00000000e+00 0.00000000e+00 0.00000000e+00
   0.00000000e+00 0.00000000e+00 0.00000000e+00 0.00000000e+00
   0.00000000e+00]
  [1.80337824e-01 1.39873906e-01 1.03319080e-01 7.76416267e-02
   5.25713875e-02 3.76669471e-02 2.54765467e-02 1.66435987e-02
   1.24844829e-02 9.48139837e-03 6.70287514e-03 5.87264503e-03
   4.01628638e-03 2.41458015e-03 2.21055561e-03 1.50389917e-03
   7.64228575e-04 7.54911245e-04 4.70215100e-04 2.91253829e-04
   3.23347407e-04 2.52699259e-04 1.01315933e-04 3.73802907e-05
   2.80109004e-05 1.71915588e-05 5.40467048e-06 5.59694205e-06
   2.37097490e-06 6.88855877e-07 2.01572904e-07 1.34818437e-07
   8.65130521e-08]
  [4.07055840e-01 4.16326660e-01 3.60719279e-01 4.33276502e-01
   3.93717255e-01 3.54298046e-01 3.20495259e-01 3.16639446e-01
   2.98950315e-01 2.98929128e-01 2.90355017e-01 2.89756551e-01
   2.96808633e-01 2.99763747e-01 3.05539484e-01 2.96427019e-01
   2.90828258e-01 2.89759645e-01 2.95860957e-01 2.88949383e-01
   2.87262561e-01 2.89986120e-01 2.79071994e-01 2.77478335e-01
   2.80412351e-01 2.83239130e-01 2.92534116e-01 2.83985375e-01
   2.87607322e-01 2.84291017e-01 2.90191305e-01 2.92096828e-01
   2.93020807e-01]
  [1.82832550e-01 1.73674704e-01 1.21442877e-01 9.84182798e-02
   7.50368803e-02 5.86228107e-02 4.18027897e-02 2.82732884e-02
   2.33961606e-02 1.69030448e-02 1.27264615e-02 9.29515187e-03
   5.91822425e-03 3.50865092e-03 2.63694336e-03 1.78783065e-03
   1.00011523e-03 8.71354582e-04 4.75815586e-04 3.63603306e-04
   2.48742425e-04 3.00012494e-04 1.52514461e-04 7.06342909e-05
   6.51992698e-05 2.54165204e-05 1.36636376e-05 1.61808695e-05
   8.30325690e-06 4.03432882e-06 2.33321258e-06 1.29942161e-06
   7.90032878e-07]
  [1.64251982e-03 1.37978083e-04 1.04291309e-05 2.92268974e-05
   8.81608170e-07 1.89824393e-08 3.55261950e-10 8.57726930e-11
   4.47836419e-12 8.95334573e-14 3.30727974e-13 1.20909949e-14
   2.10276241e-16 0.00000000e+00 1.11022302e-18 0.00000000e+00
   0.00000000e+00 0.00000000e+00 0.00000000e+00 0.00000000e+00
   0.00000000e+00 0.00000000e+00 0.00000000e+00 0.00000000e+00
   0.00000000e+00 0.00000000e+00 0.00000000e+00 0.00000000e+00
   0.00000000e+00 0.00000000e+00 0.00000000e+00 0.00000000e+00
   0.00000000e+00]
  [1.91442067e-01 1.58395269e-01 1.05058077e-01 8.11347844e-02
   6.34707873e-02 4.71224026e-02 3.36207504e-02 2.23353594e-02
   1.76830198e-02 1.22889093e-02 8.78385096e-03 5.82612980e-03
   3.55653576e-03 2.05837152e-03 1.35950052e-03 7.91503292e-04
   3.82450883e-04 3.05452282e-04 1.66337276e-04 1.17495647e-04
   4.60427026e-05 5.39047287e-05 2.73498544e-05 1.29218490e-05
   1.39229849e-05 2.54620681e-06 1.98842240e-06 2.04849179e-06
   1.11287583e-06 6.29609777e-07 3.73800122e-07 2.33143727e-07
   8.71317562e-08]]

 [[2.18392308e-03 2.24189637e-03 4.14555921e-04 1.07273096e-06
   1.22200093e-07 4.44037817e-09 2.35367281e-17 0.00000000e+00
   0.00000000e+00 0.00000000e+00 0.00000000e+00 0.00000000e+00
   0.00000000e+00 0.00000000e+00 0.00000000e+00 0.00000000e+00
   0.00000000e+00 0.00000000e+00 0.00000000e+00 0.00000000e+00
   0.00000000e+00 0.00000000e+00 0.00000000e+00 0.00000000e+00
   0.00000000e+00 0.00000000e+00 0.00000000e+00 0.00000000e+00
   0.00000000e+00 0.00000000e+00 0.00000000e+00 0.00000000e+00
   0.00000000e+00]
  [3.13601430e-01 2.71275675e-01 2.58642785e-01 2.69007701e-01
   2.80105575e-01 2.61465228e-01 2.56498845e-01 2.52385605e-01
   2.39499683e-01 2.38335188e-01 2.31753546e-01 2.32057961e-01
   2.26745411e-01 2.17765057e-01 2.11320580e-01 2.19458553e-01
   2.11164868e-01 2.02003528e-01 1.88767307e-01 1.81215774e-01
   1.74923312e-01 1.68113312e-01 1.67119492e-01 1.68648685e-01
   1.58683294e-01 1.53527501e-01 1.55704220e-01 1.47154552e-01
   1.45834884e-01 1.44475314e-01 1.42262376e-01 1.43139279e-01
   1.43181854e-01]
  [1.23181764e-01 1.00153208e-01 8.70674541e-02 6.12859364e-02
   4.24835067e-02 2.97188167e-02 2.21620893e-02 1.89742237e-02
   1.24289983e-02 9.14218629e-03 6.09721843e-03 5.24340384e-03
   2.68152081e-03 2.27756587e-03 1.23441556e-03 1.18231119e-03
   4.52269619e-04 2.62223456e-04 1.94112302e-04 1.42590325e-04
   1.33578545e-04 9.70578928e-05 9.43272471e-05 3.39798320e-05
   1.48654251e-05 4.30913560e-06 6.93300139e-06 3.43952454e-06
   1.80910636e-06 9.64887032e-07 4.77597991e-07 6.35292393e-07
   5.37249820e-07]
  [3.50551604e-01 2.48798649e-01 2.87307835e-01 3.01646498e-01
   3.01672735e-01 2.90451027e-01 2.91429990e-01 2.87472456e-01
   2.98426918e-01 3.06064860e-01 3.04325385e-01 2.98483724e-01
   3.01147279e-01 2.90229633e-01 2.96209891e-01 3.01452925e-01
   3.02829376e-01 2.89839515e-01 2.82274772e-01 2.81180208e-01
   2.81189394e-01 2.80953168e-01 2.80497785e-01 2.81849488e-01
   2.82271433e-01 2.81832224e-01 2.81765917e-01 2.81792924e-01
   2.90110306e-01 2.92544529e-01 2.88628052e-01 2.95933331e-01
   3.05623158e-01]
  [6.12789223e-02 2.45479761e-02 1.03544666e-02 6.02087284e-03
   3.50711575e-03 1.48346541e-03 7.04889192e-04 1.27418798e-04
   8.57025050e-05 2.91285181e-05 9.96234334e-06 5.45331222e-06
   1.96397463e-06 2.66154643e-06 1.39960891e-07 2.87522917e-07
   2.86465790e-07 1.63696068e-08 9.46152600e-10 5.17553068e-10
   7.25184286e-11 5.17808672e-11 1.64733535e-10 3.55109842e-11
   6.32462388e-13 6.43827689e-13 3.61031098e-13 9.00577183e-14
   1.05482173e-15 4.21573538e-16 1.87627691e-16 1.21656944e-16
   3.75255382e-17]
  [3.75676135e-01 2.70021623e-01 3.10617051e-01 2.89512481e-01
   2.84903135e-01 2.75776486e-01 2.78978626e-01 2.92963749e-01
   2.94843255e-01 2.88975437e-01 3.03338387e-01 2.91176187e-01
   2.94950203e-01 2.71493858e-01 2.65386615e-01 2.70749937e-01
   2.76731169e-01 2.71487546e-01 2.63619364e-01 2.64426005e-01
   2.63160634e-01 2.60180637e-01 2.60486245e-01 2.61535623e-01
   2.59621799e-01 2.56202942e-01 2.58303134e-01 2.65095226e-01
   2.64117267e-01 2.67869779e-01 2.67237726e-01 2.65432329e-01
   2.65490271e-01]]

 [[1.00633436e-06 1.64305371e-13 0.00000000e+00 0.00000000e+00
   0.00000000e+00 0.00000000e+00 0.00000000e+00 0.00000000e+00
   0.00000000e+00 0.00000000e+00 0.00000000e+00 0.00000000e+00
   0.00000000e+00 0.00000000e+00 0.00000000e+00 0.00000000e+00
   0.00000000e+00 0.00000000e+00 0.00000000e+00 0.00000000e+00
   0.00000000e+00 0.00000000e+00 0.00000000e+00 0.00000000e+00
   0.00000000e+00 0.00000000e+00 0.00000000e+00 0.00000000e+00
   0.00000000e+00 0.00000000e+00 0.00000000e+00 0.00000000e+00
   0.00000000e+00]
  [1.04807283e-01 9.95834515e-02 6.52589019e-02 3.09034528e-02
   1.50472932e-02 7.99893614e-03 4.11565693e-03 1.72935190e-03
   7.32052912e-04 2.97555955e-04 9.62774818e-05 3.72668884e-05
   1.59686536e-05 5.20579942e-06 1.83888086e-06 1.08673875e-06
   2.70210232e-07 1.38422784e-07 3.27930521e-08 2.58446124e-08
   5.26665018e-09 1.10702016e-09 2.85914363e-10 1.40014539e-10
   3.60515674e-11 7.58268744e-12 1.65715324e-12 2.09046010e-12
   4.20039593e-13 9.83847112e-14 1.02750101e-13 4.41676433e-14
   8.27802198e-15]
  [1.52276848e-02 3.87097509e-03 1.92914922e-04 6.15214478e-05
   1.82292212e-06 1.76319906e-08 1.11141964e-08 9.98207557e-11
   3.23646391e-13 7.35643709e-16 2.22044605e-19 6.66133815e-19
   0.00000000e+00 0.00000000e+00 0.00000000e+00 0.00000000e+00
   0.00000000e+00 0.00000000e+00 0.00000000e+00 0.00000000e+00
   0.00000000e+00 0.00000000e+00 0.00000000e+00 0.00000000e+00
   0.00000000e+00 0.00000000e+00 0.00000000e+00 0.00000000e+00
   0.00000000e+00 0.00000000e+00 0.00000000e+00 0.00000000e+00
   0.00000000e+00]
  [1.06199170e-01 1.14640122e-01 8.59130950e-02 4.31457902e-02
   2.30718552e-02 1.33088766e-02 7.97806023e-03 3.68832695e-03
   1.86951614e-03 8.81941413e-04 3.38674234e-04 1.53961144e-04
   7.64156792e-05 2.87204433e-05 1.12858653e-05 7.35383119e-06
   2.24066343e-06 1.14947120e-06 3.28088864e-07 2.54606299e-07
   6.29428595e-08 1.64869758e-08 5.66569090e-09 3.03476050e-09
   9.61180997e-10 2.63049422e-10 7.36972641e-11 6.78514402e-11
   1.89153131e-11 5.86307951e-12 6.75270764e-12 2.83228182e-12
   7.01536627e-13]
  [7.56239114e-01 6.21567081e-01 5.14990792e-01 4.50651924e-01
   4.53057233e-01 4.86853056e-01 4.55334327e-01 4.63686344e-01
   4.97759008e-01 4.80887282e-01 4.68191321e-01 4.37702136e-01
   4.02937101e-01 3.77518302e-01 3.58487051e-01 3.57860373e-01
   3.62178615e-01 3.77044544e-01 3.64449878e-01 3.46182821e-01
   3.31546819e-01 3.43208727e-01 3.28311996e-01 3.18965356e-01
   3.12364558e-01 3.13982306e-01 3.06774773e-01 2.97083245e-01
   2.94182461e-01 2.92018024e-01 2.99159283e-01 2.94192259e-01
   2.91555261e-01]
  [1.09061694e-01 1.12494345e-01 8.38901235e-02 4.27851461e-02
   2.12848848e-02 1.17010273e-02 7.20247643e-03 3.29049888e-03
   1.68319646e-03 7.91426031e-04 3.00881695e-04 1.45508913e-04
   7.16837952e-05 2.64861598e-05 1.01187497e-05 6.79156198e-06
   2.05302641e-06 9.93179386e-07 2.78388339e-07 2.28524286e-07
   5.66018822e-08 1.47702065e-08 4.94936853e-09 2.59398764e-09
   8.00683048e-10 2.24158458e-10 6.35939867e-11 4.96117401e-11
   1.51751309e-11 4.85320825e-12 6.21032917e-12 2.27728223e-12
   5.76389593e-13]]

 [[2.35072229e-03 1.59818463e-04 2.19370320e-06 5.57705278e-07
   1.14209286e-07 4.33442861e-10 0.00000000e+00 0.00000000e+00
   0.00000000e+00 0.00000000e+00 0.00000000e+00 0.00000000e+00
   0.00000000e+00 0.00000000e+00 0.00000000e+00 0.00000000e+00
   0.00000000e+00 0.00000000e+00 0.00000000e+00 0.00000000e+00
   0.00000000e+00 0.00000000e+00 0.00000000e+00 0.00000000e+00
   0.00000000e+00 0.00000000e+00 0.00000000e+00 0.00000000e+00
   0.00000000e+00 0.00000000e+00 0.00000000e+00 0.00000000e+00
   0.00000000e+00]
  [3.18083232e-01 2.45388503e-01 2.39221086e-01 2.38300224e-01
   2.45894349e-01 2.32550687e-01 2.27677916e-01 2.12151055e-01
   2.03517632e-01 1.98852156e-01 2.09556709e-01 1.98052860e-01
   1.91598668e-01 1.81229207e-01 1.80598516e-01 1.74014100e-01
   1.75361744e-01 1.67195267e-01 1.55369912e-01 1.53850231e-01
   1.43714105e-01 1.40394159e-01 1.31766278e-01 1.27509695e-01
   1.22798565e-01 1.18280237e-01 1.13168847e-01 1.07816396e-01
   1.04152945e-01 1.02535205e-01 9.69969537e-02 9.56413960e-02
   8.97209316e-02]
  [1.06511621e-01 8.67776086e-02 6.24215495e-02 4.85944525e-02
   3.56686063e-02 3.13996706e-02 2.37016389e-02 1.69892050e-02
   1.32991709e-02 1.16905168e-02 7.68927225e-03 5.19037161e-03
   4.93037033e-03 3.55528320e-03 2.13930033e-03 1.29306264e-03
   8.92392068e-04 5.27170769e-04 6.94210455e-04 2.43528916e-04
   1.80729039e-04 2.19754702e-04 2.50947267e-04 7.81561297e-05
   5.91383807e-05 3.87215795e-05 2.32246246e-05 1.56845727e-05
   1.04657368e-05 4.11909988e-06 2.30256976e-06 2.09122876e-06
   2.29301322e-06]
  [3.68891963e-01 2.29312906e-01 2.68986139e-01 2.70777056e-01
   2.75724293e-01 2.81239289e-01 2.73520918e-01 2.78205247e-01
   2.82290649e-01 2.89403495e-01 2.92637689e-01 2.88952927e-01
   2.92639671e-01 2.84823133e-01 2.86966659e-01 2.82243371e-01
   2.85627345e-01 2.80296090e-01 2.71998675e-01 2.78728163e-01
   2.76427254e-01 2.55310535e-01 2.56265102e-01 2.57105675e-01
   2.55947048e-01 2.59230643e-01 2.54865283e-01 2.51319700e-01
   2.53296913e-01 2.53722514e-01 2.61645280e-01 2.67117219e-01
   2.66427646e-01]
  [3.60079386e-02 2.00727033e-02 9.45396429e-03 4.52392325e-03
   2.37358281e-03 6.86054830e-04 2.18830551e-04 1.91491960e-04
   2.39137358e-04 1.50903918e-04 1.49356281e-05 2.22380925e-05
   1.10212995e-06 1.50959155e-08 8.85137722e-10 1.32117074e-09
   7.59608929e-10 1.16908313e-09 1.54974517e-11 9.40748179e-14
   4.92541554e-14 9.46775670e-15 5.20710638e-14 6.69257508e-16
   1.99840144e-17 1.46549439e-17 9.23705556e-17 1.99840144e-18
   0.00000000e+00 0.00000000e+00 0.00000000e+00 0.00000000e+00
   0.00000000e+00]
  [3.93620934e-01 2.85202536e-01 3.05866285e-01 2.94694928e-01
   2.85666004e-01 2.99499236e-01 2.91200271e-01 3.03402200e-01
   2.96288038e-01 3.08605630e-01 3.19106739e-01 3.12993247e-01
   3.10952419e-01 2.98430723e-01 2.97841201e-01 3.06857877e-01
   2.98986609e-01 3.02667996e-01 3.00166104e-01 3.02460506e-01
   3.03800535e-01 2.97683683e-01 2.89431452e-01 2.89939425e-01
   2.95705243e-01 2.94302786e-01 2.89759123e-01 2.82171650e-01
   2.84893179e-01 2.75553277e-01 2.78455861e-01 2.78011882e-01
   2.81578331e-01]]] 
