Testing model resnet18_1703081132_SPH_9_BH_n2_M10_BH_n4_M8_BH_n4_M10_BH_n4_M12_BH_n6_M10_CUT. 
Number of events in data: 
15000 
Classes in data: 
6 
Number of events detected: 
[ 2  3  4  5  6  7  8  9 10 11 12 13 14 15 16 17 18 19 20 21 22 23 24 25
 26 27 28 29 30 31 32 33 34 35 36 37 38 39 40 41 42 43 44 45 46 47 48 49] 
Number of samples for each n number of events: 1000 
p_values: 
[[[8.53545617e-01 8.20990248e-01 8.12954460e-01 8.20251682e-01
   8.20617273e-01 8.26462808e-01 8.29404286e-01 8.24930196e-01
   8.22172503e-01 8.20689212e-01 8.14190714e-01 8.12152284e-01
   8.03862966e-01 8.00879429e-01 7.94147215e-01 7.90939293e-01
   7.86605561e-01 7.86671634e-01 7.85784952e-01 7.84069996e-01
   7.77155024e-01 7.69779473e-01 7.69922957e-01 7.64428648e-01
   7.61277269e-01 7.57605455e-01 7.55641843e-01 7.45597896e-01
   7.44135285e-01 7.38278695e-01 7.33847775e-01 7.31542136e-01
   7.28550799e-01 7.28489548e-01 7.26256033e-01 7.23504007e-01
   7.19798267e-01 7.16968895e-01 7.15198054e-01 7.11005758e-01
   7.06169779e-01 7.03398971e-01 6.99324236e-01 6.96100496e-01
   6.88136772e-01 6.85459755e-01 6.81919342e-01 6.81597865e-01]
  [2.36119250e-02 4.67710296e-03 4.38587039e-04 7.89342240e-05
   1.21973980e-04 7.09222199e-06 6.05786301e-07 1.80051848e-08
   3.86020727e-10 5.59201241e-12 5.50481044e-11 7.33876515e-13
   6.27195285e-12 7.73363595e-14 7.21311899e-16 5.32907052e-18
   0.00000000e+00 0.00000000e+00 0.00000000e+00 0.00000000e+00
   0.00000000e+00 0.00000000e+00 0.00000000e+00 0.00000000e+00
   0.00000000e+00 0.00000000e+00 0.00000000e+00 0.00000000e+00
   0.00000000e+00 0.00000000e+00 0.00000000e+00 0.00000000e+00
   0.00000000e+00 0.00000000e+00 0.00000000e+00 0.00000000e+00
   0.00000000e+00 0.00000000e+00 0.00000000e+00 0.00000000e+00
   0.00000000e+00 0.00000000e+00 0.00000000e+00 0.00000000e+00
   0.00000000e+00 0.00000000e+00 0.00000000e+00 0.00000000e+00]
  [4.70133773e-02 1.06739471e-02 3.83462259e-03 1.45115939e-03
   4.05733856e-04 4.93761866e-05 1.70285880e-05 1.81402863e-06
   1.14232145e-07 4.96460816e-09 2.15752782e-09 9.80117481e-11
   2.66775382e-11 1.32411060e-12 5.13263876e-14 1.60427227e-15
   5.29576383e-17 1.11022302e-18 0.00000000e+00 0.00000000e+00
   0.00000000e+00 0.00000000e+00 0.00000000e+00 0.00000000e+00
   0.00000000e+00 0.00000000e+00 0.00000000e+00 0.00000000e+00
   0.00000000e+00 0.00000000e+00 0.00000000e+00 0.00000000e+00
   0.00000000e+00 0.00000000e+00 0.00000000e+00 0.00000000e+00
   0.00000000e+00 0.00000000e+00 0.00000000e+00 0.00000000e+00
   0.00000000e+00 0.00000000e+00 0.00000000e+00 0.00000000e+00
   0.00000000e+00 0.00000000e+00 0.00000000e+00 0.00000000e+00]
  [4.80922930e-03 1.44624012e-03 3.85363947e-05 3.51900027e-06
   6.14041222e-06 1.97924047e-08 3.48481916e-09 7.44085993e-12
   5.51825252e-15 1.88737914e-18 6.08402217e-17 0.00000000e+00
   4.44089210e-19 0.00000000e+00 0.00000000e+00 0.00000000e+00
   0.00000000e+00 0.00000000e+00 0.00000000e+00 0.00000000e+00
   0.00000000e+00 0.00000000e+00 0.00000000e+00 0.00000000e+00
   0.00000000e+00 0.00000000e+00 0.00000000e+00 0.00000000e+00
   0.00000000e+00 0.00000000e+00 0.00000000e+00 0.00000000e+00
   0.00000000e+00 0.00000000e+00 0.00000000e+00 0.00000000e+00
   0.00000000e+00 0.00000000e+00 0.00000000e+00 0.00000000e+00
   0.00000000e+00 0.00000000e+00 0.00000000e+00 0.00000000e+00
   0.00000000e+00 0.00000000e+00 0.00000000e+00 0.00000000e+00]
  [1.05656589e-06 9.17032672e-13 0.00000000e+00 0.00000000e+00
   0.00000000e+00 0.00000000e+00 0.00000000e+00 0.00000000e+00
   0.00000000e+00 0.00000000e+00 0.00000000e+00 0.00000000e+00
   0.00000000e+00 0.00000000e+00 0.00000000e+00 0.00000000e+00
   0.00000000e+00 0.00000000e+00 0.00000000e+00 0.00000000e+00
   0.00000000e+00 0.00000000e+00 0.00000000e+00 0.00000000e+00
   0.00000000e+00 0.00000000e+00 0.00000000e+00 0.00000000e+00
   0.00000000e+00 0.00000000e+00 0.00000000e+00 0.00000000e+00
   0.00000000e+00 0.00000000e+00 0.00000000e+00 0.00000000e+00
   0.00000000e+00 0.00000000e+00 0.00000000e+00 0.00000000e+00
   0.00000000e+00 0.00000000e+00 0.00000000e+00 0.00000000e+00
   0.00000000e+00 0.00000000e+00 0.00000000e+00 0.00000000e+00]
  [1.99682917e-03 5.56263099e-04 2.06178128e-05 1.19197936e-06
   5.11383218e-07 1.62356037e-10 8.97205252e-11 1.56841207e-14
   6.66133815e-19 0.00000000e+00 0.00000000e+00 0.00000000e+00
   0.00000000e+00 0.00000000e+00 0.00000000e+00 0.00000000e+00
   0.00000000e+00 0.00000000e+00 0.00000000e+00 0.00000000e+00
   0.00000000e+00 0.00000000e+00 0.00000000e+00 0.00000000e+00
   0.00000000e+00 0.00000000e+00 0.00000000e+00 0.00000000e+00
   0.00000000e+00 0.00000000e+00 0.00000000e+00 0.00000000e+00
   0.00000000e+00 0.00000000e+00 0.00000000e+00 0.00000000e+00
   0.00000000e+00 0.00000000e+00 0.00000000e+00 0.00000000e+00
   0.00000000e+00 0.00000000e+00 0.00000000e+00 0.00000000e+00
   0.00000000e+00 0.00000000e+00 0.00000000e+00 0.00000000e+00]]

 [[4.05180317e-03 1.45100793e-03 1.44720511e-04 1.88771408e-09
   6.69693768e-11 1.08471646e-11 2.69474944e-10 0.00000000e+00
   0.00000000e+00 0.00000000e+00 0.00000000e+00 0.00000000e+00
   0.00000000e+00 0.00000000e+00 0.00000000e+00 0.00000000e+00
   0.00000000e+00 0.00000000e+00 0.00000000e+00 0.00000000e+00
   0.00000000e+00 0.00000000e+00 0.00000000e+00 0.00000000e+00
   0.00000000e+00 0.00000000e+00 0.00000000e+00 0.00000000e+00
   0.00000000e+00 0.00000000e+00 0.00000000e+00 0.00000000e+00
   0.00000000e+00 0.00000000e+00 0.00000000e+00 0.00000000e+00
   0.00000000e+00 0.00000000e+00 0.00000000e+00 0.00000000e+00
   0.00000000e+00 0.00000000e+00 0.00000000e+00 0.00000000e+00
   0.00000000e+00 0.00000000e+00 0.00000000e+00 0.00000000e+00]
  [5.81327083e-01 5.48267875e-01 5.33333837e-01 5.32621903e-01
   5.25188839e-01 5.19352984e-01 5.14323186e-01 5.16828330e-01
   5.15583245e-01 5.11039424e-01 5.09517867e-01 5.11884004e-01
   5.10423022e-01 5.07616711e-01 5.01853602e-01 5.06518808e-01
   5.07244619e-01 5.07571029e-01 5.05350636e-01 5.02256977e-01
   4.99673687e-01 5.05779765e-01 5.04267014e-01 5.02296563e-01
   5.05704084e-01 5.05187160e-01 5.05558153e-01 5.07678019e-01
   5.05828800e-01 5.08754013e-01 5.11093723e-01 5.09678210e-01
   5.11583055e-01 5.13266661e-01 5.14997564e-01 5.16216056e-01
   5.17305836e-01 5.14044163e-01 5.12018550e-01 5.11458160e-01
   5.10222165e-01 5.10145761e-01 5.10361066e-01 5.08503270e-01
   5.11153298e-01 5.10166827e-01 5.09729593e-01 5.08425599e-01]
  [7.42007010e-02 5.12829300e-02 2.31477510e-02 1.10341425e-02
   5.78212422e-03 2.91550369e-03 2.11269693e-03 8.15366065e-04
   2.54196940e-04 9.94023238e-05 1.90332196e-05 3.62620003e-06
   1.50928893e-06 6.36202635e-07 1.95555777e-07 5.78310740e-08
   5.74905277e-08 1.60726638e-07 1.84888804e-08 1.15371933e-09
   1.19391980e-10 6.01402136e-11 6.91679212e-11 7.43203648e-11
   5.86175778e-11 1.46197217e-11 1.33052858e-12 3.63232333e-13
   2.04027573e-13 3.70659392e-13 1.63463465e-13 8.16207102e-14
   2.99205105e-14 1.50057744e-15 5.00599562e-16 5.59552404e-17
   1.52100554e-17 5.55111512e-18 1.44328993e-18 0.00000000e+00
   0.00000000e+00 0.00000000e+00 0.00000000e+00 0.00000000e+00
   0.00000000e+00 0.00000000e+00 0.00000000e+00 0.00000000e+00]
  [5.39877907e-01 4.83349999e-01 4.66197344e-01 4.53913522e-01
   4.38639639e-01 4.23117013e-01 4.12347152e-01 4.01808718e-01
   3.93926650e-01 3.82859792e-01 3.77350901e-01 3.67209101e-01
   3.58685326e-01 3.47873139e-01 3.36040171e-01 3.30480077e-01
   3.27404014e-01 3.22680812e-01 3.15411931e-01 3.07085075e-01
   3.00939054e-01 3.01697860e-01 2.92841536e-01 2.84713169e-01
   2.80445305e-01 2.74471153e-01 2.69013432e-01 2.65750457e-01
   2.63132574e-01 2.60256189e-01 2.58541863e-01 2.54528428e-01
   2.48193013e-01 2.44489251e-01 2.38996343e-01 2.33385218e-01
   2.31169354e-01 2.24239928e-01 2.17308355e-01 2.10497485e-01
   2.06739244e-01 2.00739094e-01 1.96724568e-01 1.93026662e-01
   1.89390533e-01 1.85388090e-01 1.80846039e-01 1.77375081e-01]
  [5.14794686e-02 1.62805418e-02 5.35936952e-03 8.93063971e-04
   3.16048649e-04 5.94849038e-05 1.13735793e-05 3.50601922e-06
   8.26014150e-07 2.63764363e-07 6.93023929e-08 1.25542889e-08
   1.86788592e-09 5.37787840e-10 3.09251736e-10 7.67255413e-11
   1.19814281e-11 3.26224969e-12 5.85608673e-13 1.22630017e-13
   3.19018145e-14 1.72473147e-15 3.86579657e-16 1.20570220e-16
   2.73114864e-17 5.59552404e-17 3.80251386e-16 1.87627691e-16
   6.10622664e-17 1.24344979e-17 2.33146835e-18 4.44089210e-19
   0.00000000e+00 0.00000000e+00 0.00000000e+00 0.00000000e+00
   0.00000000e+00 0.00000000e+00 0.00000000e+00 0.00000000e+00
   0.00000000e+00 0.00000000e+00 0.00000000e+00 0.00000000e+00
   0.00000000e+00 0.00000000e+00 0.00000000e+00 0.00000000e+00]
  [5.03994659e-01 4.30853249e-01 4.01498260e-01 3.76852549e-01
   3.54532686e-01 3.32739553e-01 3.18765907e-01 3.03927488e-01
   2.93036883e-01 2.78950272e-01 2.70881957e-01 2.54785635e-01
   2.42238438e-01 2.28125825e-01 2.17135672e-01 2.07961670e-01
   2.02603895e-01 1.94790179e-01 1.85520542e-01 1.76871188e-01
   1.70476496e-01 1.68429093e-01 1.58337832e-01 1.49783952e-01
   1.42623735e-01 1.35781133e-01 1.29265707e-01 1.24569022e-01
   1.21686300e-01 1.17619285e-01 1.14873146e-01 1.11259111e-01
   1.05232828e-01 9.99957813e-02 9.45529968e-02 8.97690851e-02
   8.56324723e-02 8.03368341e-02 7.47092544e-02 7.07551451e-02
   6.76068212e-02 6.39331637e-02 6.11352269e-02 5.88711304e-02
   5.59913781e-02 5.45397309e-02 5.15555572e-02 4.97302937e-02]]

 [[2.62949795e-02 8.84776777e-03 1.63119116e-03 7.85737047e-04
   6.49935384e-05 6.20413038e-07 1.14816142e-09 2.74209007e-09
   9.93287652e-12 4.63484806e-15 5.21804822e-18 3.55271368e-18
   0.00000000e+00 0.00000000e+00 0.00000000e+00 0.00000000e+00
   0.00000000e+00 0.00000000e+00 0.00000000e+00 0.00000000e+00
   0.00000000e+00 0.00000000e+00 0.00000000e+00 0.00000000e+00
   0.00000000e+00 0.00000000e+00 0.00000000e+00 0.00000000e+00
   0.00000000e+00 0.00000000e+00 0.00000000e+00 0.00000000e+00
   0.00000000e+00 0.00000000e+00 0.00000000e+00 0.00000000e+00
   0.00000000e+00 0.00000000e+00 0.00000000e+00 0.00000000e+00
   0.00000000e+00 0.00000000e+00 0.00000000e+00 0.00000000e+00
   0.00000000e+00 0.00000000e+00 0.00000000e+00 0.00000000e+00]
  [1.12154612e-01 5.41917340e-02 2.54613408e-02 1.32123484e-02
   6.34796681e-03 4.27655907e-03 1.52558431e-03 2.55078706e-04
   2.31484620e-04 2.91824060e-04 4.61367201e-05 5.38030663e-06
   3.48936918e-06 1.08918160e-06 2.13516157e-07 1.28474141e-08
   5.39338524e-09 3.20415420e-10 2.38873304e-10 9.00934960e-12
   2.04000883e-12 2.89012592e-13 5.47838441e-14 2.61018984e-14
   1.13173915e-13 1.28908439e-13 3.90076860e-15 1.00586206e-16
   2.22044605e-18 0.00000000e+00 2.22044605e-19 0.00000000e+00
   0.00000000e+00 0.00000000e+00 0.00000000e+00 0.00000000e+00
   0.00000000e+00 0.00000000e+00 0.00000000e+00 0.00000000e+00
   0.00000000e+00 0.00000000e+00 0.00000000e+00 0.00000000e+00
   0.00000000e+00 0.00000000e+00 0.00000000e+00 0.00000000e+00]
  [6.86729559e-01 6.88381082e-01 6.69571146e-01 6.53184512e-01
   6.52205981e-01 6.36518956e-01 6.28599500e-01 6.24353591e-01
   6.25537802e-01 6.21883644e-01 6.17169769e-01 6.16776365e-01
   6.09196505e-01 6.09104597e-01 6.05744947e-01 6.01839426e-01
   5.98854686e-01 5.94841462e-01 5.87958982e-01 5.84388904e-01
   5.85736893e-01 5.82505867e-01 5.78917979e-01 5.75532996e-01
   5.73059050e-01 5.69186185e-01 5.65283236e-01 5.56974989e-01
   5.56082527e-01 5.52028738e-01 5.49683510e-01 5.51695504e-01
   5.53006204e-01 5.51649031e-01 5.50620267e-01 5.48205039e-01
   5.48997555e-01 5.46586318e-01 5.45514010e-01 5.41238001e-01
   5.41043984e-01 5.37774136e-01 5.40257611e-01 5.38441824e-01
   5.37419041e-01 5.34306240e-01 5.31978044e-01 5.34042371e-01]
  [1.30701316e-01 5.78078976e-02 2.83901319e-02 1.56250532e-02
   7.49908711e-03 5.33708327e-03 2.16833928e-03 4.04699386e-04
   2.54022100e-04 3.23432318e-04 6.87241635e-05 1.02888237e-05
   5.66804065e-06 2.96423546e-06 2.50284772e-07 2.25165755e-08
   6.07942499e-09 7.25411993e-10 1.02680914e-09 5.86692469e-11
   4.87191698e-12 1.34400835e-12 7.34186822e-13 2.49712251e-13
   9.71301151e-13 3.05843573e-13 1.71059833e-14 8.33222380e-16
   3.80806497e-17 1.55431223e-18 7.88258347e-18 3.33066907e-19
   1.11022302e-19 0.00000000e+00 0.00000000e+00 0.00000000e+00
   0.00000000e+00 0.00000000e+00 0.00000000e+00 0.00000000e+00
   0.00000000e+00 0.00000000e+00 0.00000000e+00 0.00000000e+00
   0.00000000e+00 0.00000000e+00 0.00000000e+00 0.00000000e+00]
  [1.81851712e-03 1.70974879e-05 7.28271123e-07 5.75839786e-10
   2.30186846e-10 4.47346604e-14 0.00000000e+00 0.00000000e+00
   0.00000000e+00 0.00000000e+00 0.00000000e+00 0.00000000e+00
   0.00000000e+00 0.00000000e+00 0.00000000e+00 0.00000000e+00
   0.00000000e+00 0.00000000e+00 0.00000000e+00 0.00000000e+00
   0.00000000e+00 0.00000000e+00 0.00000000e+00 0.00000000e+00
   0.00000000e+00 0.00000000e+00 0.00000000e+00 0.00000000e+00
   0.00000000e+00 0.00000000e+00 0.00000000e+00 0.00000000e+00
   0.00000000e+00 0.00000000e+00 0.00000000e+00 0.00000000e+00
   0.00000000e+00 0.00000000e+00 0.00000000e+00 0.00000000e+00
   0.00000000e+00 0.00000000e+00 0.00000000e+00 0.00000000e+00
   0.00000000e+00 0.00000000e+00 0.00000000e+00 0.00000000e+00]
  [1.42786081e-01 6.12230264e-02 3.00314671e-02 1.65730716e-02
   7.95139411e-03 5.60895369e-03 2.47852540e-03 5.14515592e-04
   2.80422204e-04 3.04559202e-04 7.85926742e-05 1.34939083e-05
   6.05303061e-06 4.62275703e-06 4.60293471e-07 5.67193852e-08
   1.41268757e-08 1.92244941e-09 2.11395374e-09 1.62281352e-10
   1.38762308e-11 3.34344064e-12 4.71392014e-12 1.06850417e-12
   2.43416809e-12 2.85782731e-13 2.39720466e-14 1.81488158e-15
   1.61426428e-16 8.88178420e-18 3.79696274e-17 3.88578059e-18
   3.33066907e-19 0.00000000e+00 0.00000000e+00 0.00000000e+00
   0.00000000e+00 0.00000000e+00 0.00000000e+00 0.00000000e+00
   0.00000000e+00 0.00000000e+00 0.00000000e+00 0.00000000e+00
   0.00000000e+00 0.00000000e+00 0.00000000e+00 0.00000000e+00]]

 [[2.61470808e-03 1.39096374e-04 4.85217983e-07 1.43627827e-07
   1.88551262e-08 1.08588125e-11 1.14419585e-15 0.00000000e+00
   3.21964677e-18 0.00000000e+00 0.00000000e+00 0.00000000e+00
   0.00000000e+00 0.00000000e+00 0.00000000e+00 0.00000000e+00
   0.00000000e+00 0.00000000e+00 0.00000000e+00 0.00000000e+00
   0.00000000e+00 0.00000000e+00 0.00000000e+00 0.00000000e+00
   0.00000000e+00 0.00000000e+00 0.00000000e+00 0.00000000e+00
   0.00000000e+00 0.00000000e+00 0.00000000e+00 0.00000000e+00
   0.00000000e+00 0.00000000e+00 0.00000000e+00 0.00000000e+00
   0.00000000e+00 0.00000000e+00 0.00000000e+00 0.00000000e+00
   0.00000000e+00 0.00000000e+00 0.00000000e+00 0.00000000e+00
   0.00000000e+00 0.00000000e+00 0.00000000e+00 0.00000000e+00]
  [5.49043576e-01 5.19887819e-01 5.08677542e-01 4.89011304e-01
   4.74671736e-01 4.62608000e-01 4.51879296e-01 4.35584842e-01
   4.23377223e-01 4.18862529e-01 4.12086378e-01 3.98866173e-01
   3.91686312e-01 3.83970119e-01 3.74491870e-01 3.68039048e-01
   3.60489209e-01 3.55719552e-01 3.45048590e-01 3.37940766e-01
   3.26823450e-01 3.18790328e-01 3.11188679e-01 3.05480900e-01
   2.97916081e-01 2.92926905e-01 2.87889934e-01 2.80420266e-01
   2.71385026e-01 2.65733345e-01 2.62478489e-01 2.56655614e-01
   2.51552908e-01 2.43582288e-01 2.37359900e-01 2.32206029e-01
   2.26743380e-01 2.20866376e-01 2.14934436e-01 2.08202014e-01
   2.03749773e-01 1.99014738e-01 1.92944970e-01 1.88905838e-01
   1.81473847e-01 1.78905110e-01 1.76465375e-01 1.71723929e-01]
  [8.33334949e-02 4.87423981e-02 2.07134627e-02 1.20500835e-02
   5.08692231e-03 2.73425171e-03 1.12729356e-03 6.72606576e-04
   3.14048323e-04 2.11417217e-04 5.60242697e-05 1.79082568e-05
   1.64577172e-05 1.74943466e-05 1.09364224e-05 3.66430582e-06
   2.06535905e-06 4.21398766e-07 6.39434193e-08 1.33302746e-07
   1.62598203e-08 4.68522570e-09 5.11693196e-10 1.12278231e-10
   1.57812514e-11 1.84639193e-12 4.95620023e-12 2.15767626e-12
   5.12421661e-13 5.28975752e-14 1.04035669e-14 1.54087854e-15
   4.53637128e-16 7.82263143e-16 1.01030295e-16 1.19904087e-17
   1.22124533e-18 1.11022302e-19 0.00000000e+00 0.00000000e+00
   1.11022302e-19 0.00000000e+00 0.00000000e+00 0.00000000e+00
   0.00000000e+00 0.00000000e+00 0.00000000e+00 0.00000000e+00]
  [5.89291621e-01 5.63839204e-01 5.57986819e-01 5.46506236e-01
   5.39428603e-01 5.35031236e-01 5.31303870e-01 5.25645050e-01
   5.28300422e-01 5.31254586e-01 5.29399288e-01 5.26371401e-01
   5.33671471e-01 5.31735463e-01 5.29449209e-01 5.30458117e-01
   5.25052281e-01 5.28508085e-01 5.27983742e-01 5.27187551e-01
   5.25132147e-01 5.25559749e-01 5.26987891e-01 5.31179761e-01
   5.32008204e-01 5.31696370e-01 5.34604605e-01 5.30472611e-01
   5.28617479e-01 5.26473440e-01 5.24690484e-01 5.25979541e-01
   5.26995714e-01 5.25091259e-01 5.20026215e-01 5.18571136e-01
   5.15873524e-01 5.17073985e-01 5.17696437e-01 5.22122425e-01
   5.21426140e-01 5.18934819e-01 5.18261864e-01 5.18505947e-01
   5.17312336e-01 5.20736446e-01 5.19450207e-01 5.15177921e-01]
  [5.01852417e-02 1.13937247e-02 2.47382994e-03 5.36941105e-04
   1.67441014e-04 3.03775942e-05 1.75029765e-05 5.57251909e-06
   1.00461570e-06 2.46174691e-07 1.93435657e-07 2.01302727e-08
   2.06329664e-09 6.16764678e-10 2.90513955e-10 4.16511574e-11
   1.47767467e-11 3.92604749e-12 3.77177822e-12 1.07612430e-12
   6.44489351e-13 9.48218171e-14 2.08353335e-14 2.18047802e-15
   3.05200309e-16 7.37188088e-17 4.10782519e-18 2.22044605e-17
   6.21724894e-18 1.33226763e-18 2.22044605e-19 0.00000000e+00
   0.00000000e+00 0.00000000e+00 0.00000000e+00 0.00000000e+00
   0.00000000e+00 0.00000000e+00 0.00000000e+00 0.00000000e+00
   0.00000000e+00 0.00000000e+00 0.00000000e+00 0.00000000e+00
   0.00000000e+00 0.00000000e+00 0.00000000e+00 0.00000000e+00]
  [5.85241748e-01 5.48976879e-01 5.36160951e-01 5.17391596e-01
   5.06328551e-01 4.98614854e-01 4.91120908e-01 4.84879074e-01
   4.87328936e-01 4.87184307e-01 4.81647346e-01 4.78868049e-01
   4.84855107e-01 4.80456745e-01 4.77442089e-01 4.77987511e-01
   4.70161422e-01 4.72426799e-01 4.71474819e-01 4.69382493e-01
   4.65565922e-01 4.64473870e-01 4.65177196e-01 4.67990970e-01
   4.67495416e-01 4.65611913e-01 4.65119850e-01 4.58482950e-01
   4.54253796e-01 4.51110520e-01 4.46580397e-01 4.47279966e-01
   4.45615779e-01 4.44105892e-01 4.38207134e-01 4.35792881e-01
   4.32723003e-01 4.33154824e-01 4.31870645e-01 4.35723859e-01
   4.33741001e-01 4.29064481e-01 4.28756816e-01 4.26910488e-01
   4.25819543e-01 4.26955391e-01 4.21088737e-01 4.17853345e-01]]

 [[1.51643892e-05 0.00000000e+00 0.00000000e+00 0.00000000e+00
   0.00000000e+00 0.00000000e+00 0.00000000e+00 0.00000000e+00
   0.00000000e+00 0.00000000e+00 0.00000000e+00 0.00000000e+00
   0.00000000e+00 0.00000000e+00 0.00000000e+00 0.00000000e+00
   0.00000000e+00 0.00000000e+00 0.00000000e+00 0.00000000e+00
   0.00000000e+00 0.00000000e+00 0.00000000e+00 0.00000000e+00
   0.00000000e+00 0.00000000e+00 0.00000000e+00 0.00000000e+00
   0.00000000e+00 0.00000000e+00 0.00000000e+00 0.00000000e+00
   0.00000000e+00 0.00000000e+00 0.00000000e+00 0.00000000e+00
   0.00000000e+00 0.00000000e+00 0.00000000e+00 0.00000000e+00
   0.00000000e+00 0.00000000e+00 0.00000000e+00 0.00000000e+00
   0.00000000e+00 0.00000000e+00 0.00000000e+00 0.00000000e+00]
  [2.65918764e-02 6.76614635e-03 3.35207092e-03 1.79874641e-03
   9.07935598e-04 5.88370585e-05 9.79470820e-05 4.08548772e-06
   8.83122550e-06 1.96655205e-05 2.18903415e-07 4.45687054e-10
   1.71634981e-10 1.51373802e-13 4.39537295e-16 1.11022302e-19
   0.00000000e+00 0.00000000e+00 0.00000000e+00 0.00000000e+00
   0.00000000e+00 0.00000000e+00 0.00000000e+00 0.00000000e+00
   0.00000000e+00 0.00000000e+00 0.00000000e+00 0.00000000e+00
   0.00000000e+00 0.00000000e+00 0.00000000e+00 0.00000000e+00
   0.00000000e+00 0.00000000e+00 0.00000000e+00 0.00000000e+00
   0.00000000e+00 0.00000000e+00 0.00000000e+00 0.00000000e+00
   0.00000000e+00 0.00000000e+00 0.00000000e+00 0.00000000e+00
   0.00000000e+00 0.00000000e+00 0.00000000e+00 0.00000000e+00]
  [1.17896219e-03 1.09478657e-06 6.03044978e-08 6.83208628e-08
   1.01881934e-11 0.00000000e+00 1.11022302e-19 0.00000000e+00
   0.00000000e+00 0.00000000e+00 0.00000000e+00 0.00000000e+00
   0.00000000e+00 0.00000000e+00 0.00000000e+00 0.00000000e+00
   0.00000000e+00 0.00000000e+00 0.00000000e+00 0.00000000e+00
   0.00000000e+00 0.00000000e+00 0.00000000e+00 0.00000000e+00
   0.00000000e+00 0.00000000e+00 0.00000000e+00 0.00000000e+00
   0.00000000e+00 0.00000000e+00 0.00000000e+00 0.00000000e+00
   0.00000000e+00 0.00000000e+00 0.00000000e+00 0.00000000e+00
   0.00000000e+00 0.00000000e+00 0.00000000e+00 0.00000000e+00
   0.00000000e+00 0.00000000e+00 0.00000000e+00 0.00000000e+00
   0.00000000e+00 0.00000000e+00 0.00000000e+00 0.00000000e+00]
  [2.65131163e-02 6.91711964e-03 3.26883935e-03 1.87015902e-03
   1.07652493e-03 1.10058153e-04 1.50516439e-04 6.34720918e-06
   1.59378927e-05 2.74191460e-05 2.94353927e-07 5.99416232e-10
   3.52261702e-10 2.82789459e-13 4.16888746e-16 0.00000000e+00
   0.00000000e+00 0.00000000e+00 0.00000000e+00 0.00000000e+00
   0.00000000e+00 0.00000000e+00 0.00000000e+00 0.00000000e+00
   0.00000000e+00 0.00000000e+00 0.00000000e+00 0.00000000e+00
   0.00000000e+00 0.00000000e+00 0.00000000e+00 0.00000000e+00
   0.00000000e+00 0.00000000e+00 0.00000000e+00 0.00000000e+00
   0.00000000e+00 0.00000000e+00 0.00000000e+00 0.00000000e+00
   0.00000000e+00 0.00000000e+00 0.00000000e+00 0.00000000e+00
   0.00000000e+00 0.00000000e+00 0.00000000e+00 0.00000000e+00]
  [7.44738973e-01 7.47488685e-01 7.22683837e-01 7.09355207e-01
   6.83151671e-01 6.60710140e-01 6.53576700e-01 6.49503443e-01
   6.35891141e-01 6.25685184e-01 6.22763097e-01 6.09943570e-01
   6.03872619e-01 5.93946349e-01 5.89438709e-01 5.88006134e-01
   5.86829164e-01 5.85658771e-01 5.83026124e-01 5.77072346e-01
   5.71552181e-01 5.71759490e-01 5.68277047e-01 5.67054429e-01
   5.67903143e-01 5.64092852e-01 5.62838895e-01 5.61305552e-01
   5.62289758e-01 5.61758582e-01 5.59430759e-01 5.63484350e-01
   5.60541599e-01 5.58017599e-01 5.56874266e-01 5.56200970e-01
   5.57169015e-01 5.56324350e-01 5.58350335e-01 5.59903862e-01
   5.58700740e-01 5.59025032e-01 5.60000703e-01 5.59624517e-01
   5.59035764e-01 5.56765952e-01 5.60248169e-01 5.60680487e-01]
  [2.53269299e-02 6.29645269e-03 2.87476371e-03 1.68727343e-03
   9.39341490e-04 8.93997018e-05 1.10032136e-04 4.35938806e-06
   1.21933378e-05 1.87993621e-05 1.88069093e-07 3.55611921e-10
   1.92752114e-10 1.43551060e-13 1.87849736e-16 0.00000000e+00
   0.00000000e+00 0.00000000e+00 0.00000000e+00 0.00000000e+00
   0.00000000e+00 0.00000000e+00 0.00000000e+00 0.00000000e+00
   0.00000000e+00 0.00000000e+00 0.00000000e+00 0.00000000e+00
   0.00000000e+00 0.00000000e+00 0.00000000e+00 0.00000000e+00
   0.00000000e+00 0.00000000e+00 0.00000000e+00 0.00000000e+00
   0.00000000e+00 0.00000000e+00 0.00000000e+00 0.00000000e+00
   0.00000000e+00 0.00000000e+00 0.00000000e+00 0.00000000e+00
   0.00000000e+00 0.00000000e+00 0.00000000e+00 0.00000000e+00]]

 [[1.05035316e-03 1.50990376e-04 4.64275713e-08 1.41527836e-07
   1.51733570e-11 0.00000000e+00 0.00000000e+00 0.00000000e+00
   0.00000000e+00 0.00000000e+00 0.00000000e+00 0.00000000e+00
   0.00000000e+00 0.00000000e+00 0.00000000e+00 0.00000000e+00
   0.00000000e+00 0.00000000e+00 0.00000000e+00 0.00000000e+00
   0.00000000e+00 0.00000000e+00 0.00000000e+00 0.00000000e+00
   0.00000000e+00 0.00000000e+00 0.00000000e+00 0.00000000e+00
   0.00000000e+00 0.00000000e+00 0.00000000e+00 0.00000000e+00
   0.00000000e+00 0.00000000e+00 0.00000000e+00 0.00000000e+00
   0.00000000e+00 0.00000000e+00 0.00000000e+00 0.00000000e+00
   0.00000000e+00 0.00000000e+00 0.00000000e+00 0.00000000e+00
   0.00000000e+00 0.00000000e+00 0.00000000e+00 0.00000000e+00]
  [5.25563737e-01 4.85754994e-01 4.58150493e-01 4.37051105e-01
   4.19956001e-01 4.03049662e-01 3.83502861e-01 3.66747977e-01
   3.50430402e-01 3.34445508e-01 3.20039404e-01 3.04986551e-01
   2.92412144e-01 2.75610006e-01 2.63337821e-01 2.51901583e-01
   2.37771720e-01 2.26736935e-01 2.19526304e-01 2.11625344e-01
   2.00231814e-01 1.90010290e-01 1.78585408e-01 1.70792149e-01
   1.66717124e-01 1.54650152e-01 1.45494722e-01 1.39671980e-01
   1.34446036e-01 1.26536119e-01 1.18470405e-01 1.13146278e-01
   1.07119044e-01 1.03239539e-01 9.64430268e-02 9.23366880e-02
   8.82958154e-02 8.36992940e-02 7.70434882e-02 7.46443411e-02
   7.22738378e-02 6.76648496e-02 6.40137528e-02 6.05996338e-02
   5.72628311e-02 5.46528409e-02 5.22730728e-02 5.01821937e-02]
  [9.15647002e-02 5.30095509e-02 2.38674036e-02 1.15412006e-02
   4.77540100e-03 3.88472183e-03 1.69428691e-03 6.96367017e-04
   5.99956718e-04 2.97889596e-04 1.26850324e-04 4.55183478e-05
   1.09713713e-05 2.46554908e-06 2.56493973e-07 3.84142999e-07
   2.76543815e-08 3.22265949e-09 5.43149197e-10 1.82380030e-10
   1.08492128e-10 1.70724976e-11 4.78794338e-12 1.33626246e-11
   2.38630171e-12 7.82012233e-13 1.99306460e-13 2.70641287e-14
   1.59565694e-14 7.09273751e-14 1.03087539e-14 8.42159675e-15
   1.26221256e-15 1.31106237e-15 2.01838546e-16 4.49640325e-17
   8.21565038e-17 8.43769499e-18 6.66133815e-19 3.44169138e-18
   7.77156117e-19 1.11022302e-19 0.00000000e+00 1.11022302e-19
   0.00000000e+00 0.00000000e+00 0.00000000e+00 0.00000000e+00]
  [5.98999960e-01 5.67140926e-01 5.55254027e-01 5.41857994e-01
   5.38027779e-01 5.35889430e-01 5.32131821e-01 5.30679136e-01
   5.30629283e-01 5.29104549e-01 5.22339410e-01 5.15238812e-01
   5.17668095e-01 5.14066638e-01 5.16199031e-01 5.11191575e-01
   5.08283042e-01 5.04877975e-01 5.00602610e-01 4.98253473e-01
   4.97641509e-01 4.96771743e-01 4.87330571e-01 4.83302429e-01
   4.80444620e-01 4.74369061e-01 4.69465031e-01 4.68054086e-01
   4.66023051e-01 4.60855652e-01 4.58413387e-01 4.57626508e-01
   4.56470744e-01 4.55088300e-01 4.51299044e-01 4.52543334e-01
   4.48938663e-01 4.42505106e-01 4.39188467e-01 4.35835381e-01
   4.34733336e-01 4.32625963e-01 4.28903657e-01 4.27509799e-01
   4.22349388e-01 4.22484603e-01 4.19657302e-01 4.19839736e-01]
  [5.55617360e-02 1.62781398e-02 3.67207728e-03 1.15812817e-03
   1.94107584e-04 5.94803227e-05 9.69773775e-06 2.27290501e-06
   4.08440217e-07 8.45958446e-08 2.68065594e-08 3.99482989e-09
   5.68550447e-10 1.29884889e-10 2.47116336e-11 4.70213490e-12
   7.97466204e-13 5.96513283e-13 3.54698493e-14 1.67678094e-14
   3.32078809e-15 4.99489339e-16 2.34479103e-16 3.41948692e-17
   5.35127498e-17 4.44089210e-18 2.22044605e-19 0.00000000e+00
   0.00000000e+00 0.00000000e+00 0.00000000e+00 0.00000000e+00
   0.00000000e+00 0.00000000e+00 0.00000000e+00 0.00000000e+00
   0.00000000e+00 0.00000000e+00 0.00000000e+00 0.00000000e+00
   0.00000000e+00 0.00000000e+00 0.00000000e+00 0.00000000e+00
   0.00000000e+00 0.00000000e+00 0.00000000e+00 0.00000000e+00]
  [6.08520145e-01 5.69176740e-01 5.54300561e-01 5.36651472e-01
   5.31553817e-01 5.30163358e-01 5.29154335e-01 5.29949767e-01
   5.33234800e-01 5.33238557e-01 5.27423276e-01 5.21439945e-01
   5.27589123e-01 5.28025457e-01 5.32629294e-01 5.29660351e-01
   5.29460243e-01 5.28774617e-01 5.26302148e-01 5.23408631e-01
   5.26240798e-01 5.27233372e-01 5.19605189e-01 5.17585133e-01
   5.13963461e-01 5.12016115e-01 5.09896681e-01 5.10613111e-01
   5.10220888e-01 5.03877679e-01 5.03553175e-01 5.03168269e-01
   5.03576673e-01 5.02846623e-01 5.02544627e-01 5.04604660e-01
   5.01666833e-01 4.97107343e-01 4.96925143e-01 4.94726637e-01
   4.95084264e-01 4.94826888e-01 4.92339850e-01 4.92138250e-01
   4.88930558e-01 4.88710835e-01 4.86556930e-01 4.86919778e-01]]] 
Error up: 
[[[1.45750103e-01 1.77130592e-01 1.83310095e-01 1.73428698e-01
   1.49885121e-01 1.42393277e-01 1.40392414e-01 1.44452694e-01
   1.30789715e-01 1.28056937e-01 1.36396729e-01 1.40451835e-01
   1.50160070e-01 1.53356254e-01 1.59193306e-01 1.48920316e-01
   1.51932846e-01 1.52032278e-01 1.54289834e-01 1.57373544e-01
   1.64983927e-01 1.67942028e-01 1.69190384e-01 1.75982126e-01
   1.76960471e-01 1.77591890e-01 1.80106691e-01 1.90582853e-01
   1.97734104e-01 1.97565974e-01 1.99331897e-01 2.01754338e-01
   2.05892037e-01 2.06359311e-01 2.09385547e-01 2.12211694e-01
   2.14251894e-01 2.15655981e-01 2.13568766e-01 2.17627719e-01
   2.19395626e-01 2.20351393e-01 2.25838219e-01 2.28928143e-01
   2.37774596e-01 2.37838252e-01 2.40776901e-01 2.40222158e-01]
  [1.92636701e-01 1.22542275e-01 2.00674278e-02 9.10432495e-03
   4.78722889e-02 3.49425528e-03 2.08354572e-04 8.24005434e-06
   2.05061756e-07 2.39469815e-09 5.49914883e-08 7.33133868e-10
   6.26567856e-09 7.72588011e-11 5.08592619e-13 5.32374145e-15
   0.00000000e+00 0.00000000e+00 0.00000000e+00 0.00000000e+00
   0.00000000e+00 0.00000000e+00 0.00000000e+00 0.00000000e+00
   0.00000000e+00 0.00000000e+00 0.00000000e+00 0.00000000e+00
   0.00000000e+00 0.00000000e+00 0.00000000e+00 0.00000000e+00
   0.00000000e+00 0.00000000e+00 0.00000000e+00 0.00000000e+00
   0.00000000e+00 0.00000000e+00 0.00000000e+00 0.00000000e+00
   0.00000000e+00 0.00000000e+00 0.00000000e+00 0.00000000e+00
   0.00000000e+00 0.00000000e+00 0.00000000e+00 0.00000000e+00]
  [4.84018993e-01 1.68510290e-01 2.26697303e-01 1.22116721e-01
   1.06536037e-01 1.56274598e-02 7.49247720e-03 1.80495531e-03
   1.13944093e-04 2.14098758e-06 2.15051805e-06 9.77925607e-08
   1.87935034e-08 1.32008476e-09 2.55086493e-11 1.13066691e-12
   3.06862106e-14 7.10022996e-16 0.00000000e+00 0.00000000e+00
   0.00000000e+00 0.00000000e+00 0.00000000e+00 0.00000000e+00
   0.00000000e+00 0.00000000e+00 0.00000000e+00 0.00000000e+00
   0.00000000e+00 0.00000000e+00 0.00000000e+00 0.00000000e+00
   0.00000000e+00 0.00000000e+00 0.00000000e+00 0.00000000e+00
   0.00000000e+00 0.00000000e+00 0.00000000e+00 0.00000000e+00
   0.00000000e+00 0.00000000e+00 0.00000000e+00 0.00000000e+00
   0.00000000e+00 0.00000000e+00 0.00000000e+00 0.00000000e+00]
  [7.29194308e-02 1.16530574e-01 4.67341836e-03 1.14435680e-03
   4.29901051e-03 1.38005304e-05 1.99322500e-06 7.42531178e-09
   5.51162405e-12 1.88549176e-15 6.07793815e-14 0.00000000e+00
   4.43645121e-16 0.00000000e+00 0.00000000e+00 0.00000000e+00
   0.00000000e+00 0.00000000e+00 0.00000000e+00 0.00000000e+00
   0.00000000e+00 0.00000000e+00 0.00000000e+00 0.00000000e+00
   0.00000000e+00 0.00000000e+00 0.00000000e+00 0.00000000e+00
   0.00000000e+00 0.00000000e+00 0.00000000e+00 0.00000000e+00
   0.00000000e+00 0.00000000e+00 0.00000000e+00 0.00000000e+00
   0.00000000e+00 0.00000000e+00 0.00000000e+00 0.00000000e+00
   0.00000000e+00 0.00000000e+00 0.00000000e+00 0.00000000e+00
   0.00000000e+00 0.00000000e+00 0.00000000e+00 0.00000000e+00]
  [1.05550932e-03 3.67556466e-10 0.00000000e+00 0.00000000e+00
   0.00000000e+00 0.00000000e+00 0.00000000e+00 0.00000000e+00
   0.00000000e+00 0.00000000e+00 0.00000000e+00 0.00000000e+00
   0.00000000e+00 0.00000000e+00 0.00000000e+00 0.00000000e+00
   0.00000000e+00 0.00000000e+00 0.00000000e+00 0.00000000e+00
   0.00000000e+00 0.00000000e+00 0.00000000e+00 0.00000000e+00
   0.00000000e+00 0.00000000e+00 0.00000000e+00 0.00000000e+00
   0.00000000e+00 0.00000000e+00 0.00000000e+00 0.00000000e+00
   0.00000000e+00 0.00000000e+00 0.00000000e+00 0.00000000e+00
   0.00000000e+00 0.00000000e+00 0.00000000e+00 0.00000000e+00
   0.00000000e+00 0.00000000e+00 0.00000000e+00 0.00000000e+00
   0.00000000e+00 0.00000000e+00 0.00000000e+00 0.00000000e+00]
  [8.87834178e-02 3.86273263e-02 8.29795665e-03 5.18537732e-04
   3.55116727e-04 1.11762302e-07 8.96152816e-08 1.56682145e-11
   6.65467681e-16 0.00000000e+00 0.00000000e+00 0.00000000e+00
   0.00000000e+00 0.00000000e+00 0.00000000e+00 0.00000000e+00
   0.00000000e+00 0.00000000e+00 0.00000000e+00 0.00000000e+00
   0.00000000e+00 0.00000000e+00 0.00000000e+00 0.00000000e+00
   0.00000000e+00 0.00000000e+00 0.00000000e+00 0.00000000e+00
   0.00000000e+00 0.00000000e+00 0.00000000e+00 0.00000000e+00
   0.00000000e+00 0.00000000e+00 0.00000000e+00 0.00000000e+00
   0.00000000e+00 0.00000000e+00 0.00000000e+00 0.00000000e+00
   0.00000000e+00 0.00000000e+00 0.00000000e+00 0.00000000e+00
   0.00000000e+00 0.00000000e+00 0.00000000e+00 0.00000000e+00]]

 [[1.28514722e-01 2.15490797e-01 7.18743677e-02 6.26023848e-07
   1.76494359e-08 7.65437804e-09 2.69205467e-07 0.00000000e+00
   0.00000000e+00 0.00000000e+00 0.00000000e+00 0.00000000e+00
   0.00000000e+00 0.00000000e+00 0.00000000e+00 0.00000000e+00
   0.00000000e+00 0.00000000e+00 0.00000000e+00 0.00000000e+00
   0.00000000e+00 0.00000000e+00 0.00000000e+00 0.00000000e+00
   0.00000000e+00 0.00000000e+00 0.00000000e+00 0.00000000e+00
   0.00000000e+00 0.00000000e+00 0.00000000e+00 0.00000000e+00
   0.00000000e+00 0.00000000e+00 0.00000000e+00 0.00000000e+00
   0.00000000e+00 0.00000000e+00 0.00000000e+00 0.00000000e+00
   0.00000000e+00 0.00000000e+00 0.00000000e+00 0.00000000e+00
   0.00000000e+00 0.00000000e+00 0.00000000e+00 0.00000000e+00]
  [3.31783868e-01 2.68518217e-01 2.88675698e-01 2.64036988e-01
   2.57195080e-01 2.63217132e-01 2.53648553e-01 2.50381497e-01
   2.44047909e-01 2.38924146e-01 2.48193703e-01 2.50143773e-01
   2.52350562e-01 2.56718321e-01 2.60153881e-01 2.61687836e-01
   2.64632320e-01 2.72805488e-01 2.67996633e-01 2.69417520e-01
   2.79321005e-01 2.72331332e-01 2.69126989e-01 2.68619015e-01
   2.74816221e-01 2.74584428e-01 2.77480789e-01 2.70042296e-01
   2.73079749e-01 2.73888429e-01 2.74440274e-01 2.78864191e-01
   2.75207622e-01 2.76868524e-01 2.73389876e-01 2.75958471e-01
   2.69564903e-01 2.76583687e-01 2.71794759e-01 2.73502662e-01
   2.74145965e-01 2.73847588e-01 2.74527591e-01 2.75817351e-01
   2.78472651e-01 2.75814398e-01 2.79610051e-01 2.76570647e-01]
  [3.25521058e-01 2.95263325e-01 3.11589829e-01 2.23829862e-01
   1.25774959e-01 9.72938055e-02 1.01857373e-01 4.57977593e-02
   1.58279294e-02 8.54406613e-03 1.21132279e-03 2.61123815e-04
   1.82077030e-04 6.98994401e-05 2.65972507e-05 8.23032128e-06
   1.34691518e-05 6.40412029e-05 5.09012597e-06 2.27669987e-07
   1.23188468e-08 9.19912123e-09 1.60179893e-08 1.57172433e-08
   1.53374965e-08 4.10299518e-09 2.84962271e-10 1.02471963e-10
   5.79839566e-11 1.50376679e-10 6.64684424e-11 5.54694628e-11
   1.65027044e-11 8.09388656e-13 3.30125237e-13 2.03959324e-14
   6.78225811e-15 2.12108537e-15 4.90941689e-16 0.00000000e+00
   0.00000000e+00 0.00000000e+00 0.00000000e+00 0.00000000e+00
   0.00000000e+00 0.00000000e+00 0.00000000e+00 0.00000000e+00]
  [3.11444361e-01 3.83730337e-01 3.37570101e-01 2.98356805e-01
   2.87717503e-01 2.78831744e-01 2.87260062e-01 2.90098645e-01
   3.05099829e-01 3.09924717e-01 3.22381477e-01 3.29019310e-01
   3.28187334e-01 3.20275246e-01 3.29262705e-01 3.30397450e-01
   3.46768453e-01 3.42919112e-01 3.45450106e-01 3.44338410e-01
   3.53583135e-01 3.54717177e-01 3.55363012e-01 3.53935682e-01
   3.52896572e-01 3.49130218e-01 3.49654355e-01 3.42205660e-01
   3.45208344e-01 3.49315838e-01 3.54437531e-01 3.49933028e-01
   3.45459285e-01 3.46106882e-01 3.40962541e-01 3.35332272e-01
   3.43703923e-01 3.36167495e-01 3.35510770e-01 3.39600189e-01
   3.38573109e-01 3.37996540e-01 3.36948367e-01 3.40812917e-01
   3.38107202e-01 3.44491121e-01 3.39421808e-01 3.50696865e-01]
  [1.86532171e-01 3.05711566e-01 1.60643810e-01 2.85615734e-02
   1.23191843e-02 3.10481552e-03 7.32282907e-04 2.56690749e-04
   7.04081186e-05 1.91279299e-05 6.23388064e-06 1.08721640e-06
   1.40220673e-07 8.55038576e-08 4.90136117e-08 1.06731078e-08
   1.57411756e-09 3.54764545e-10 7.31908967e-11 1.30135134e-11
   3.80665594e-12 1.94854348e-13 4.08267652e-14 2.52916709e-14
   5.41869425e-15 2.33870654e-14 2.64473986e-13 1.07239312e-13
   3.27443907e-14 6.20481444e-15 1.22658011e-15 2.21600516e-16
   0.00000000e+00 0.00000000e+00 0.00000000e+00 0.00000000e+00
   0.00000000e+00 0.00000000e+00 0.00000000e+00 0.00000000e+00
   0.00000000e+00 0.00000000e+00 0.00000000e+00 0.00000000e+00
   0.00000000e+00 0.00000000e+00 0.00000000e+00 0.00000000e+00]
  [4.25299908e-01 4.06561563e-01 3.66153837e-01 3.94782002e-01
   3.44969756e-01 3.21276698e-01 3.10274382e-01 3.46766683e-01
   3.22636613e-01 3.30451981e-01 3.48805662e-01 3.55149203e-01
   3.62461926e-01 3.39509889e-01 3.50100230e-01 3.55966916e-01
   3.65658732e-01 3.57911061e-01 3.47227863e-01 3.52250605e-01
   3.46435437e-01 3.45110066e-01 3.42513277e-01 3.34132079e-01
   3.33915926e-01 3.26146133e-01 3.25880711e-01 3.04671183e-01
   3.14422160e-01 3.09761419e-01 3.07479051e-01 3.13688829e-01
   3.12729047e-01 2.92138708e-01 2.97123425e-01 2.96113490e-01
   2.74484151e-01 2.69462868e-01 2.53384255e-01 2.53528651e-01
   2.47617667e-01 2.44520687e-01 2.38380736e-01 2.38962089e-01
   2.35439304e-01 2.39733866e-01 2.29250058e-01 2.26460521e-01]]

 [[3.11691764e-01 2.54717478e-01 1.43953698e-01 2.15789844e-01
   3.85941570e-02 2.58206652e-04 2.08293994e-07 2.73742293e-06
   4.01179544e-09 3.19758201e-12 2.08157059e-15 3.54916097e-15
   0.00000000e+00 0.00000000e+00 0.00000000e+00 0.00000000e+00
   0.00000000e+00 0.00000000e+00 0.00000000e+00 0.00000000e+00
   0.00000000e+00 0.00000000e+00 0.00000000e+00 0.00000000e+00
   0.00000000e+00 0.00000000e+00 0.00000000e+00 0.00000000e+00
   0.00000000e+00 0.00000000e+00 0.00000000e+00 0.00000000e+00
   0.00000000e+00 0.00000000e+00 0.00000000e+00 0.00000000e+00
   0.00000000e+00 0.00000000e+00 0.00000000e+00 0.00000000e+00
   0.00000000e+00 0.00000000e+00 0.00000000e+00 0.00000000e+00
   0.00000000e+00 0.00000000e+00 0.00000000e+00 0.00000000e+00]
  [3.27938419e-01 4.05123473e-01 2.37163514e-01 2.00071962e-01
   2.00003339e-01 1.63938168e-01 8.63395352e-02 1.47139785e-02
   3.95275533e-02 7.94397876e-02 1.47843225e-02 1.14273119e-03
   1.02619669e-03 1.86989020e-04 8.30014152e-05 3.26450799e-06
   1.58469071e-06 8.10169381e-08 5.33043657e-08 1.65043946e-09
   4.79583036e-10 7.76809620e-11 9.70128622e-12 7.19345972e-12
   7.94833992e-11 1.28755328e-10 3.89031751e-12 5.77591609e-14
   2.21822560e-15 0.00000000e+00 2.21822560e-16 0.00000000e+00
   0.00000000e+00 0.00000000e+00 0.00000000e+00 0.00000000e+00
   0.00000000e+00 0.00000000e+00 0.00000000e+00 0.00000000e+00
   0.00000000e+00 0.00000000e+00 0.00000000e+00 0.00000000e+00
   0.00000000e+00 0.00000000e+00 0.00000000e+00 0.00000000e+00]
  [2.95298795e-01 2.08107911e-01 1.97986439e-01 2.06974551e-01
   2.16315164e-01 2.43706511e-01 2.46914177e-01 2.30588904e-01
   2.33290234e-01 2.28846928e-01 2.34150240e-01 2.30349414e-01
   2.31727788e-01 2.35841256e-01 2.39305923e-01 2.43814850e-01
   2.45308877e-01 2.42589321e-01 2.47156046e-01 2.46089730e-01
   2.48193042e-01 2.50190306e-01 2.60429262e-01 2.70616720e-01
   2.70298795e-01 2.68069735e-01 2.69355207e-01 2.75675907e-01
   2.72223475e-01 2.69751830e-01 2.75472920e-01 2.81623502e-01
   2.83720083e-01 2.81224917e-01 2.79271675e-01 2.78644096e-01
   2.80080360e-01 2.83341218e-01 2.80562793e-01 2.79340632e-01
   2.80827801e-01 2.83232490e-01 2.84881441e-01 2.83738211e-01
   2.84534411e-01 2.85862688e-01 2.87951227e-01 2.87939195e-01]
  [3.94773997e-01 4.55116511e-01 2.51001768e-01 2.14095528e-01
   1.45239710e-01 1.77711249e-01 9.16661357e-02 2.49727390e-02
   2.20191138e-02 7.07722100e-02 1.41579230e-02 2.26397445e-03
   1.26367383e-03 6.12471814e-04 4.42919905e-05 3.23042917e-06
   1.65062231e-06 1.40234463e-07 3.02460439e-07 1.40108343e-08
   6.17033828e-10 3.42998777e-10 1.80198177e-10 6.86397265e-11
   6.79545713e-10 3.05205106e-10 1.20411115e-11 4.72851498e-13
   1.99979958e-14 7.73469330e-16 7.87470089e-15 3.32733840e-16
   1.10911280e-16 0.00000000e+00 0.00000000e+00 0.00000000e+00
   0.00000000e+00 0.00000000e+00 0.00000000e+00 0.00000000e+00
   0.00000000e+00 0.00000000e+00 0.00000000e+00 0.00000000e+00
   0.00000000e+00 0.00000000e+00 0.00000000e+00 0.00000000e+00]
  [8.42670011e-02 5.04188768e-03 7.27313257e-04 2.77803311e-07
   1.24682731e-07 4.46899258e-11 0.00000000e+00 0.00000000e+00
   0.00000000e+00 0.00000000e+00 0.00000000e+00 0.00000000e+00
   0.00000000e+00 0.00000000e+00 0.00000000e+00 0.00000000e+00
   0.00000000e+00 0.00000000e+00 0.00000000e+00 0.00000000e+00
   0.00000000e+00 0.00000000e+00 0.00000000e+00 0.00000000e+00
   0.00000000e+00 0.00000000e+00 0.00000000e+00 0.00000000e+00
   0.00000000e+00 0.00000000e+00 0.00000000e+00 0.00000000e+00
   0.00000000e+00 0.00000000e+00 0.00000000e+00 0.00000000e+00
   0.00000000e+00 0.00000000e+00 0.00000000e+00 0.00000000e+00
   0.00000000e+00 0.00000000e+00 0.00000000e+00 0.00000000e+00
   0.00000000e+00 0.00000000e+00 0.00000000e+00 0.00000000e+00]
  [4.26957714e-01 6.20397517e-01 2.54192064e-01 2.20864681e-01
   1.43676928e-01 1.83456688e-01 8.02088783e-02 2.54555495e-02
   1.71529128e-02 5.33925030e-02 1.21440778e-02 2.45731932e-03
   9.66160641e-04 1.07676495e-03 1.01608075e-04 9.48115580e-06
   2.65033365e-06 3.91970680e-07 6.07890675e-07 5.10175215e-08
   2.35968646e-09 4.99664026e-10 1.38047888e-09 2.18199432e-10
   9.63344030e-10 1.26208229e-10 1.04891665e-11 6.91162820e-13
   4.81575871e-14 2.63633688e-15 2.12661496e-14 1.93979896e-15
   1.75225730e-16 0.00000000e+00 0.00000000e+00 0.00000000e+00
   0.00000000e+00 0.00000000e+00 0.00000000e+00 0.00000000e+00
   0.00000000e+00 0.00000000e+00 0.00000000e+00 0.00000000e+00
   0.00000000e+00 0.00000000e+00 0.00000000e+00 0.00000000e+00]]

 [[1.67261146e-01 1.14408685e-02 6.64600697e-05 6.32299015e-05
   1.88132786e-05 6.24976678e-09 4.96821664e-13 0.00000000e+00
   3.21642712e-15 0.00000000e+00 0.00000000e+00 0.00000000e+00
   0.00000000e+00 0.00000000e+00 0.00000000e+00 0.00000000e+00
   0.00000000e+00 0.00000000e+00 0.00000000e+00 0.00000000e+00
   0.00000000e+00 0.00000000e+00 0.00000000e+00 0.00000000e+00
   0.00000000e+00 0.00000000e+00 0.00000000e+00 0.00000000e+00
   0.00000000e+00 0.00000000e+00 0.00000000e+00 0.00000000e+00
   0.00000000e+00 0.00000000e+00 0.00000000e+00 0.00000000e+00
   0.00000000e+00 0.00000000e+00 0.00000000e+00 0.00000000e+00
   0.00000000e+00 0.00000000e+00 0.00000000e+00 0.00000000e+00
   0.00000000e+00 0.00000000e+00 0.00000000e+00 0.00000000e+00]
  [3.90058879e-01 3.00803754e-01 3.07416499e-01 2.79156058e-01
   2.98210584e-01 2.98899034e-01 2.93365530e-01 2.96920370e-01
   3.08030849e-01 2.98183170e-01 3.08911873e-01 3.08499293e-01
   3.14025449e-01 3.14563750e-01 3.18043656e-01 3.25604717e-01
   3.26737482e-01 3.19921367e-01 3.23600069e-01 3.24066815e-01
   3.23963684e-01 3.24968152e-01 3.26852675e-01 3.28993646e-01
   3.32542809e-01 3.31323927e-01 3.33851413e-01 3.32986598e-01
   3.30154508e-01 3.31989749e-01 3.37207986e-01 3.42066888e-01
   3.41426761e-01 3.41436471e-01 3.46120630e-01 3.50846584e-01
   3.48511546e-01 3.44538592e-01 3.46037961e-01 3.39446129e-01
   3.36605133e-01 3.36165533e-01 3.34656272e-01 3.19351956e-01
   3.26176258e-01 3.28958855e-01 3.32390953e-01 3.23658865e-01]
  [3.52279007e-01 3.05247995e-01 2.28407858e-01 2.37981661e-01
   1.13388988e-01 7.09649717e-02 4.08910743e-02 2.17499778e-02
   2.07454192e-02 2.42314921e-02 5.89551458e-03 1.94901749e-03
   2.76968681e-03 4.76925464e-03 3.33635325e-03 8.60286762e-04
   8.83364092e-04 1.44655364e-04 1.69204909e-05 6.56617802e-05
   5.90557771e-06 1.84407692e-06 1.63982281e-07 4.08314773e-08
   4.48139241e-09 3.38534466e-10 2.03400249e-09 1.04038484e-09
   2.50242329e-10 2.02944425e-11 3.26681140e-12 4.68334795e-13
   1.04605303e-13 3.64682666e-13 3.86189758e-14 5.39479252e-15
   7.88016884e-16 1.10911280e-16 0.00000000e+00 0.00000000e+00
   1.10911280e-16 0.00000000e+00 0.00000000e+00 0.00000000e+00
   0.00000000e+00 0.00000000e+00 0.00000000e+00 0.00000000e+00]
  [2.95477183e-01 3.05065836e-01 2.84644831e-01 2.68828324e-01
   2.66367233e-01 2.60288295e-01 2.42777711e-01 2.45349298e-01
   2.35027037e-01 2.38733549e-01 2.41107479e-01 2.40129745e-01
   2.39594325e-01 2.41517071e-01 2.48422743e-01 2.51605798e-01
   2.58206470e-01 2.57853986e-01 2.55455547e-01 2.58452326e-01
   2.56888600e-01 2.56751115e-01 2.63105167e-01 2.63571126e-01
   2.65783145e-01 2.70264573e-01 2.63385167e-01 2.68873103e-01
   2.64772565e-01 2.67031403e-01 2.65665973e-01 2.66856228e-01
   2.60697417e-01 2.59383023e-01 2.59937741e-01 2.66753554e-01
   2.70714093e-01 2.69617525e-01 2.70484071e-01 2.65914157e-01
   2.68579290e-01 2.66681791e-01 2.73402787e-01 2.75655464e-01
   2.75157759e-01 2.72269568e-01 2.72202621e-01 2.77436150e-01]
  [1.63320949e-01 2.74711314e-01 4.80302578e-02 1.07530794e-02
   8.84990520e-03 1.32312744e-03 9.18605592e-04 3.71528948e-04
   6.53318820e-05 1.46922428e-05 3.30384009e-05 2.34471496e-06
   1.44532991e-07 6.83866714e-08 2.56281454e-08 3.02956529e-09
   1.81988151e-09 5.32628584e-10 7.31914325e-10 1.95788527e-10
   1.48523524e-10 2.28324100e-11 4.80303551e-12 3.80848856e-13
   4.78416260e-14 1.13398349e-14 9.09062081e-16 1.10800258e-14
   3.10240722e-15 6.64801547e-16 1.10800258e-16 0.00000000e+00
   0.00000000e+00 0.00000000e+00 0.00000000e+00 0.00000000e+00
   0.00000000e+00 0.00000000e+00 0.00000000e+00 0.00000000e+00
   0.00000000e+00 0.00000000e+00 0.00000000e+00 0.00000000e+00
   0.00000000e+00 0.00000000e+00 0.00000000e+00 0.00000000e+00]
  [3.50440673e-01 3.09201421e-01 3.16614086e-01 3.02139258e-01
   3.19668524e-01 2.86380854e-01 2.72790502e-01 2.54618369e-01
   2.71001643e-01 2.58206850e-01 2.63122041e-01 2.65182572e-01
   2.63066019e-01 2.66778249e-01 2.72380464e-01 2.82283759e-01
   2.85706667e-01 2.83639003e-01 2.75941133e-01 2.70144076e-01
   2.81329795e-01 2.91175775e-01 2.91156719e-01 2.91280831e-01
   2.99446150e-01 3.03948826e-01 3.09485732e-01 3.09726097e-01
   3.08351005e-01 3.12931218e-01 3.09243568e-01 3.06577713e-01
   3.04447752e-01 3.03540074e-01 3.05447181e-01 3.08289710e-01
   3.07695084e-01 3.03157242e-01 3.09438255e-01 3.07088214e-01
   3.09483935e-01 3.09207069e-01 3.12483808e-01 3.13762857e-01
   3.14621467e-01 3.15773491e-01 3.13509455e-01 3.14211447e-01]]

 [[1.05628563e-02 0.00000000e+00 0.00000000e+00 0.00000000e+00
   0.00000000e+00 0.00000000e+00 0.00000000e+00 0.00000000e+00
   0.00000000e+00 0.00000000e+00 0.00000000e+00 0.00000000e+00
   0.00000000e+00 0.00000000e+00 0.00000000e+00 0.00000000e+00
   0.00000000e+00 0.00000000e+00 0.00000000e+00 0.00000000e+00
   0.00000000e+00 0.00000000e+00 0.00000000e+00 0.00000000e+00
   0.00000000e+00 0.00000000e+00 0.00000000e+00 0.00000000e+00
   0.00000000e+00 0.00000000e+00 0.00000000e+00 0.00000000e+00
   0.00000000e+00 0.00000000e+00 0.00000000e+00 0.00000000e+00
   0.00000000e+00 0.00000000e+00 0.00000000e+00 0.00000000e+00
   0.00000000e+00 0.00000000e+00 0.00000000e+00 0.00000000e+00
   0.00000000e+00 0.00000000e+00 0.00000000e+00 0.00000000e+00]
  [7.28821939e-01 1.20090440e-01 1.85989962e-01 3.56165715e-01
   1.89027105e-01 1.60804257e-02 5.53267041e-02 2.29561423e-03
   5.02241403e-03 1.96430306e-02 2.18680912e-04 2.96703939e-07
   1.21102102e-07 1.51191231e-10 2.80882969e-13 1.10911280e-16
   0.00000000e+00 0.00000000e+00 0.00000000e+00 0.00000000e+00
   0.00000000e+00 0.00000000e+00 0.00000000e+00 0.00000000e+00
   0.00000000e+00 0.00000000e+00 0.00000000e+00 0.00000000e+00
   0.00000000e+00 0.00000000e+00 0.00000000e+00 0.00000000e+00
   0.00000000e+00 0.00000000e+00 0.00000000e+00 0.00000000e+00
   0.00000000e+00 0.00000000e+00 0.00000000e+00 0.00000000e+00
   0.00000000e+00 0.00000000e+00 0.00000000e+00 0.00000000e+00
   0.00000000e+00 0.00000000e+00 0.00000000e+00 0.00000000e+00]
  [8.04183087e-02 4.71498121e-04 6.02441933e-05 6.82525420e-05
   1.01779185e-08 0.00000000e+00 1.10911280e-16 0.00000000e+00
   0.00000000e+00 0.00000000e+00 0.00000000e+00 0.00000000e+00
   0.00000000e+00 0.00000000e+00 0.00000000e+00 0.00000000e+00
   0.00000000e+00 0.00000000e+00 0.00000000e+00 0.00000000e+00
   0.00000000e+00 0.00000000e+00 0.00000000e+00 0.00000000e+00
   0.00000000e+00 0.00000000e+00 0.00000000e+00 0.00000000e+00
   0.00000000e+00 0.00000000e+00 0.00000000e+00 0.00000000e+00
   0.00000000e+00 0.00000000e+00 0.00000000e+00 0.00000000e+00
   0.00000000e+00 0.00000000e+00 0.00000000e+00 0.00000000e+00
   0.00000000e+00 0.00000000e+00 0.00000000e+00 0.00000000e+00
   0.00000000e+00 0.00000000e+00 0.00000000e+00 0.00000000e+00]
  [7.26014546e-01 1.25515544e-01 1.87618666e-01 3.93091299e-01
   2.26513386e-01 3.53064921e-02 8.50330475e-02 3.00796241e-03
   1.12182750e-02 2.73845403e-02 2.94051254e-04 3.76944546e-07
   3.51676673e-07 2.82473140e-10 2.47301788e-13 0.00000000e+00
   0.00000000e+00 0.00000000e+00 0.00000000e+00 0.00000000e+00
   0.00000000e+00 0.00000000e+00 0.00000000e+00 0.00000000e+00
   0.00000000e+00 0.00000000e+00 0.00000000e+00 0.00000000e+00
   0.00000000e+00 0.00000000e+00 0.00000000e+00 0.00000000e+00
   0.00000000e+00 0.00000000e+00 0.00000000e+00 0.00000000e+00
   0.00000000e+00 0.00000000e+00 0.00000000e+00 0.00000000e+00
   0.00000000e+00 0.00000000e+00 0.00000000e+00 0.00000000e+00
   0.00000000e+00 0.00000000e+00 0.00000000e+00 0.00000000e+00]
  [2.46380717e-01 1.98125811e-01 2.03491061e-01 2.14947547e-01
   2.47166659e-01 2.70982905e-01 2.54292219e-01 2.38794837e-01
   2.46519672e-01 2.45968514e-01 2.49497746e-01 2.60090560e-01
   2.68408414e-01 2.72693458e-01 2.72831800e-01 2.72665503e-01
   2.76515947e-01 2.75943195e-01 2.74630802e-01 2.75999295e-01
   2.79893465e-01 2.74171566e-01 2.78039325e-01 2.85044010e-01
   2.91800915e-01 2.99374999e-01 2.94064555e-01 2.86971154e-01
   2.78420528e-01 2.76050783e-01 2.71978568e-01 2.59379834e-01
   2.59164462e-01 2.56389483e-01 2.55701415e-01 2.54932596e-01
   2.51314952e-01 2.48339322e-01 2.45176981e-01 2.45196094e-01
   2.43854256e-01 2.49705004e-01 2.44681232e-01 2.42035228e-01
   2.37840327e-01 2.39000359e-01 2.41076648e-01 2.38875385e-01]
  [7.47473201e-01 1.13623757e-01 1.65932673e-01 3.66496711e-01
   2.06094499e-01 2.82811667e-02 6.22645628e-02 2.06956874e-03
   8.59577086e-03 1.87764342e-02 1.87876553e-04 2.23473516e-07
   1.92432593e-07 1.43390856e-10 1.10852586e-13 0.00000000e+00
   0.00000000e+00 0.00000000e+00 0.00000000e+00 0.00000000e+00
   0.00000000e+00 0.00000000e+00 0.00000000e+00 0.00000000e+00
   0.00000000e+00 0.00000000e+00 0.00000000e+00 0.00000000e+00
   0.00000000e+00 0.00000000e+00 0.00000000e+00 0.00000000e+00
   0.00000000e+00 0.00000000e+00 0.00000000e+00 0.00000000e+00
   0.00000000e+00 0.00000000e+00 0.00000000e+00 0.00000000e+00
   0.00000000e+00 0.00000000e+00 0.00000000e+00 0.00000000e+00
   0.00000000e+00 0.00000000e+00 0.00000000e+00 0.00000000e+00]]

 [[5.65872858e-02 5.88234262e-02 1.69568398e-05 1.41385951e-04
   1.51581084e-08 0.00000000e+00 0.00000000e+00 0.00000000e+00
   0.00000000e+00 0.00000000e+00 0.00000000e+00 0.00000000e+00
   0.00000000e+00 0.00000000e+00 0.00000000e+00 0.00000000e+00
   0.00000000e+00 0.00000000e+00 0.00000000e+00 0.00000000e+00
   0.00000000e+00 0.00000000e+00 0.00000000e+00 0.00000000e+00
   0.00000000e+00 0.00000000e+00 0.00000000e+00 0.00000000e+00
   0.00000000e+00 0.00000000e+00 0.00000000e+00 0.00000000e+00
   0.00000000e+00 0.00000000e+00 0.00000000e+00 0.00000000e+00
   0.00000000e+00 0.00000000e+00 0.00000000e+00 0.00000000e+00
   0.00000000e+00 0.00000000e+00 0.00000000e+00 0.00000000e+00
   0.00000000e+00 0.00000000e+00 0.00000000e+00 0.00000000e+00]
  [4.22800773e-01 3.32427176e-01 2.86629799e-01 3.01082086e-01
   3.01062518e-01 3.07621920e-01 3.26686284e-01 3.03294591e-01
   3.33090688e-01 3.13878321e-01 3.27143800e-01 3.39899963e-01
   3.34133767e-01 3.38537873e-01 3.36089087e-01 3.38961635e-01
   3.26391976e-01 3.20896208e-01 3.32551011e-01 3.31474230e-01
   3.27793031e-01 3.21479877e-01 3.13804187e-01 3.10335781e-01
   3.18148248e-01 3.12895370e-01 3.14619022e-01 3.19004648e-01
   3.24636495e-01 2.99060355e-01 2.96128174e-01 2.92224522e-01
   2.86987021e-01 2.80334965e-01 2.73624139e-01 2.58535234e-01
   2.58631582e-01 2.57341157e-01 2.40173717e-01 2.45344877e-01
   2.48600951e-01 2.38034336e-01 2.35232984e-01 2.27435260e-01
   2.19935606e-01 2.12544081e-01 2.05720463e-01 2.03593567e-01]
  [3.71544270e-01 3.60471376e-01 2.21753187e-01 2.32977994e-01
   8.82488993e-02 1.14934082e-01 9.02226182e-02 3.55729618e-02
   6.49795475e-02 3.48480848e-02 1.76525285e-02 5.58035293e-03
   1.54821990e-03 2.67647931e-04 2.34188044e-05 9.69864882e-05
   4.91223479e-06 2.63207781e-07 3.03405585e-08 1.07868887e-08
   1.38695676e-08 1.37337766e-09 4.96129114e-10 3.05587966e-09
   4.37422460e-10 1.47179473e-10 4.06480670e-11 5.22135634e-12
   4.17677498e-12 3.48748330e-11 4.37647386e-12 3.46687038e-12
   5.14546258e-13 6.64570585e-13 7.81456959e-14 1.42806799e-14
   3.94474205e-14 4.61442727e-15 6.65467681e-16 2.27944756e-15
   7.76378961e-16 1.10911280e-16 0.00000000e+00 1.10911280e-16
   0.00000000e+00 0.00000000e+00 0.00000000e+00 0.00000000e+00]
  [3.08921613e-01 3.01421791e-01 2.87265466e-01 2.84728938e-01
   2.78887156e-01 2.65403062e-01 2.50417429e-01 2.43864588e-01
   2.37130860e-01 2.31544623e-01 2.36072883e-01 2.39793040e-01
   2.47949466e-01 2.48805735e-01 2.46515950e-01 2.56098304e-01
   2.58102410e-01 2.64241536e-01 2.71545374e-01 2.68611841e-01
   2.71488375e-01 2.68989913e-01 2.73386865e-01 2.79277874e-01
   2.82039034e-01 2.84030852e-01 2.81635287e-01 2.78878876e-01
   2.84001274e-01 2.89796438e-01 2.85041806e-01 2.87512037e-01
   2.83673390e-01 2.85819451e-01 2.88960775e-01 2.88913289e-01
   2.93155207e-01 2.96144019e-01 2.86957915e-01 2.89357125e-01
   2.90891510e-01 2.94543147e-01 2.95670170e-01 2.93566362e-01
   2.95422755e-01 2.93444059e-01 2.96137578e-01 2.93093818e-01]
  [1.83126342e-01 2.72476472e-01 5.22064859e-02 3.12395966e-02
   5.45586539e-03 3.49602736e-03 6.70306700e-04 2.26007383e-04
   4.03862022e-05 8.93323356e-06 1.95286653e-06 3.19535879e-07
   3.06127839e-08 7.93174769e-09 1.34884116e-09 2.28616667e-10
   3.47681602e-11 7.33669096e-11 3.17531679e-12 1.88791949e-12
   4.06650292e-13 5.38255105e-14 2.83400883e-14 4.41860348e-15
   1.72922008e-14 1.65494597e-15 1.10800258e-16 0.00000000e+00
   0.00000000e+00 0.00000000e+00 0.00000000e+00 0.00000000e+00
   0.00000000e+00 0.00000000e+00 0.00000000e+00 0.00000000e+00
   0.00000000e+00 0.00000000e+00 0.00000000e+00 0.00000000e+00
   0.00000000e+00 0.00000000e+00 0.00000000e+00 0.00000000e+00
   0.00000000e+00 0.00000000e+00 0.00000000e+00 0.00000000e+00]
  [3.17443450e-01 2.84276625e-01 3.05072493e-01 2.97494812e-01
   3.08369091e-01 2.88756894e-01 2.58862553e-01 2.59596452e-01
   2.41629376e-01 2.32236483e-01 2.38642359e-01 2.41943770e-01
   2.40485825e-01 2.39317991e-01 2.40559752e-01 2.52015961e-01
   2.57389079e-01 2.58114085e-01 2.53893752e-01 2.53298660e-01
   2.56479342e-01 2.58073861e-01 2.65061780e-01 2.66520707e-01
   2.63371997e-01 2.61583716e-01 2.60765680e-01 2.57889237e-01
   2.56775511e-01 2.64465294e-01 2.69861226e-01 2.75029825e-01
   2.71639798e-01 2.69076798e-01 2.66938671e-01 2.66890080e-01
   2.70609477e-01 2.75297186e-01 2.78982369e-01 2.76363685e-01
   2.73423063e-01 2.72702034e-01 2.76802053e-01 2.75822466e-01
   2.79861622e-01 2.81478555e-01 2.81861196e-01 2.90981601e-01]]] 
Error down: 
[[[7.96018782e-01 6.13239560e-01 4.75246655e-01 4.10594887e-01
   4.85541339e-01 4.56002277e-01 4.41577658e-01 4.27510972e-01
   5.73756121e-01 6.50480454e-01 6.09225407e-01 5.67652890e-01
   5.29699165e-01 4.96910294e-01 4.70836922e-01 5.87760946e-01
   5.57545458e-01 5.40352446e-01 5.21928465e-01 5.08736931e-01
   4.98814450e-01 5.27944553e-01 5.23595999e-01 5.18025125e-01
   5.33636737e-01 5.39465226e-01 5.31624593e-01 5.24050455e-01
   4.97807794e-01 5.28539531e-01 5.42062563e-01 5.41340188e-01
   5.30050504e-01 5.22546991e-01 5.17499428e-01 5.13920287e-01
   5.24624807e-01 5.27125813e-01 5.43369693e-01 5.48564083e-01
   5.55835874e-01 5.54666137e-01 5.45962562e-01 5.38829956e-01
   5.25887839e-01 5.29474884e-01 5.33042418e-01 5.27304861e-01]
  [2.34898274e-02 4.52876084e-03 4.32705761e-04 7.87415168e-05
   1.21860854e-04 7.08352364e-06 6.04870964e-07 1.79957202e-08
   3.85953630e-10 5.58755946e-12 5.50465393e-11 7.33867742e-13
   6.27195051e-12 7.73361374e-14 7.21311899e-16 5.32907052e-18
   0.00000000e+00 0.00000000e+00 0.00000000e+00 0.00000000e+00
   0.00000000e+00 0.00000000e+00 0.00000000e+00 0.00000000e+00
   0.00000000e+00 0.00000000e+00 0.00000000e+00 0.00000000e+00
   0.00000000e+00 0.00000000e+00 0.00000000e+00 0.00000000e+00
   0.00000000e+00 0.00000000e+00 0.00000000e+00 0.00000000e+00
   0.00000000e+00 0.00000000e+00 0.00000000e+00 0.00000000e+00
   0.00000000e+00 0.00000000e+00 0.00000000e+00 0.00000000e+00
   0.00000000e+00 0.00000000e+00 0.00000000e+00 0.00000000e+00]
  [4.43740879e-02 1.02825316e-02 3.73285721e-03 1.44693578e-03
   4.00682307e-04 4.92041891e-05 1.69382077e-05 1.80753806e-06
   1.14064847e-07 4.96123196e-09 2.15395889e-09 9.79008437e-11
   2.66752039e-11 1.32250856e-12 5.12944086e-14 1.60326767e-15
   5.29576383e-17 1.11022302e-18 0.00000000e+00 0.00000000e+00
   0.00000000e+00 0.00000000e+00 0.00000000e+00 0.00000000e+00
   0.00000000e+00 0.00000000e+00 0.00000000e+00 0.00000000e+00
   0.00000000e+00 0.00000000e+00 0.00000000e+00 0.00000000e+00
   0.00000000e+00 0.00000000e+00 0.00000000e+00 0.00000000e+00
   0.00000000e+00 0.00000000e+00 0.00000000e+00 0.00000000e+00
   0.00000000e+00 0.00000000e+00 0.00000000e+00 0.00000000e+00
   0.00000000e+00 0.00000000e+00 0.00000000e+00 0.00000000e+00]
  [4.79192474e-03 1.44092007e-03 3.84772172e-05 3.51409306e-06
   6.13595092e-06 1.97906722e-08 3.48481859e-09 7.43495274e-12
   5.51719698e-15 1.88737914e-18 6.08402217e-17 0.00000000e+00
   4.44089210e-19 0.00000000e+00 0.00000000e+00 0.00000000e+00
   0.00000000e+00 0.00000000e+00 0.00000000e+00 0.00000000e+00
   0.00000000e+00 0.00000000e+00 0.00000000e+00 0.00000000e+00
   0.00000000e+00 0.00000000e+00 0.00000000e+00 0.00000000e+00
   0.00000000e+00 0.00000000e+00 0.00000000e+00 0.00000000e+00
   0.00000000e+00 0.00000000e+00 0.00000000e+00 0.00000000e+00
   0.00000000e+00 0.00000000e+00 0.00000000e+00 0.00000000e+00
   0.00000000e+00 0.00000000e+00 0.00000000e+00 0.00000000e+00
   0.00000000e+00 0.00000000e+00 0.00000000e+00 0.00000000e+00]
  [1.05656589e-06 9.17032672e-13 0.00000000e+00 0.00000000e+00
   0.00000000e+00 0.00000000e+00 0.00000000e+00 0.00000000e+00
   0.00000000e+00 0.00000000e+00 0.00000000e+00 0.00000000e+00
   0.00000000e+00 0.00000000e+00 0.00000000e+00 0.00000000e+00
   0.00000000e+00 0.00000000e+00 0.00000000e+00 0.00000000e+00
   0.00000000e+00 0.00000000e+00 0.00000000e+00 0.00000000e+00
   0.00000000e+00 0.00000000e+00 0.00000000e+00 0.00000000e+00
   0.00000000e+00 0.00000000e+00 0.00000000e+00 0.00000000e+00
   0.00000000e+00 0.00000000e+00 0.00000000e+00 0.00000000e+00
   0.00000000e+00 0.00000000e+00 0.00000000e+00 0.00000000e+00
   0.00000000e+00 0.00000000e+00 0.00000000e+00 0.00000000e+00
   0.00000000e+00 0.00000000e+00 0.00000000e+00 0.00000000e+00]
  [1.91095993e-03 5.56248448e-04 2.04737247e-05 1.19175164e-06
   5.11359765e-07 1.62355646e-10 8.97056574e-11 1.56838992e-14
   6.66133815e-19 0.00000000e+00 0.00000000e+00 0.00000000e+00
   0.00000000e+00 0.00000000e+00 0.00000000e+00 0.00000000e+00
   0.00000000e+00 0.00000000e+00 0.00000000e+00 0.00000000e+00
   0.00000000e+00 0.00000000e+00 0.00000000e+00 0.00000000e+00
   0.00000000e+00 0.00000000e+00 0.00000000e+00 0.00000000e+00
   0.00000000e+00 0.00000000e+00 0.00000000e+00 0.00000000e+00
   0.00000000e+00 0.00000000e+00 0.00000000e+00 0.00000000e+00
   0.00000000e+00 0.00000000e+00 0.00000000e+00 0.00000000e+00
   0.00000000e+00 0.00000000e+00 0.00000000e+00 0.00000000e+00
   0.00000000e+00 0.00000000e+00 0.00000000e+00 0.00000000e+00]]

 [[4.03725809e-03 1.45039223e-03 1.44306149e-04 1.88411077e-09
   6.69693246e-11 1.08471396e-11 2.69474942e-10 0.00000000e+00
   0.00000000e+00 0.00000000e+00 0.00000000e+00 0.00000000e+00
   0.00000000e+00 0.00000000e+00 0.00000000e+00 0.00000000e+00
   0.00000000e+00 0.00000000e+00 0.00000000e+00 0.00000000e+00
   0.00000000e+00 0.00000000e+00 0.00000000e+00 0.00000000e+00
   0.00000000e+00 0.00000000e+00 0.00000000e+00 0.00000000e+00
   0.00000000e+00 0.00000000e+00 0.00000000e+00 0.00000000e+00
   0.00000000e+00 0.00000000e+00 0.00000000e+00 0.00000000e+00
   0.00000000e+00 0.00000000e+00 0.00000000e+00 0.00000000e+00
   0.00000000e+00 0.00000000e+00 0.00000000e+00 0.00000000e+00
   0.00000000e+00 0.00000000e+00 0.00000000e+00 0.00000000e+00]
  [3.92967610e-01 3.77566832e-01 3.02972500e-01 3.10711024e-01
   3.11416800e-01 2.96193355e-01 3.06848516e-01 3.05063489e-01
   3.16764192e-01 3.15124896e-01 2.95593320e-01 2.98777868e-01
   2.97218627e-01 2.90249466e-01 2.88281223e-01 2.91940790e-01
   2.89595161e-01 2.82247213e-01 2.87920570e-01 2.93156190e-01
   2.83915644e-01 2.93119558e-01 2.97147113e-01 3.00213415e-01
   2.98347750e-01 2.98229291e-01 2.95863251e-01 3.06762955e-01
   3.00561833e-01 3.00387894e-01 2.94377937e-01 2.87448880e-01
   2.86618943e-01 2.86517667e-01 2.91715164e-01 2.90877941e-01
   2.95456875e-01 2.87287855e-01 2.87363775e-01 2.88404857e-01
   2.89482610e-01 2.88686225e-01 2.89128147e-01 2.92008202e-01
   2.97963744e-01 2.96167763e-01 2.91713297e-01 2.94249768e-01]
  [6.05788342e-02 4.97406093e-02 2.12558875e-02 1.05189570e-02
   5.64335188e-03 2.82353418e-03 2.07504941e-03 8.05603886e-04
   2.50128097e-04 9.82828111e-05 1.88177983e-05 3.58916981e-06
   1.49155372e-06 6.31093416e-07 1.94537953e-07 5.75001277e-08
   5.72631980e-08 1.60323167e-07 1.84242366e-08 1.14794862e-09
   1.18721398e-10 5.98620665e-11 6.89617213e-11 7.42399876e-11
   5.85476360e-11 1.46001131e-11 1.32953152e-12 3.62476632e-13
   2.03686190e-13 3.70230329e-13 1.63421000e-13 8.15561083e-14
   2.99151273e-14 1.50036295e-15 5.00055156e-16 5.59552404e-17
   1.52100554e-17 5.55111512e-18 1.44328993e-18 0.00000000e+00
   0.00000000e+00 0.00000000e+00 0.00000000e+00 0.00000000e+00
   0.00000000e+00 0.00000000e+00 0.00000000e+00 0.00000000e+00]
  [4.06208354e-01 3.06947705e-01 2.93765352e-01 2.93275507e-01
   2.78184604e-01 2.78162044e-01 2.78878627e-01 2.79625611e-01
   2.70400556e-01 2.66699746e-01 2.56114987e-01 2.46768630e-01
   2.44081681e-01 2.41637942e-01 2.35603979e-01 2.31944049e-01
   2.27496243e-01 2.25500458e-01 2.19882661e-01 2.16671551e-01
   2.12740024e-01 2.16069012e-01 2.09660738e-01 2.05573179e-01
   2.03475984e-01 2.01445663e-01 1.98333573e-01 1.98414107e-01
   1.99152936e-01 1.95998027e-01 1.93748754e-01 1.93598510e-01
   1.89508375e-01 1.84927246e-01 1.82366378e-01 1.79544888e-01
   1.76305051e-01 1.72140645e-01 1.67245658e-01 1.61652430e-01
   1.58307876e-01 1.54461022e-01 1.51872414e-01 1.49717754e-01
   1.47756905e-01 1.44894046e-01 1.42676872e-01 1.38497240e-01]
  [5.10104911e-02 1.44385402e-02 5.09303148e-03 8.58688349e-04
   3.09506844e-04 5.84054714e-05 1.11945824e-05 3.45608307e-06
   8.12118735e-07 2.60159644e-07 6.84449242e-08 1.23782952e-08
   1.84221831e-09 5.30270071e-10 3.06925145e-10 7.62496648e-11
   1.19130242e-11 3.24978102e-12 5.82482761e-13 1.22083365e-13
   3.17777869e-14 1.71538326e-15 3.85412443e-16 1.20022712e-16
   2.73114864e-17 5.59552404e-17 3.80063766e-16 1.87627691e-16
   6.10622664e-17 1.24344979e-17 2.33146835e-18 4.44089210e-19
   0.00000000e+00 0.00000000e+00 0.00000000e+00 0.00000000e+00
   0.00000000e+00 0.00000000e+00 0.00000000e+00 0.00000000e+00
   0.00000000e+00 0.00000000e+00 0.00000000e+00 0.00000000e+00
   0.00000000e+00 0.00000000e+00 0.00000000e+00 0.00000000e+00]
  [3.16958769e-01 3.15229083e-01 2.94766157e-01 2.38941246e-01
   2.33386901e-01 2.26980447e-01 2.35863964e-01 2.15868952e-01
   2.26998677e-01 2.16836665e-01 2.06694046e-01 1.92538467e-01
   1.81582740e-01 1.77136642e-01 1.70409821e-01 1.62199060e-01
   1.58353236e-01 1.53383372e-01 1.47755895e-01 1.40576610e-01
   1.37796725e-01 1.38302128e-01 1.30014292e-01 1.24248219e-01
   1.17119754e-01 1.12071224e-01 1.06214327e-01 1.04763942e-01
   1.01395074e-01 9.88297420e-02 9.71608636e-02 9.37414426e-02
   8.82618958e-02 8.50864148e-02 7.96264954e-02 7.55971467e-02
   7.29005392e-02 6.78173515e-02 6.36422757e-02 6.07022178e-02
   5.80120742e-02 5.52322693e-02 5.30671615e-02 5.12289993e-02
   4.87901667e-02 4.77457054e-02 4.54912863e-02 4.41162619e-02]]

 [[2.61499869e-02 8.82863121e-03 1.62708114e-03 7.85644389e-04
   6.47996446e-05 6.20020168e-07 1.14795871e-09 2.74032139e-09
   9.93225094e-12 4.63462823e-15 5.21804822e-18 3.55271368e-18
   0.00000000e+00 0.00000000e+00 0.00000000e+00 0.00000000e+00
   0.00000000e+00 0.00000000e+00 0.00000000e+00 0.00000000e+00
   0.00000000e+00 0.00000000e+00 0.00000000e+00 0.00000000e+00
   0.00000000e+00 0.00000000e+00 0.00000000e+00 0.00000000e+00
   0.00000000e+00 0.00000000e+00 0.00000000e+00 0.00000000e+00
   0.00000000e+00 0.00000000e+00 0.00000000e+00 0.00000000e+00
   0.00000000e+00 0.00000000e+00 0.00000000e+00 0.00000000e+00
   0.00000000e+00 0.00000000e+00 0.00000000e+00 0.00000000e+00
   0.00000000e+00 0.00000000e+00 0.00000000e+00 0.00000000e+00]
  [1.04979682e-01 5.04162577e-02 2.40626737e-02 1.28246177e-02
   6.03868563e-03 4.21412833e-03 1.49417489e-03 2.53338172e-04
   2.28905481e-04 2.90467256e-04 4.59110564e-05 5.36229618e-06
   3.48221118e-06 1.08695630e-06 2.12833099e-07 1.28199693e-08
   5.38349047e-09 3.19490411e-10 2.38715392e-10 8.97885889e-12
   2.03751092e-12 2.88116781e-13 5.46392215e-14 2.60733050e-14
   1.13112578e-13 1.28885199e-13 3.89595634e-15 1.00586206e-16
   2.22044605e-18 0.00000000e+00 2.22044605e-19 0.00000000e+00
   0.00000000e+00 0.00000000e+00 0.00000000e+00 0.00000000e+00
   0.00000000e+00 0.00000000e+00 0.00000000e+00 0.00000000e+00
   0.00000000e+00 0.00000000e+00 0.00000000e+00 0.00000000e+00
   0.00000000e+00 0.00000000e+00 0.00000000e+00 0.00000000e+00]
  [4.06208041e-01 4.67847666e-01 5.18832161e-01 5.19942597e-01
   4.65449238e-01 3.96868306e-01 3.65122162e-01 3.75637239e-01
   3.46758345e-01 3.51586288e-01 3.48058139e-01 3.51760359e-01
   3.58977291e-01 3.61542002e-01 3.55936264e-01 3.58672807e-01
   3.61023858e-01 3.73805286e-01 3.80065511e-01 3.88097693e-01
   3.81075546e-01 3.76782874e-01 3.70042104e-01 3.57162649e-01
   3.56478836e-01 3.54439242e-01 3.51205618e-01 3.47174888e-01
   3.45754597e-01 3.47308965e-01 3.43479252e-01 3.40449469e-01
   3.39688369e-01 3.38380935e-01 3.42977641e-01 3.40957126e-01
   3.39042198e-01 3.35448071e-01 3.36242581e-01 3.37166944e-01
   3.36906673e-01 3.35485508e-01 3.30511727e-01 3.30574663e-01
   3.29857623e-01 3.22913820e-01 3.20078975e-01 3.22068533e-01]
  [1.25886323e-01 5.09801562e-02 2.68840877e-02 1.49036577e-02
   7.28169411e-03 5.25717279e-03 2.12031165e-03 3.95830850e-04
   2.51806410e-04 3.21765207e-04 6.84377446e-05 1.02339143e-05
   5.64367699e-06 2.95992528e-06 2.49837674e-07 2.24433076e-08
   6.05395885e-09 7.22114561e-10 1.02503473e-09 5.84663771e-11
   4.86139182e-12 1.33824804e-12 7.31640461e-13 2.49276399e-13
   9.69584379e-13 3.05620564e-13 1.70771106e-14 8.31840147e-16
   3.80806497e-17 1.55431223e-18 7.88258347e-18 3.33066907e-19
   1.11022302e-19 0.00000000e+00 0.00000000e+00 0.00000000e+00
   0.00000000e+00 0.00000000e+00 0.00000000e+00 0.00000000e+00
   0.00000000e+00 0.00000000e+00 0.00000000e+00 0.00000000e+00
   0.00000000e+00 0.00000000e+00 0.00000000e+00 0.00000000e+00]
  [1.80978989e-03 1.70974798e-05 7.28062942e-07 5.75836666e-10
   2.30172826e-10 4.47346604e-14 0.00000000e+00 0.00000000e+00
   0.00000000e+00 0.00000000e+00 0.00000000e+00 0.00000000e+00
   0.00000000e+00 0.00000000e+00 0.00000000e+00 0.00000000e+00
   0.00000000e+00 0.00000000e+00 0.00000000e+00 0.00000000e+00
   0.00000000e+00 0.00000000e+00 0.00000000e+00 0.00000000e+00
   0.00000000e+00 0.00000000e+00 0.00000000e+00 0.00000000e+00
   0.00000000e+00 0.00000000e+00 0.00000000e+00 0.00000000e+00
   0.00000000e+00 0.00000000e+00 0.00000000e+00 0.00000000e+00
   0.00000000e+00 0.00000000e+00 0.00000000e+00 0.00000000e+00
   0.00000000e+00 0.00000000e+00 0.00000000e+00 0.00000000e+00
   0.00000000e+00 0.00000000e+00 0.00000000e+00 0.00000000e+00]
  [1.38709815e-01 5.09967615e-02 2.85939075e-02 1.54890660e-02
   7.69812719e-03 5.46617504e-03 2.44827511e-03 5.03519968e-04
   2.78741768e-04 3.02370967e-04 7.83554425e-05 1.33910350e-05
   6.02499251e-06 4.60681618e-06 4.58756559e-07 5.65253121e-08
   1.40714575e-08 1.91122201e-09 2.10881899e-09 1.61060687e-10
   1.38084242e-11 3.33592987e-12 4.69363872e-12 1.06590638e-12
   2.43366055e-12 2.85516817e-13 2.39292040e-14 1.81239950e-15
   1.61353127e-16 8.88178420e-18 3.79696274e-17 3.88578059e-18
   3.33066907e-19 0.00000000e+00 0.00000000e+00 0.00000000e+00
   0.00000000e+00 0.00000000e+00 0.00000000e+00 0.00000000e+00
   0.00000000e+00 0.00000000e+00 0.00000000e+00 0.00000000e+00
   0.00000000e+00 0.00000000e+00 0.00000000e+00 0.00000000e+00]]

 [[2.60236699e-03 1.39010347e-04 4.85185409e-07 1.43627216e-07
   1.88397253e-08 1.08585101e-11 1.14419585e-15 0.00000000e+00
   3.21964677e-18 0.00000000e+00 0.00000000e+00 0.00000000e+00
   0.00000000e+00 0.00000000e+00 0.00000000e+00 0.00000000e+00
   0.00000000e+00 0.00000000e+00 0.00000000e+00 0.00000000e+00
   0.00000000e+00 0.00000000e+00 0.00000000e+00 0.00000000e+00
   0.00000000e+00 0.00000000e+00 0.00000000e+00 0.00000000e+00
   0.00000000e+00 0.00000000e+00 0.00000000e+00 0.00000000e+00
   0.00000000e+00 0.00000000e+00 0.00000000e+00 0.00000000e+00
   0.00000000e+00 0.00000000e+00 0.00000000e+00 0.00000000e+00
   0.00000000e+00 0.00000000e+00 0.00000000e+00 0.00000000e+00
   0.00000000e+00 0.00000000e+00 0.00000000e+00 0.00000000e+00]
  [3.32852983e-01 3.39752774e-01 3.10492466e-01 3.24370938e-01
   2.92709460e-01 2.94445602e-01 2.98406926e-01 2.92371265e-01
   2.75472818e-01 2.80395566e-01 2.67917917e-01 2.60037455e-01
   2.56601202e-01 2.56661796e-01 2.52789715e-01 2.50565306e-01
   2.49966506e-01 2.51633982e-01 2.45465220e-01 2.41869877e-01
   2.33040566e-01 2.25399853e-01 2.22202359e-01 2.17726904e-01
   2.12014449e-01 2.10812958e-01 2.08789774e-01 2.02821656e-01
   1.95947595e-01 1.92070886e-01 1.91286949e-01 1.88714821e-01
   1.88083057e-01 1.82697551e-01 1.78066349e-01 1.75079154e-01
   1.72282554e-01 1.68358247e-01 1.63414070e-01 1.59604585e-01
   1.57679342e-01 1.54531941e-01 1.49788439e-01 1.48070947e-01
   1.40659488e-01 1.38672284e-01 1.37238176e-01 1.35456379e-01]
  [6.85586142e-02 4.61483931e-02 1.92299988e-02 1.13648413e-02
   4.95848220e-03 2.65701375e-03 1.09564480e-03 6.63316344e-04
   3.08578355e-04 2.09511089e-04 5.53656497e-05 1.76659726e-05
   1.63470186e-05 1.74365885e-05 1.08775799e-05 3.65200659e-06
   2.06025799e-06 4.20482282e-07 6.37544269e-08 1.33045637e-07
   1.62386474e-08 4.67795857e-09 5.11114325e-10 1.12108736e-10
   1.57450902e-11 1.84068319e-12 4.94221241e-12 2.15401984e-12
   5.11188540e-13 5.27566320e-14 1.03845812e-14 1.53683375e-15
   4.52845149e-16 7.80770171e-16 1.01030295e-16 1.19904087e-17
   1.22124533e-18 1.11022302e-19 0.00000000e+00 0.00000000e+00
   1.11022302e-19 0.00000000e+00 0.00000000e+00 0.00000000e+00
   0.00000000e+00 0.00000000e+00 0.00000000e+00 0.00000000e+00]
  [4.12015943e-01 3.60630734e-01 3.62390074e-01 3.36610471e-01
   3.12324464e-01 3.09154173e-01 3.27292716e-01 3.19873479e-01
   3.26691109e-01 3.18354655e-01 3.13077190e-01 3.04094687e-01
   3.03464438e-01 3.00571417e-01 2.93871302e-01 2.99079489e-01
   2.92521938e-01 2.88440469e-01 2.90838614e-01 2.90924881e-01
   2.86218194e-01 2.94315280e-01 2.98155389e-01 2.92117819e-01
   2.94767026e-01 2.86173772e-01 2.91003019e-01 2.87131054e-01
   2.90517554e-01 2.94293100e-01 2.90215847e-01 2.89609966e-01
   2.88766565e-01 2.90573186e-01 2.90254415e-01 2.85460926e-01
   2.84603740e-01 2.79179932e-01 2.81843802e-01 2.87541422e-01
   2.85604470e-01 2.82713177e-01 2.83186399e-01 2.88202167e-01
   2.84381720e-01 2.89791751e-01 2.93901427e-01 2.90467772e-01]
  [4.98292394e-02 9.54926038e-03 2.18401096e-03 4.99214816e-04
   1.60527172e-04 2.92475031e-05 1.71824407e-05 5.46444301e-06
   9.86923483e-07 2.41738067e-07 1.91367437e-07 1.98713684e-08
   2.02110548e-09 6.06841308e-10 2.88556672e-10 4.12959193e-11
   1.46872548e-11 3.90224822e-12 3.75253561e-12 1.07180860e-12
   6.41191080e-13 9.42265055e-14 2.07548640e-14 2.17198056e-15
   3.04780387e-16 7.37188088e-17 4.10782519e-18 2.22044605e-17
   6.21724894e-18 1.33226763e-18 2.22044605e-19 0.00000000e+00
   0.00000000e+00 0.00000000e+00 0.00000000e+00 0.00000000e+00
   0.00000000e+00 0.00000000e+00 0.00000000e+00 0.00000000e+00
   0.00000000e+00 0.00000000e+00 0.00000000e+00 0.00000000e+00
   0.00000000e+00 0.00000000e+00 0.00000000e+00 0.00000000e+00]
  [3.69590040e-01 3.90096229e-01 3.67547449e-01 3.34054100e-01
   2.85793009e-01 2.99454995e-01 3.01192239e-01 3.18972348e-01
   2.91335589e-01 3.03903518e-01 3.03801211e-01 2.97071164e-01
   2.99882727e-01 2.92506132e-01 2.89182155e-01 2.83432306e-01
   2.76335843e-01 2.73231874e-01 2.82215776e-01 2.92578795e-01
   2.82523599e-01 2.80755724e-01 2.90951201e-01 2.89044132e-01
   2.90304621e-01 2.85758447e-01 2.78652657e-01 2.78199609e-01
   2.75751625e-01 2.74093791e-01 2.71887551e-01 2.73207090e-01
   2.71998220e-01 2.73290796e-01 2.73256007e-01 2.75836074e-01
   2.78735610e-01 2.79374514e-01 2.78799355e-01 2.80394966e-01
   2.76886016e-01 2.69564521e-01 2.71431638e-01 2.72408214e-01
   2.69756400e-01 2.69342607e-01 2.68201815e-01 2.73091783e-01]]

 [[1.51643892e-05 0.00000000e+00 0.00000000e+00 0.00000000e+00
   0.00000000e+00 0.00000000e+00 0.00000000e+00 0.00000000e+00
   0.00000000e+00 0.00000000e+00 0.00000000e+00 0.00000000e+00
   0.00000000e+00 0.00000000e+00 0.00000000e+00 0.00000000e+00
   0.00000000e+00 0.00000000e+00 0.00000000e+00 0.00000000e+00
   0.00000000e+00 0.00000000e+00 0.00000000e+00 0.00000000e+00
   0.00000000e+00 0.00000000e+00 0.00000000e+00 0.00000000e+00
   0.00000000e+00 0.00000000e+00 0.00000000e+00 0.00000000e+00
   0.00000000e+00 0.00000000e+00 0.00000000e+00 0.00000000e+00
   0.00000000e+00 0.00000000e+00 0.00000000e+00 0.00000000e+00
   0.00000000e+00 0.00000000e+00 0.00000000e+00 0.00000000e+00
   0.00000000e+00 0.00000000e+00 0.00000000e+00 0.00000000e+00]
  [2.44980931e-02 6.76413059e-03 3.35013415e-03 1.79235353e-03
   9.05907284e-04 5.88323719e-05 9.79251846e-05 4.08224688e-06
   8.83086358e-06 1.96628870e-05 2.18899842e-07 4.45687054e-10
   1.71634974e-10 1.51345789e-13 4.39537295e-16 1.11022302e-19
   0.00000000e+00 0.00000000e+00 0.00000000e+00 0.00000000e+00
   0.00000000e+00 0.00000000e+00 0.00000000e+00 0.00000000e+00
   0.00000000e+00 0.00000000e+00 0.00000000e+00 0.00000000e+00
   0.00000000e+00 0.00000000e+00 0.00000000e+00 0.00000000e+00
   0.00000000e+00 0.00000000e+00 0.00000000e+00 0.00000000e+00
   0.00000000e+00 0.00000000e+00 0.00000000e+00 0.00000000e+00
   0.00000000e+00 0.00000000e+00 0.00000000e+00 0.00000000e+00
   0.00000000e+00 0.00000000e+00 0.00000000e+00 0.00000000e+00]
  [1.17598559e-03 1.09478657e-06 6.03044978e-08 6.83208628e-08
   1.01881070e-11 0.00000000e+00 1.11022302e-19 0.00000000e+00
   0.00000000e+00 0.00000000e+00 0.00000000e+00 0.00000000e+00
   0.00000000e+00 0.00000000e+00 0.00000000e+00 0.00000000e+00
   0.00000000e+00 0.00000000e+00 0.00000000e+00 0.00000000e+00
   0.00000000e+00 0.00000000e+00 0.00000000e+00 0.00000000e+00
   0.00000000e+00 0.00000000e+00 0.00000000e+00 0.00000000e+00
   0.00000000e+00 0.00000000e+00 0.00000000e+00 0.00000000e+00
   0.00000000e+00 0.00000000e+00 0.00000000e+00 0.00000000e+00
   0.00000000e+00 0.00000000e+00 0.00000000e+00 0.00000000e+00
   0.00000000e+00 0.00000000e+00 0.00000000e+00 0.00000000e+00
   0.00000000e+00 0.00000000e+00 0.00000000e+00 0.00000000e+00]
  [2.44608175e-02 6.89197216e-03 3.26631610e-03 1.86416996e-03
   1.07357359e-03 1.09998835e-04 1.50492512e-04 6.34579597e-06
   1.59298841e-05 2.74128866e-05 2.94345717e-07 5.99416231e-10
   3.52105647e-10 2.82757884e-13 4.16888746e-16 0.00000000e+00
   0.00000000e+00 0.00000000e+00 0.00000000e+00 0.00000000e+00
   0.00000000e+00 0.00000000e+00 0.00000000e+00 0.00000000e+00
   0.00000000e+00 0.00000000e+00 0.00000000e+00 0.00000000e+00
   0.00000000e+00 0.00000000e+00 0.00000000e+00 0.00000000e+00
   0.00000000e+00 0.00000000e+00 0.00000000e+00 0.00000000e+00
   0.00000000e+00 0.00000000e+00 0.00000000e+00 0.00000000e+00
   0.00000000e+00 0.00000000e+00 0.00000000e+00 0.00000000e+00
   0.00000000e+00 0.00000000e+00 0.00000000e+00 0.00000000e+00]
  [4.40777420e-01 4.98540238e-01 5.88859301e-01 5.95088109e-01
   4.97340427e-01 4.30883997e-01 4.41598752e-01 4.70557166e-01
   4.58925404e-01 4.71603323e-01 4.61227462e-01 4.52924347e-01
   4.34615791e-01 4.26999995e-01 4.31093495e-01 4.26432126e-01
   4.13310249e-01 4.01102398e-01 3.93090888e-01 3.81353826e-01
   3.60670113e-01 3.59385985e-01 3.44761222e-01 3.28502871e-01
   3.16574121e-01 3.02058225e-01 3.00084593e-01 2.98548633e-01
   3.02679184e-01 2.99928393e-01 2.99088454e-01 3.09298849e-01
   3.09557889e-01 3.11795718e-01 3.14837311e-01 3.17001426e-01
   3.13950595e-01 3.18143061e-01 3.23015606e-01 3.23726036e-01
   3.26990394e-01 3.18991192e-01 3.22243837e-01 3.26985090e-01
   3.30299450e-01 3.31432578e-01 3.28804280e-01 3.32522350e-01]
  [2.34402258e-02 6.28571488e-03 2.87285623e-03 1.68238224e-03
   9.36981171e-04 8.93639914e-05 1.10013775e-04 4.35872236e-06
   1.21890852e-05 1.87956802e-05 1.88064670e-07 3.55611921e-10
   1.92666927e-10 1.43535356e-13 1.87849736e-16 0.00000000e+00
   0.00000000e+00 0.00000000e+00 0.00000000e+00 0.00000000e+00
   0.00000000e+00 0.00000000e+00 0.00000000e+00 0.00000000e+00
   0.00000000e+00 0.00000000e+00 0.00000000e+00 0.00000000e+00
   0.00000000e+00 0.00000000e+00 0.00000000e+00 0.00000000e+00
   0.00000000e+00 0.00000000e+00 0.00000000e+00 0.00000000e+00
   0.00000000e+00 0.00000000e+00 0.00000000e+00 0.00000000e+00
   0.00000000e+00 0.00000000e+00 0.00000000e+00 0.00000000e+00
   0.00000000e+00 0.00000000e+00 0.00000000e+00 0.00000000e+00]]

 [[1.03872218e-03 1.50907721e-04 4.64177300e-08 1.41527479e-07
   1.51732818e-11 0.00000000e+00 0.00000000e+00 0.00000000e+00
   0.00000000e+00 0.00000000e+00 0.00000000e+00 0.00000000e+00
   0.00000000e+00 0.00000000e+00 0.00000000e+00 0.00000000e+00
   0.00000000e+00 0.00000000e+00 0.00000000e+00 0.00000000e+00
   0.00000000e+00 0.00000000e+00 0.00000000e+00 0.00000000e+00
   0.00000000e+00 0.00000000e+00 0.00000000e+00 0.00000000e+00
   0.00000000e+00 0.00000000e+00 0.00000000e+00 0.00000000e+00
   0.00000000e+00 0.00000000e+00 0.00000000e+00 0.00000000e+00
   0.00000000e+00 0.00000000e+00 0.00000000e+00 0.00000000e+00
   0.00000000e+00 0.00000000e+00 0.00000000e+00 0.00000000e+00
   0.00000000e+00 0.00000000e+00 0.00000000e+00 0.00000000e+00]
  [3.01185770e-01 3.24911014e-01 3.38547001e-01 2.99666111e-01
   2.80962177e-01 2.65027903e-01 2.44789212e-01 2.55685058e-01
   2.27847551e-01 2.33218119e-01 2.26071982e-01 2.13977809e-01
   2.09280717e-01 1.96500121e-01 1.87673216e-01 1.82097371e-01
   1.74006117e-01 1.68028786e-01 1.65563574e-01 1.60514593e-01
   1.53082936e-01 1.46905702e-01 1.40095299e-01 1.35318985e-01
   1.33962668e-01 1.24748934e-01 1.16866839e-01 1.13175012e-01
   1.09480175e-01 1.04343959e-01 9.76460095e-02 9.26138894e-02
   8.79231282e-02 8.53640282e-02 7.98232104e-02 7.73583867e-02
   7.41217935e-02 7.06545597e-02 6.53118051e-02 6.38504226e-02
   6.17663932e-02 5.80166571e-02 5.47158063e-02 5.23064089e-02
   4.96813947e-02 4.75189897e-02 4.54966616e-02 4.36491610e-02]
  [7.70792250e-02 5.00997476e-02 2.24518985e-02 1.07403920e-02
   4.65090871e-03 3.76259048e-03 1.65305280e-03 6.87762570e-04
   5.93022786e-04 2.94185800e-04 1.25503894e-04 4.51764329e-05
   1.08757532e-05 2.44374305e-06 2.53418344e-07 3.82122592e-07
   2.74319587e-08 3.19829810e-09 5.39790534e-10 1.81312166e-10
   1.07730513e-10 1.69371309e-11 4.76058773e-12 1.32985790e-11
   2.37826524e-12 7.79159723e-13 1.98572594e-13 2.69724601e-14
   1.59222968e-14 7.08601420e-14 1.02957449e-14 8.41435107e-15
   1.26124457e-15 1.31003979e-15 2.01757718e-16 4.49640325e-17
   8.21565038e-17 8.43769499e-18 6.66133815e-19 3.44169138e-18
   7.77156117e-19 1.11022302e-19 0.00000000e+00 1.11022302e-19
   0.00000000e+00 0.00000000e+00 0.00000000e+00 0.00000000e+00]
  [3.72781040e-01 3.61008999e-01 3.47860817e-01 3.32129576e-01
   3.11163894e-01 3.06982964e-01 3.04709217e-01 3.08140061e-01
   3.07108692e-01 3.07218956e-01 3.05141832e-01 3.02193776e-01
   2.97400024e-01 2.98276343e-01 2.90782196e-01 2.85484932e-01
   2.83071613e-01 2.79169248e-01 2.73027511e-01 2.75051974e-01
   2.77645997e-01 2.75806357e-01 2.78081576e-01 2.77037707e-01
   2.77825380e-01 2.69185676e-01 2.68863981e-01 2.66718519e-01
   2.66431786e-01 2.66156343e-01 2.72270642e-01 2.73017125e-01
   2.73696674e-01 2.73050009e-01 2.70605615e-01 2.69987118e-01
   2.69114737e-01 2.70172440e-01 2.68315105e-01 2.67094087e-01
   2.66453283e-01 2.60279393e-01 2.59616552e-01 2.62722098e-01
   2.63705072e-01 2.65414868e-01 2.63421396e-01 2.66650349e-01]
  [5.52342225e-02 1.43284720e-02 3.40706426e-03 1.11800206e-03
   1.87393818e-04 5.76975863e-05 9.51563946e-06 2.21318950e-06
   3.98459338e-07 8.28039464e-08 2.63786427e-08 3.92292913e-09
   5.59033283e-10 1.27448012e-10 2.43612982e-11 4.62564340e-12
   7.86235550e-13 5.90143461e-13 3.50511829e-14 1.66195927e-14
   3.28699992e-15 4.96861714e-16 2.33842730e-16 3.41948692e-17
   5.35127498e-17 4.44089210e-18 2.22044605e-19 0.00000000e+00
   0.00000000e+00 0.00000000e+00 0.00000000e+00 0.00000000e+00
   0.00000000e+00 0.00000000e+00 0.00000000e+00 0.00000000e+00
   0.00000000e+00 0.00000000e+00 0.00000000e+00 0.00000000e+00
   0.00000000e+00 0.00000000e+00 0.00000000e+00 0.00000000e+00
   0.00000000e+00 0.00000000e+00 0.00000000e+00 0.00000000e+00]
  [3.91132380e-01 4.10084586e-01 3.59524792e-01 3.46809948e-01
   3.03979287e-01 3.00203625e-01 3.14796230e-01 2.99649420e-01
   3.13923164e-01 3.16920198e-01 3.07226040e-01 3.05631317e-01
   3.10581517e-01 3.17833501e-01 3.12928461e-01 2.96471277e-01
   2.92157434e-01 2.92214714e-01 2.93770431e-01 2.89369027e-01
   2.90227366e-01 2.90153156e-01 2.87618596e-01 2.91240943e-01
   2.90993455e-01 2.85335327e-01 2.85290801e-01 2.81452323e-01
   2.80849447e-01 2.77777160e-01 2.77046333e-01 2.78436809e-01
   2.80762459e-01 2.81312282e-01 2.88611329e-01 2.87038438e-01
   2.83018832e-01 2.83286113e-01 2.80254132e-01 2.83101820e-01
   2.85113431e-01 2.85959706e-01 2.83218005e-01 2.83430213e-01
   2.80598484e-01 2.80230846e-01 2.78844036e-01 2.74886392e-01]]] 
