Ehad energy: 
[   0.         0.         0.         0.         0.         0.
    0.         0.         0.         0.         0.         0.
    0.         0.         0.         0.         0.         0.
    0.         0.         0.         0.         0.         0.
    0.         0.         0.         0.         0.         0.
    0.         0.         0.         0.         0.         0.
    0.         0.         0.         0.         0.         0.
    0.         0.         0.         0.         0.         0.
    0.         0.         0.         0.         0.         0.
    0.         0.         0.         0.         0.         0.
    0.         0.         0.         0.         0.         0.
    0.         0.         0.         0.         0.         0.
    0.         0.         0.         0.         0.         0.
    0.         0.         0.         0.         0.         0.
    0.         0.         0.         0.         0.         0.
    0.         0.         0.         0.         0.         0.
    0.         0.         0.         0.         0.         0.
    0.         0.         0.         0.         0.         0.
    0.         0.         0.         0.         0.         0.
    0.         0.         0.         0.         0.         0.
    0.         0.         0.         0.         0.         0.
    0.         0.         0.         0.         0.         0.
    0.         0.         0.         0.         0.         0.
    0.         0.         0.         0.         0.         0.
    0.         0.         0.         0.         0.         0.
    0.         0.         0.        39.26898   17.79788    7.38536
    7.02246   32.47919   64.8131    31.16193   13.20388    4.03481
    9.17108    3.63476    2.02244    3.55355   18.38418    3.03042
    2.64366   12.23209    3.66204   10.07079    3.57701    3.69125
   34.12061   63.88527   11.35642    8.73648    8.61947    7.6659
    8.37857   11.83966    5.16845    9.25086    7.4713     9.0784
   23.72088    7.88921    4.66006    5.41884    9.79456    4.60385
  475.41223    7.23218   93.68114    4.40134   30.03498   22.96673
 1207.444     46.64842   37.50999    5.84121    5.6996   248.98662
   63.90039   11.93667  555.798     11.80535  746.4772    11.44353
  969.23224  360.53387   31.22202    6.80522   13.38583   51.7056
   14.44639    9.60394   29.58006   11.32444   44.28005    4.58086
    5.14872   17.28674    3.95681   11.9981     2.52031    4.6295
    3.79097    2.7022     4.49654    9.43702    7.75791    8.15041
   15.10206   12.26517   29.38068   27.4955    56.30806    8.97531
   21.28937   49.70313   28.12085    5.47793    9.53456   12.46115
   29.58825   18.69036   13.61433    7.19782   14.16904   25.15232
   22.07339]
 Eem energy: 
[  1.22068   0.71246   2.479     2.47953   2.2296    0.59852   2.14106
   2.92245   6.5635    7.62175   1.48004   8.23552   0.70333  18.08377
   2.03231  12.99179   0.50103  11.26964  22.08082   0.59789   0.68401
   0.73232   1.341     6.00381   0.64093   1.19742   0.66233   0.87946
   0.60042 235.72859  19.57136  30.12565 820.48309  14.87246   1.39642
  48.7481    0.83702   0.53526   0.51673  11.07213   0.64542   0.59732
   2.74468   1.43518   0.73796   0.77313   2.16238 165.70097   0.98296
   0.79201   3.19356   0.57912   0.60726   0.60389   1.32964   7.08028
   1.07854   3.0778    9.47088  14.06809   2.08784   0.73586   3.78454
  11.86009   3.55782   0.97124   1.88139   1.70963   2.01618  32.24552
  13.10736   2.84739   0.81483   2.12624  22.51831  36.08415   6.05219
   1.38892   0.60017  34.85701   6.19896 137.19395  12.6385  399.34854
  15.94355  27.56      6.67347  44.8526   19.08148   0.54405 136.68906
  12.84866  22.23417  25.34518   4.42685   4.99577  15.35922   7.01525
   3.37386  20.06302   3.36586   0.63951   1.28855   1.55167   0.93713
   0.58089   1.1511    1.22356   1.01283   4.44828  16.50652   2.3356
   0.7465    0.51454   0.53514   2.26394   5.98342   0.55132   0.72663
   2.64089   0.94503   0.58484   2.68757   2.79538   6.96222   0.659
   0.93496   0.62667   2.9729    0.68948   0.70619   0.70159   8.88789
   6.41542   1.40825   4.85803   6.94362   9.95264  12.56138   4.27521
   1.20562   3.49977  12.71267   0.63797  18.03378   1.53688   9.76281
   0.78676   3.40251   8.67632   5.94577   5.59258   5.63284   0.
   0.        0.        0.        0.        0.        0.        0.
   0.        0.        0.        0.        0.        0.        0.
   0.        0.        0.        0.        0.        0.        0.
   0.        0.        0.        0.        0.        0.        0.
   0.        0.        0.        0.        0.        0.        0.
   0.        0.        0.        0.        0.        0.        0.
   0.        0.        0.        0.        0.        0.        0.
   0.        0.        0.        0.        0.        0.        0.
   0.        0.        0.        0.        0.        0.        0.
   0.        0.        0.        0.        0.        0.        0.
   0.        0.        0.        0.        0.        0.        0.
   0.        0.        0.        0.        0.        0.        0.
   0.        0.        0.        0.        0.        0.        0.
   0.        0.        0.        0.        0.        0.        0.
   0.     ]
 Eta: 
[-4.19086 -4.108   -3.78245 -2.78144 -2.07512 -1.87195 -1.81511 -1.81535
 -1.81354 -1.70745 -1.55435 -1.55028 -1.5385  -1.52698 -1.5038  -1.50236
 -1.40811 -1.39619 -1.39646 -1.24969 -0.9689  -0.92993 -0.90846 -0.90311
 -0.86984 -0.75707 -0.7403  -0.68693 -0.59815 -0.54734 -0.55578 -0.5315
 -0.52919 -0.5301  -0.53806 -0.5289  -0.50762 -0.51035 -0.45915 -0.45209
 -0.4283  -0.41167 -0.40715 -0.39951 -0.36976 -0.33725 -0.30894 -0.28603
 -0.21538 -0.1736  -0.16822 -0.14574 -0.12622 -0.1326  -0.11231 -0.10676
 -0.10526 -0.10128 -0.08624 -0.07626 -0.07106 -0.07895 -0.06566 -0.06425
 -0.06145 -0.06876 -0.05528 -0.03821 -0.04722 -0.03946 -0.0438  -0.03284
 -0.02619 -0.03326 -0.02386 -0.01872 -0.02626 -0.01771 -0.02425 -0.00474
 -0.01148 -0.00124 -0.01119  0.00837  0.00735  0.00398  0.02211  0.02836
  0.03965  0.04358  0.07722  0.08382  0.07664  0.09672  0.09337  0.11305
  0.10842  0.1317   0.13361  0.13501  0.14438  0.14327  0.15511  0.15281
  0.16825  0.26385  0.28023  0.31337  0.31527  0.36503  0.42589  0.50221
  0.54691  0.58311  0.59763  0.61434  0.63546  0.65403  0.66045  0.69321
  0.72327  0.77778  0.79809  0.82806  2.29643  2.44938  2.5741   2.67634
  2.67405  2.75323  3.12295  3.0883   3.17027  3.28405  3.21606  3.43728
  3.60031  3.55776  3.49687  3.65024  3.73056  3.97802  4.05789  4.01939
  4.15451  4.41147  4.52956  4.69699  4.64605  4.88214  4.98558  4.80017
  4.70801 -4.80646 -4.37906 -4.31336 -4.20537 -3.94367 -4.04251 -3.9276
 -3.10666 -3.01019 -3.14747 -2.84791 -2.34387 -2.03814 -1.90996 -1.94407
 -1.82171 -1.78149 -1.72656 -1.77731 -1.70014 -1.7272  -1.64681 -1.58635
 -1.53933 -1.52034 -1.49247 -1.42713 -1.49291 -1.42194 -1.28486 -1.07719
 -0.90875 -0.91547 -0.89922 -0.85076 -0.70483 -0.72135 -0.69122 -0.62401
 -0.53668 -0.59202 -0.58612 -0.40741 -0.39529 -0.31122 -0.23796 -0.25945
 -0.11174 -0.1467  -0.17813 -0.04499 -0.01914 -0.03896 -0.06938 -0.01126
  0.02702  0.06726  0.087    0.05438  0.19007  0.1643   0.12456  0.11258
  0.31416  0.45374  0.4238   0.59399  0.57407  0.66585  0.74299  0.79762
  0.86734  0.91684  1.94472  2.9528   2.85138  2.92734  2.96248  3.15978
  3.14321  3.14537  3.46722  3.50404  3.54493  3.83845  3.72765  3.78524
  4.07664  4.08899  3.94214  4.2042   4.48278  4.65504  4.60552  4.50059
  4.65126  4.66295  4.56572  4.74979  4.8164 ]
 Phi: 
[ 2.13338  0.43659  3.12709 -2.61676  0.28511 -2.32023 -0.15171  0.28379
  0.38244  0.59611 -1.31901 -1.26458 -1.41712  0.60404 -1.30558  0.60899
 -2.78857  0.65481  0.66602  1.20096  0.35311  1.58372  0.28378  0.26342
  0.0559   1.83868  1.65895  0.14813 -0.05023  0.37892  0.40687 -1.01104
 -0.9895   0.40227  0.81556  2.0462   0.29532  1.62256  0.21059  1.67568
  1.3863  -2.36459  1.66311  0.2874   1.68676  1.27876 -2.31185  1.54604
 -2.23753 -2.48412  1.47194 -2.93353 -2.54082  1.82108 -3.03443 -2.97433
 -2.58679 -2.99943 -2.98913 -2.97191 -2.38649  1.51271 -3.02394 -3.00418
 -3.00138  0.42011  1.66196 -2.98061 -2.4186  -0.37954 -0.30704 -3.10308
 -2.41664 -0.40097 -0.34996 -0.33323 -0.33159 -0.28871  3.08335 -0.34953
 -0.34311 -0.31418 -0.30457 -3.10541  1.32727  1.35094 -3.11714  1.33781
 -3.10376 -2.33679 -3.10838 -3.0996  -1.75371 -3.11358 -3.09772 -3.13251
  3.13395 -3.12116 -3.0789   3.12094 -3.128    1.39481  1.89389  3.13813
  3.10476  1.65226  1.75692 -2.95234  1.413    1.35653  1.25718  1.19963
  1.40405  1.48123  1.14334  1.22934  1.21884  1.0433   1.95104  1.41173
  1.78514  1.14664  1.68835  1.77401  0.89787  3.12649  2.04644 -1.76561
  0.22883 -2.25284 -0.65924  2.36765  0.82416  1.33457  2.55239  0.92374
 -2.86108 -2.7081   1.12233 -2.18997 -1.32936  2.93834 -1.31205 -0.19284
  0.27551 -2.88727 -1.13099 -0.89513 -0.67466 -2.88071 -2.63258 -1.94582
  1.51946  1.42022 -2.22951  0.20059  0.83808 -2.21754 -1.09507 -0.09601
 -1.27456  0.30849  2.80655  1.15889  3.12984 -0.39808 -0.446    0.02745
  2.70994 -0.01129  0.08623  0.39544  0.81654  2.5752   0.5657   0.6294
  0.74926  1.02373 -1.26473  0.3045   0.44951  0.81579  0.57372  0.5021
  0.06555  0.32245  0.28218  0.46844 -0.02669  0.20665  0.36001  1.27435
  0.39441  1.68098  2.00764  1.05014  1.46668  1.70974  1.48364  1.68703
 -2.99487 -2.90127 -2.34884 -3.00489 -2.82106 -0.36591 -0.30985  1.24452
 -3.09671 -2.91242 -1.81668  1.32037 -2.98248  1.15511  1.49612  2.98887
  2.65727  1.06756  1.32293  1.16988  1.39482  1.66938  1.42885  1.59272
  1.70332  2.55376  2.26642 -1.36743 -0.70917  0.73943  2.21589 -2.25375
 -0.13461  2.01572 -1.85794 -2.59466 -2.27315 -0.90283  0.39926  0.81711
 -1.82982  0.0232   0.37989 -2.75706 -1.67073 -1.41716 -0.54703 -0.05072
  0.61495  0.74168  1.92688 -1.1682  -0.15913]
 -------------- -------------- 

 Track energy: 
[ 21.93212 292.43332   0.56314   2.29489   7.2206    6.12475   1.15479
   6.68867  23.83085  32.30564  18.7416   42.35488  42.69466   1.14608
   0.58293   0.97451   0.83444   1.66623   1.42455   4.43022   2.98507
   4.02483   2.08861   0.27069   7.04492   0.21152   9.3024    1.84927
   4.22846   2.04086   1.18309   1.2886    2.33038   0.82639   5.6055
   7.95398   1.6435    0.31787   0.29399  23.72234   0.28979   2.83714
   3.72206   5.34542   2.95067   0.41896  24.64546 165.27126  22.86468
  47.76942   0.98629   1.18979  12.72748   1.07629   0.71524  11.55223
  46.91281  19.83107   2.93645  18.69977   4.85286 274.05878 153.20143
 261.9017    0.51881   8.35674   2.29654  12.65798  23.60837  23.5425
 219.50328 183.54637  11.60849  99.83469  38.01316  15.43292  72.57288
   1.06214  14.29191   0.48474   0.51684   4.81113   0.89258   0.70299
   0.59842   3.91398   1.71484   1.58399   2.87942   2.43476   0.58877
   4.6949    0.51904   1.00101   5.10395   3.35777   0.82068   6.97355
   0.55283   5.68248   0.99946   4.46678   5.69146   1.05882   1.11085
   0.67705   0.91867   0.22033   4.10409   1.15141  91.68329  83.95592
  43.31419  30.73416  25.17498  16.68477   0.26224   2.37701   9.34165
   3.03649   7.32847   1.53023   2.77364   4.92297  15.67941   2.87168
   2.94064 131.2438  109.82793   7.88575  20.54086   4.75768   7.97135
   1.02186  18.52703  10.50136  67.27438   0.22175   3.14082  25.40881
  22.13093   2.03221   0.99359   0.35868   0.52622   1.91552   3.57692
   7.35398  27.65211 202.51485   0.8104    8.89504   5.9152    8.43645
  13.42701   9.18484  30.53651   5.43466  45.37241   0.87876   0.4529
  90.06665  45.68     52.08254   5.41824  37.02937   1.76039   0.69648
   0.54268  50.8901  126.24453  74.59688   6.05134   0.52557   0.9786
   0.49213   0.24813   1.14892   0.33927   1.40834   1.39777   1.37296
   0.75623   0.19145   1.51465   2.74818   2.42007   1.60867   3.54051
   1.91333  10.49095   3.55767   8.81883   2.05109   1.18155   5.82823
  61.09695  62.55017 101.1656    0.3704    0.35779   0.99151  25.21279
 285.01358]
 Track Eta: 
[ 0.02027  0.06699 -2.04019 -1.50136 -1.53855 -0.53583 -0.60537  0.4273
 -0.10015  0.08862  0.06058  0.08696  0.08801  0.31645  1.89921 -0.96534
 -0.32715 -1.6516  -1.131   -1.50099 -1.71139 -1.7202  -1.44513 -1.8781
  0.17727 -0.88689  0.56941 -0.83393 -0.78277  0.30854  0.63794  0.90135
 -0.05227 -1.51857 -1.40885  0.07451 -0.15617  1.81851  0.79903 -0.56622
 -1.23764 -1.23105 -0.93651 -0.80046 -0.79587 -0.9049  -0.55181 -0.2848
 -0.08085 -0.09038  0.29491 -0.01467  0.14499  0.57082 -0.88108 -0.55277
 -0.53909  0.13211 -0.17267 -0.08456  0.43888 -0.28843 -0.28548 -0.28532
 -0.55762 -0.0426  -0.04676 -0.11353 -0.05548 -0.03643  0.07203  0.07079
  0.08532  0.08959  0.07218 -1.57069 -0.01864 -0.59901  0.03723 -1.71381
  1.4936  -1.43543  0.70991 -0.27775 -0.57086  0.16728  0.68405  1.11116
  0.51836  0.19531 -0.75672 -0.54985 -0.61122 -0.18248 -0.91275 -0.80537
  0.34647  0.73956  0.2929   0.73919  1.24162  0.02759 -0.28885 -0.18318
  0.21908 -1.9046   1.08961 -1.01179 -0.10349  0.1246   0.01003  0.01364
  0.0133  -0.05712 -0.05108 -0.06268 -1.41086 -0.83151 -0.81289 -0.87971
 -1.02221 -0.62546 -0.45718 -0.60387 -0.29827 -0.3673  -0.32441 -0.5315
 -0.07238 -0.05884 -0.0552  -0.00597 -0.06903 -0.02837 -0.07085 -0.0621
  0.02301 -0.33453  0.17206  0.1114   0.11437 -0.42415 -0.2065  -1.00373
  0.6693   0.27783  0.79181 -0.59372 -0.54634 -0.28621 -1.09495 -0.08405
 -0.12388 -0.02287 -0.08365 -0.052   -0.076   -0.0555   0.07835 -0.10721
  0.05839 -0.0156  -0.02085 -0.00962 -0.01933 -0.01074 -0.86252 -1.08313
 -0.54201  0.03999  0.03559  0.03844  0.03571 -0.39651 -1.74383  0.5525
  0.13601  0.45072  0.12674  0.54541  0.176   -0.08556 -0.03736 -0.60406
  0.74944  0.9141  -0.00364 -0.12023 -1.4974  -1.75998 -1.6499  -1.62875
  0.5647   0.60827  0.59975 -0.19296  0.00825  0.00715  0.00531  1.05819
 -1.7147  -1.64194 -0.30256 -0.52565]
 Track Phi: 
[ 1.33279 -1.75393  0.13892  0.85486  0.66709  1.68482  1.42734  1.26893
 -2.97262 -3.05592 -3.0274  -3.08695 -3.12434  0.85504  2.60955 -1.1839
  2.52171 -0.87995  0.712    0.6444   0.45597 -0.24626  0.39385  0.2049
  1.47397  1.43332  1.28292  0.60075  0.22013  1.34413  1.68026  2.73509
  1.25649  0.64207  0.72424 -1.80335 -1.60369  2.87436  2.50341  0.388
  3.04077  0.43045  0.25459  0.32722  0.07859  0.61846  0.40648  1.53901
 -2.99261 -2.99672  0.28946  2.67071  3.12554  1.57123 -1.50133  0.42609
  0.37661 -3.11252 -2.3723  -2.95124  1.17611  1.53923  1.54132  1.5425
  2.22098 -2.86082 -3.11124 -2.98803 -0.28224 -0.27055 -1.74959 -1.75236
 -3.09668 -3.11033 -3.10229  0.62805 -0.3255   1.78984  1.3374   1.73446
 -2.39682 -1.37646  1.02761  2.07508  1.40971  1.55145  1.83248  2.15235
  1.23392  1.37933  1.35874  0.43324  1.71174  1.13742  0.11008  0.19667
  0.59885  1.65935  2.00434  1.62258  2.17904  1.37695  1.54505  1.57973
  1.66911  0.59499 -0.96582  1.90206 -2.42257 -2.31757 -3.10391 -3.11204
 -3.09334 -0.28271 -0.30306 -0.29748 -0.5237   0.34314  0.27761  0.16945
  0.36789  0.28305  0.44964  0.36746  1.57421  1.53406  1.52087  2.06818
 -2.98414 -2.97646 -2.97096 -2.84513 -3.04388 -3.07189 -2.99578 -3.00522
  1.35516 -2.59759 -3.12669 -3.13307  3.1139   1.30226  1.53235  1.51204
  1.58915  1.61278  1.62625  0.42143  0.43893  1.54207  1.98984 -2.90768
 -2.96147 -0.30548 -0.27728 -0.28051 -0.30501 -0.32987 -3.10941 -0.10706
  0.27217 -0.33101 -0.33438 -0.33157 -0.2895  -0.33075  1.93684 -1.94156
 -2.85212  1.33373  1.33827  1.34334  1.35918  1.82205  0.4106   1.83083
  1.16174  0.68899  0.8915   1.21918  1.30352  1.19389  0.4885   1.16951
  1.39534  1.68185  1.37291  1.20677  0.60019  0.68076  0.63352  0.70078
  1.25958  1.27466  1.00822 -2.36933 -3.09879 -3.10519 -3.10009 -2.61173
  0.05398  0.06926  1.52583 -0.99371]