Ehad energy: 
[   0.         0.         0.         0.         0.         0.
    0.         0.         0.         0.         0.         0.
    0.         0.         0.         0.         0.         0.
    0.         0.         0.         0.         0.         0.
    0.         0.         0.         0.         0.         0.
    0.         0.         0.         0.         0.         0.
    0.         0.         0.         0.         0.         0.
    0.         0.         0.         0.         0.         0.
    0.         0.         0.         0.         0.         0.
    0.         0.         0.         0.         0.         0.
    0.         0.         0.         0.         0.         0.
    0.         0.         0.         0.         0.         0.
    0.         0.         0.         0.         0.         0.
    0.         0.         0.         0.         0.         0.
    0.         0.         0.         0.         0.         0.
    0.         0.         0.         0.         0.         0.
    0.         0.         0.         0.         0.         0.
    0.         0.         0.         0.         0.         0.
    0.         0.         0.         0.         0.         0.
    0.         0.         0.         0.         0.         0.
    0.         0.         0.         0.         0.         0.
    0.         0.         0.         0.         0.         0.
    0.         0.         0.         0.         0.         0.
    0.         0.         0.         0.         0.         0.
    0.         0.         0.         0.         0.         0.
    0.         0.         0.         0.         0.         0.
    0.         0.         0.         0.         0.         0.
    0.         0.         0.         0.         0.         0.
    0.         0.         0.         0.         0.         0.
    0.         0.         0.         0.         0.         0.
    5.54521   36.15311   11.24259    5.46995    5.32647   25.60462
   18.04328    4.53002    4.14742    4.57837    8.49445    4.84534
  263.60788   12.4477     2.83243    3.88921    5.20519    5.01193
    5.65579   11.47491    6.53833   12.07072    6.11197   15.01321
    4.15898    7.20875    5.02726    5.14239    4.70848    9.72529
    8.58224   26.34685    5.10847   65.20805   32.59403    6.1365
   84.02613 1095.1205     7.66549  674.0235     8.74865    3.878
    6.68357    5.02055   27.56308    8.93347  128.69379  934.38934
    7.4181    10.89683  319.4862     6.82572  177.14745    9.16134
   13.87385    4.42397    6.91068    7.07966    5.23527    7.66476
    3.97749    3.6634     3.00665    3.00144    9.33729    5.07108
    8.89919   12.12196    8.30488    9.48528   30.62363   18.64952
   31.87063   18.23711   53.07186   64.09345   28.36624    0.     ]
 Eem energy: 
[  15.04829    7.97835    1.97688    6.75703    9.64123   12.4267
    2.11263    3.52411    2.01924    9.55535    3.19431    6.87178
   16.41745   13.88602    3.39323    6.53946    2.29328    1.68959
    4.303      1.17997    1.22687    2.4116     2.88344    7.03888
    1.06039    1.92827    1.14362   14.55027    0.79725   12.14458
    6.69979   12.226     18.56807    2.29987   10.26382    4.22967
    1.07934    4.80387    1.07626    0.94179    1.59163    1.19061
    0.85645    0.85       1.2903     0.5573     1.55213   31.1443
    0.76849    0.84439    0.64722    0.58379    0.51666    2.31128
    2.38049    4.51504    0.55366   17.91933   12.1686     2.24354
    7.49124    3.52181    2.46356    0.96401    9.56758    3.55391
    0.69722    2.95205    4.71006    0.59067    1.05078    3.97366
    1.6724    17.032      7.8033     8.06396    2.43821    3.11174
    6.14127    2.83474    8.16083    6.50246   65.65145   11.26148
    1.61568   29.31421   25.38615  334.37164    0.54617    1.28756
 1173.88904    1.02337    1.98366    2.60668    1.98342   13.70099
  240.19954    0.9632     5.28078   10.70849    0.99709    2.96266
    1.86553    1.86615    0.85803    0.6657     3.31114    5.89687
    5.96615   10.61697    2.54265    0.99307    8.56177    1.251
    2.0253     5.66299    9.50644   16.16714   13.00012    9.86001
   22.89392    0.80931    4.37863   23.31228    1.5994     0.96611
    4.5786     2.2444     1.36722    1.45419    0.76449    7.32135
    3.16192    0.55387  124.41979  200.94577    4.10166    9.03664
   27.52117   67.2566     4.44455    8.07899    0.6121     1.62519
    3.08384    4.34529    1.51163    5.07027    3.70783    3.41091
    3.13262    1.3679     5.33273    0.58016    0.673      1.03684
    0.77094    1.63703    1.71251    0.5904     9.22149    1.33548
    1.54989    0.59915    4.3921     1.77566    5.63375    3.01765
    2.79882    0.57881    3.15081   32.19051    0.8655    12.67592
    1.20701    0.79042    1.01751    1.07152   33.79328    4.25684
    0.         0.         0.         0.         0.         0.
    0.         0.         0.         0.         0.         0.
    0.         0.         0.         0.         0.         0.
    0.         0.         0.         0.         0.         0.
    0.         0.         0.         0.         0.         0.
    0.         0.         0.         0.         0.         0.
    0.         0.         0.         0.         0.         0.
    0.         0.         0.         0.         0.         0.
    0.         0.         0.         0.         0.         0.
    0.         0.         0.         0.         0.         0.
    0.         0.         0.         0.         0.         0.
    0.         0.         0.         0.         0.         0.
    0.         0.         0.         0.         0.         0.     ]
 Eta: 
[-4.99167 -4.83822 -4.52989 -4.45494 -4.27284 -4.33493 -4.21504 -4.16005
 -4.11072 -3.96605 -3.84996 -3.90567 -3.81918 -3.49159 -3.52434 -3.38456
 -3.4326  -3.3026  -3.16734 -3.27551 -2.9999  -2.96677 -2.94823 -2.85938
 -2.48921 -2.18777 -2.10973 -2.09947 -2.08633 -1.99233 -1.97498 -1.97637
 -1.96603 -1.90952 -1.9042  -1.88815 -1.88543 -1.85347 -1.77913 -1.74084
 -1.70378 -1.67172 -1.6078  -1.4904  -1.25133 -1.17617 -1.02107 -1.0087
 -0.93412 -0.86054 -0.85624 -0.7108  -0.67905 -0.6777  -0.64104 -0.60147
 -0.34205 -0.31838 -0.32103 -0.30626 -0.30131 -0.2964  -0.31061 -0.28519
 -0.27876 -0.27476 -0.27522 -0.27269 -0.24589 -0.2496  -0.25571 -0.25869
 -0.23019 -0.2352  -0.23557 -0.24279 -0.21634 -0.18202 -0.17422 -0.17746
 -0.17032 -0.1576  -0.16483 -0.16622 -0.15737 -0.13927 -0.14309 -0.1457
 -0.13757 -0.11762 -0.09649 -0.05563  0.0364   0.03749  0.06066  0.08363
  0.08103  0.08822  0.09527  0.10362  0.11692  0.13434  0.22576  0.24026
  0.25676  0.2629   0.28306  0.3236   0.34756  0.36326  0.36939  0.37985
  0.38965  0.39206  0.40313  0.42707  0.43462  0.4479   0.44406  0.46689
  0.4564   0.45997  0.47225  0.47949  0.54882  0.54295  0.56154  0.5903
  0.58747  0.60346  0.65616  0.67426  0.67714  0.67369  0.6827   0.68823
  0.6794   0.70396  0.71273  0.70803  0.70062  0.71223  0.72479  0.71958
  0.72922  0.74521  0.79275  0.81398  0.8392   0.84501  0.8781   0.90148
  0.90942  1.11692  1.14185  1.19985  1.37714  2.02906  2.20493  2.5665
  2.68256  2.80365  2.93793  2.98821  3.05963  3.42152  3.36959  3.43671
  3.37005  3.48802  3.5278   3.48395  3.48236  3.68023  3.85072  3.98392
  4.10801  4.33179  4.46845  4.37928 -4.84047 -4.32598 -4.32705 -4.45424
 -3.99684 -3.90831 -3.87659 -3.30691 -3.13787 -3.17178 -2.55569 -2.21242
 -1.9927  -1.82897 -1.82905 -1.77336 -1.77022 -1.63658 -1.30822 -1.37538
 -1.37106 -1.02743 -0.92692 -0.91565 -0.90913 -0.86715 -0.74704 -0.6125
 -0.32844 -0.32175 -0.33163 -0.36413 -0.35624 -0.28025 -0.27886 -0.21956
 -0.22976 -0.13745  0.08273  0.04913  0.11341  0.14071  0.22632  0.24453
  0.39944  0.3329   0.3723   0.48266  0.42975  0.49897  0.62229  0.73724
  0.75977  0.87689  0.88944  0.85944  0.98148  0.9184   1.03635  1.15885
  1.59018  2.02012  2.3038   3.00198  3.23334  3.38929  3.66282  3.55846
  3.87087  3.84841  3.74523  3.92224  4.08049  4.08729  4.27172  4.55025
  4.79668 -0.81815]
 Phi: 
[ 0.02288  0.5283   2.85052  1.12846 -2.95969 -2.26978  0.88133  0.22665
  0.50396 -1.94092  2.05815  2.77723 -0.89711 -0.33857  0.0635   1.20302
  1.55444  2.5178  -2.66082  0.77692  0.93781  1.75168  0.38195  0.1194
  2.55372 -2.90022  3.07665 -2.82938 -0.76914 -2.89228 -2.79698 -2.78242
 -2.81157 -2.83128 -2.72525 -2.74665 -1.6078  -2.76285  0.82964 -1.20101
  0.54315  1.48863 -3.01999  1.13952 -2.26055 -2.23172 -2.02161 -2.12059
 -1.89425 -2.31438  2.29003 -0.62471  0.9153  -0.76861 -0.52356 -0.47156
 -0.38268  1.46238  1.49939  1.47845  1.49762  1.51485  1.53647  0.08285
  1.46797 -3.02863  0.57283  1.4552  -0.38737  0.35056  1.32473  1.51142
 -0.3669  -0.35882  1.52581  1.54881  1.43786 -0.38079  0.25607  0.32561
  0.26026  0.27409  0.28347  0.30025  0.37003  0.24858  0.2752   0.28516
 -0.13203 -0.27929  0.99649  1.70767 -0.05914 -0.00417 -0.06046 -0.09677
 -0.08114 -2.95781 -0.11619 -0.08359 -0.00409 -0.23765 -2.08134 -2.01016
 -0.06888 -1.89516 -1.97706 -3.07526 -3.05941 -2.01794  3.04342  3.13322
 -3.06409 -3.0281  -3.08274 -3.06656 -2.89131 -2.90612 -2.89653 -2.92411
 -2.8913  -2.1506  -2.88052 -2.86579 -1.81668  0.21562 -2.14021 -2.10188
  3.10454 -1.93994 -1.9977  -2.0365  -2.00185  0.50397 -2.01768 -1.99614
 -1.96292 -2.02891 -1.99956 -1.96494 -1.95343 -1.93601 -2.51623 -2.02154
 -1.9984  -1.93795 -2.03949 -2.14919 -2.12973 -2.09575 -2.12091 -2.58735
 -2.1486  -0.58436 -2.31099  3.0835   0.56513  2.42661  2.33527  0.09516
 -2.51825  2.10417 -0.41289 -2.66454  3.08455 -2.95122 -1.74324 -0.0294
  2.64268 -0.13632  0.51912  2.63036  2.81623 -2.13201 -2.20682  3.00584
  1.58119  2.78223 -2.60558 -0.4103  -2.05991 -2.73875 -0.76894  2.39629
 -1.99965 -1.41233 -2.23889  0.83548 -3.10491  2.68438 -2.1453   2.49509
 -2.8896  -2.52852 -1.06348 -3.11777 -2.27277  0.76605 -0.73035 -0.01607
  0.0709  -2.65831 -2.6482  -2.58674 -2.2109  -1.14874 -2.77098 -0.25258
 -0.43216 -0.17492  1.56906  1.58073  1.80244 -0.45582 -0.19849  1.37107
  1.42946  0.24649 -0.30486 -0.09508 -1.90718  0.06777 -2.83599  3.02676
 -3.06963 -2.80464 -1.97635 -2.89344 -2.4315   3.0675  -2.06132 -2.14232
 -2.02983 -2.17396  2.70431  2.86095 -2.38822  2.65382  2.95058  2.81146
  0.66031  0.13599  2.77178  1.32806  0.51544 -1.75579  0.08542  1.45563
  1.05671  2.63368  2.94074 -2.4227  -0.97686  2.17684  1.85053  1.9919
  0.21426  2.80821]
 -------------- -------------- 

 Track energy: 
[   5.32883   52.04755   25.71579   31.71056  347.71292   19.63493
   15.22033    1.66183    1.11804    2.53376    0.88007    0.47879
    1.36706    6.25525    0.73232    1.25053    1.24636    0.55134
    0.62386    0.93601    0.63995    0.69726    0.40466    1.27169
    0.4253     5.85074   31.28499   11.63046    1.35183    0.91222
    2.81206    0.91754    2.17702  179.70082    0.83321    1.37506
    0.6197    32.23587    6.75276    6.10691    0.55357    0.52308
    9.38912    9.15356    5.34939    1.51467   16.25976    5.62271
    2.08586    0.2556   337.21686    9.24641    0.79221    0.87404
    1.55452    1.87552    3.42043    2.43684    1.29667    2.27945
    0.52819    5.19523    2.79593   30.43565   46.51717    4.32267
    7.46207   24.4542   160.45255   34.80064    1.00683    1.18781
    1.9982     4.83461    3.0812     3.4529     0.54045    1.94725
    2.18285    6.85816    4.02321    1.96697   57.06707   14.19689
   17.04037    0.77804    0.1441     0.3172     8.34467   66.7925
   30.65993    5.84658    7.33957    2.63391    4.50083    3.56647
    0.95983    7.89663    5.05527    4.95057   10.32856    4.75407
    2.28739   38.01537    8.40066   14.75675    7.90066    7.18434
   15.45569   45.98165    3.75933    7.83212    0.35817    0.61863
    0.76203    3.04061    1.53223    0.40465    0.19265    1.534
    0.91577    2.14435    0.31439    0.36047    0.32046    0.86391
    1.20936    2.40108    2.35514    0.74961    6.29809    2.94085
    1.30899    0.91169    4.55375    0.83705    4.69417  114.53049
    5.32884   45.08469    2.40523   23.65737   12.56861    1.19122
    0.2223     1.08165    0.55716    8.51093    3.43008    7.54051
    3.79378   96.09734   42.55526 2361.3457    19.63884  939.767  ]
 Track Eta: 
[-1.02547  0.70342  0.32509 -0.16561 -0.15954 -0.3154  -0.25876 -1.78411
 -0.70144 -0.14428  1.72627 -1.65213 -1.27511 -1.33936 -2.08565 -0.34578
 -1.34248  1.61403  1.86421  0.43566  1.18191  0.74579 -1.27724 -0.2149
  0.44579  0.01092  0.71339 -1.95498  1.40333  0.74592  0.7196   0.50515
  0.08876  0.08278 -1.71393  0.05782  0.52613  0.32564  0.31667 -0.65277
 -0.49137 -2.216    0.38144  0.46076  0.41286 -0.22735  0.32683  0.38957
 -1.19478 -1.72562  0.44039  0.43898 -1.29186 -1.32107 -0.96974 -1.18293
  0.31569  0.44242  0.44328  0.01685  1.93517 -0.90931 -0.20678  0.05439
  0.0823   0.79863  0.71295  0.72387  0.47299  0.47163  1.10422 -1.66733
 -1.74687  0.44825  0.67006  1.11034  1.5655   1.10995  0.9552   0.33399
  0.27871  0.43906  0.08006 -0.16244 -0.18753 -0.87481 -2.40123 -2.10803
  0.45335  0.69378  0.69645  0.68768 -0.29631 -0.2197  -0.20834 -0.3232
 -0.18144 -0.2052  -0.24778 -0.26399 -0.22384 -0.94756 -0.74809 -0.1632
  0.37721  0.39611 -0.2913  -0.25598 -0.2632  -0.28759 -0.356   -0.34099
 -1.27225 -1.06296 -0.36516 -0.0603   1.14242  1.08552 -0.29459 -0.74754
  0.72405  0.15656  0.44561 -1.2715   2.30625  1.56495 -0.96483  0.28763
  0.14675  0.46501  0.87918  0.94555  0.57718  1.26368  0.75122  0.62739
  0.74092  0.47346  0.44734  0.46466 -1.8895  -1.92873 -1.93651  1.26726
 -0.59455 -1.29879  0.68802  0.39215  0.27912  0.4035   0.32882  0.08493
  0.081   -0.09683 -1.00861 -0.81815]
 Track Phi: 
[-2.71091 -1.97272 -2.04805  0.2727   0.29126  1.59534  1.48466 -2.64798
 -1.47638  0.30111 -2.69829 -2.49599  0.61338 -0.03528 -1.98557  1.5509
  0.34692 -1.24851 -0.51724 -0.27881 -0.66044 -2.00459  1.32385 -0.57552
 -0.06552 -0.15476 -1.96576 -2.88529 -2.18603 -2.3826  -1.9896  -3.09153
 -2.92108 -0.07435 -1.75444  0.36766 -0.42332 -2.03776 -2.13883 -0.39256
 -0.6303   2.24829 -2.89191 -2.87694 -2.87146  0.02343 -2.05707 -2.06859
 -2.513   -1.96344 -2.867   -2.86664 -0.2637   0.75207 -2.46838 -1.93773
 -1.96985 -1.6421  -2.23572 -2.36272 -0.41033 -2.5388   0.94849 -0.08888
 -0.08141 -2.04541 -1.97219 -1.97079 -2.88223 -2.87503 -2.03071 -2.83286
 -2.75953 -2.20271 -1.95776  2.92987  2.61289 -3.08122  2.62661  3.14018
 -3.0658   2.94914 -0.07453  0.29167  0.28074 -0.49032 -0.82726 -2.45452
 -2.851   -1.99998 -1.99178 -1.99208 -0.33011 -0.40385 -0.44736 -0.36039
 -0.35426 -0.34567 -0.36021 -0.32751 -0.4009  -2.60119 -2.58389  0.28818
 -2.03725 -2.05036  1.51159  1.49392  1.45303  1.50615  1.50198  1.50742
  0.30629  2.27012  0.1001   0.19031  2.81941  2.48454  0.188   -0.71127
  0.71745 -0.06615  0.77356 -1.62321 -1.24735  0.08956 -2.55442 -2.10075
 -2.00543 -1.72401 -2.31949 -2.2427  -2.41697 -0.01264 -1.97069 -1.9906
 -2.05205 -2.88837 -2.87223 -2.88512 -2.71641 -2.79142 -2.80919 -2.0979
 -2.19943 -2.70767 -1.57546 -3.01206 -3.03068  3.13916  3.1179  -0.0782
 -0.07745  1.00888 -2.13435  2.80821]